0 -7.843828201293945
1 -7.681179046630859
2 -8.11329174041748
3 -7.748204708099365
4 -9.064067840576172
5 -9.06404972076416
6 -9.064064979553223
7 -9.064079284667969
8 -9.064055442810059
9 -9.064077377319336
10 -7.91556453704834
11 -7.565914630889893
12 -9.064057350158691
13 -7.657477378845215
14 -9.064078330993652
15 -7.901088237762451
16 -9.064075469970703
17 -7.372864246368408
18 -9.064057350158691
19 -7.6431097984313965
20 -9.064085006713867
21 -7.804846286773682
22 -7.915652751922607
23 -8.113099098205566
24 -9.064090728759766
25 -9.0640869140625
26 -9.064090728759766
27 -7.625268936157227
28 -9.064064979553223
29 -9.064059257507324
30 -7.761691093444824
31 -7.517226219177246
32 -7.355550289154053
33 -7.802560329437256
34 -7.5749359130859375
35 -9.064077377319336
36 -7.632080078125
37 -9.064059257507324
38 -9.064065933227539
39 -9.064078330993652
40 -9.064040184020996
41 -7.8647942543029785
42 -9.064083099365234
43 -7.606439590454102
44 -9.064061164855957
45 -9.064075469970703
46 -7.64527702331543
47 -9.064085960388184
48 -7.804876327514648
49 -9.064038276672363
50 -8.060044288635254
51 -7.673715591430664
52 -7.514396667480469
53 -9.0640869140625
54 -7.903000354766846
55 -7.600411891937256
56 -9.064074516296387
57 -7.804872512817383
58 -9.064081192016602
59 -9.064071655273438
60 -9.06407356262207
61 -9.06403923034668
62 -7.837896823883057
63 -9.064081192016602
64 -9.064058303833008
65 -9.0640869140625
66 -9.06405258178711
67 -9.064077377319336
68 -9.064071655273438
69 -9.064051628112793
70 -7.864808559417725
71 -9.064058303833008
72 -9.0640869140625
73 -9.064061164855957
74 -7.761661529541016
75 -9.064057350158691
76 -9.064083099365234
77 -9.06406307220459
78 -9.064079284667969
79 -7.837819576263428
80 -7.80487060546875
81 -9.064077377319336
82 -9.064045906066895
83 -7.606498718261719
84 -9.064081192016602
85 -9.064081192016602
86 -7.646296501159668
87 -9.064061164855957
88 -9.064081192016602
89 -9.06407356262207
90 -9.064081192016602
91 -7.60222864151001
92 -7.671999931335449
93 -9.06404972076416
94 -9.064038276672363
95 -9.064038276672363
96 -7.690718173980713
97 -9.064074516296387
98 -9.06408405303955
99 -9.064087867736816
100 -7.914699554443359
101 -9.064085006713867
102 -8.112913131713867
103 -9.064090728759766
104 -9.064079284667969
105 -9.064090728759766
106 -7.802557945251465
107 -9.064082145690918
108 -7.613250732421875
109 -7.355895519256592
110 -7.905391693115234
111 -7.802468776702881
112 -7.6073808670043945
113 -9.064083099365234
114 -9.06404972076416
115 -7.998495578765869
116 -9.064085006713867
117 -9.064065933227539
118 -7.897780895233154
119 -7.83784818649292
120 -9.064051628112793
121 -9.06406021118164
122 -7.645228385925293
123 -9.064064025878906
124 -7.8026442527771
125 -9.064083099365234
126 -9.06407642364502
127 -7.515880584716797
128 -7.90541410446167
129 -7.63670015335083
130 -7.985717296600342
131 -9.064077377319336
132 -7.738161087036133
133 -8.108925819396973
134 -9.064090728759766
135 -9.064083099365234
136 -9.064082145690918
137 -8.11329460144043
138 -8.060047149658203
139 -9.064053535461426
140 -9.064051628112793
141 -9.06408405303955
142 -9.064077377319336
143 -7.837895393371582
144 -9.064088821411133
145 -7.494157314300537
146 -7.915645599365234
147 -8.113299369812012
148 -9.064080238342285
149 -9.06408405303955
150 -7.904629230499268
151 -7.804866790771484
152 -9.064055442810059
153 -8.113279342651367
154 -9.064057350158691
155 -9.064085960388184
156 -9.064085006713867
157 -9.064047813415527
158 -9.06407356262207
159 -9.064071655273438
160 -9.064087867736816
161 -9.064085960388184
162 -9.064074516296387
163 -7.734138488769531
164 -9.06408405303955
165 -7.9842729568481445
166 -9.064078330993652
167 -7.734063148498535
168 -9.064078330993652
169 -9.064062118530273
170 -7.125436782836914
171 -9.064075469970703
172 -7.732752799987793
173 -9.064082145690918
174 -7.804855823516846
175 -7.6720356941223145
176 -9.064079284667969
177 -9.064064025878906
178 -8.05795669555664
179 -7.902868747711182
180 -9.064079284667969
181 -7.717778205871582
182 -9.064043045043945
183 -7.837899684906006
184 -9.064083099365234
185 -7.606905460357666
186 -7.905395030975342
187 -9.064074516296387
188 -7.902987480163574
189 -9.06408977508545
190 -9.064070701599121
191 -7.623396873474121
192 -7.402469635009766
193 -9.064078330993652
194 -9.06407356262207
195 -7.650428771972656
196 -9.064090728759766
197 -7.902383804321289
198 -9.064083099365234
199 -9.059550285339355
200 -9.064087867736816
201 -8.05622673034668
202 -9.064090728759766
203 -7.636760711669922
204 -7.748132228851318
205 -9.06408405303955
206 -7.915660381317139
207 -9.064066886901855
208 -9.064082145690918
209 -9.063944816589355
210 -7.872628211975098
211 -7.804877758026123
212 -7.263395309448242
213 -9.06407642364502
214 -8.060039520263672
215 -9.06408405303955
216 -9.064080238342285
217 -7.626004695892334
218 -9.064079284667969
219 -9.064080238342285
220 -7.992471694946289
221 -7.658949375152588
222 -9.064064025878906
223 -9.06408405303955
224 -8.11329460144043
225 -8.060049057006836
226 -9.064078330993652
227 -7.355669975280762
228 -7.415102005004883
229 -7.707248210906982
230 -9.064085006713867
231 -7.902989864349365
232 -9.064055442810059
233 -9.064064025878906
234 -9.06408977508545
235 -7.619534969329834
236 -9.064077377319336
237 -7.707289695739746
238 -7.661634922027588
239 -9.064080238342285
240 -7.798724174499512
241 -9.064064979553223
242 -9.064055442810059
243 -7.804876804351807
244 -9.064081192016602
245 -9.064065933227539
246 -7.5235490798950195
247 -9.064048767089844
248 -9.0640869140625
249 -8.0079927444458
250 -9.064081192016602
251 -9.064042091369629
252 -9.064075469970703
253 -7.714585304260254
254 -7.606118679046631
255 -9.064051628112793
256 -7.648575782775879
257 -7.648914337158203
258 -9.064055442810059
259 -7.67147159576416
260 -7.864799499511719
261 -9.06407642364502
262 -9.06404972076416
263 -7.802615165710449
264 -9.063726425170898
265 -9.064054489135742
266 -7.478652000427246
267 -9.064071655273438
268 -9.050477027893066
269 -7.60618782043457
270 -9.064090728759766
271 -7.905375957489014
272 -9.064078330993652
273 -9.064064979553223
274 -7.612545967102051
275 -7.798701763153076
276 -9.064078330993652
277 -9.064075469970703
278 -9.064082145690918
279 -8.113287925720215
280 -8.113299369812012
281 -7.947162628173828
282 -9.064081192016602
283 -9.064081192016602
284 -9.06408977508545
285 -7.86480188369751
286 -8.060051918029785
287 -9.064080238342285
288 -7.837934970855713
289 -9.064081192016602
290 -7.424092769622803
291 -9.064077377319336
292 -7.798355579376221
293 -7.865987300872803
294 -9.064077377319336
295 -9.064080238342285
296 -9.064078330993652
297 -9.06408977508545
298 -7.9045281410217285
299 -9.06407642364502
300 -9.064085006713867
301 -7.606512069702148
302 -7.738175868988037
303 -7.681185722351074
304 -9.0640869140625
305 -9.064059257507324
306 -9.064085960388184
307 -7.837852954864502
308 -9.064072608947754
309 -9.064053535461426
310 -8.112701416015625
311 -9.048357009887695
312 -7.779994010925293
313 -7.670734405517578
314 -9.064068794250488
315 -7.798393249511719
316 -9.06408405303955
317 -9.064077377319336
318 -7.592720985412598
319 -7.643153190612793
320 -9.064075469970703
321 -9.064079284667969
322 -9.064078330993652
323 -7.905326843261719
324 -7.721113204956055
325 -9.064072608947754
326 -9.064078330993652
327 -9.06407356262207
328 -7.899111747741699
329 -8.2656888961792
330 -9.064077377319336
331 -7.963734149932861
332 -9.064083099365234
333 -7.6756181716918945
334 -9.064077377319336
335 -9.064059257507324
336 -7.999023914337158
337 -7.779724597930908
338 -9.064090728759766
339 -9.064087867736816
340 -7.475028991699219
341 -9.064059257507324
342 -9.064090728759766
343 -9.064068794250488
344 -8.06005859375
345 -9.064042091369629
346 -7.415100574493408
347 -9.064077377319336
348 -9.064055442810059
349 -9.064064025878906
350 -7.915666103363037
351 -7.707289695739746
352 -7.798727035522461
353 -9.064041137695312
354 -7.529000282287598
355 -9.064090728759766
356 -9.064085006713867
357 -7.739043235778809
358 -7.60648250579834
359 -7.802589416503906
360 -9.06408977508545
361 -9.064069747924805
362 -7.779994010925293
363 -8.060063362121582
364 -7.798736095428467
365 -9.064068794250488
366 -9.064041137695312
367 -9.06406021118164
368 -9.064085960388184
369 -9.064082145690918
370 -7.475471019744873
371 -9.064080238342285
372 -9.064081192016602
373 -7.804863929748535
374 -7.902416706085205
375 -9.064079284667969
376 -7.7799835205078125
377 -9.06407642364502
378 -9.06405258178711
379 -9.064090728759766
380 -7.657487869262695
381 -9.064081192016602
382 -9.064077377319336
383 -9.064024925231934
384 -9.064077377319336
385 -9.064079284667969
386 -9.064091682434082
387 -9.064053535461426
388 -9.064081192016602
389 -9.064079284667969
390 -9.064075469970703
391 -7.864807605743408
392 -7.549506664276123
393 -9.064087867736816
394 -7.5882697105407715
395 -7.331730365753174
396 -9.064066886901855
397 -9.064075469970703
398 -7.636759281158447
399 -7.500689506530762
400 -9.064078330993652
401 -7.464633464813232
402 -7.903021812438965
403 -7.623447418212891
404 -7.566949367523193
405 -9.064066886901855
406 -8.06004524230957
407 -9.064071655273438
408 -9.064045906066895
409 -7.581019401550293
410 -7.643416881561279
411 -7.424459934234619
412 -9.064059257507324
413 -9.064085006713867
414 -7.58671236038208
415 -9.064056396484375
416 -7.649413108825684
417 -7.86478328704834
418 -9.064053535461426
419 -7.804883003234863
420 -8.113289833068848
421 -7.480405807495117
422 -8.060053825378418
423 -9.064058303833008
424 -9.0640869140625
425 -8.11329460144043
426 -9.064083099365234
427 -9.064081192016602
428 -9.064074516296387
429 -9.06407642364502
430 -7.798743724822998
431 -9.064075469970703
432 -9.06407642364502
433 -7.837886810302734
434 -7.676932334899902
435 -9.064081192016602
436 -9.064083099365234
437 -9.064064979553223
438 -9.064083099365234
439 -8.059993743896484
440 -9.064075469970703
441 -9.064080238342285
442 -9.064080238342285
443 -9.064070701599121
444 -9.064083099365234
445 -7.611096382141113
446 -9.06407642364502
447 -9.06407642364502
448 -9.064080238342285
449 -7.899065971374512
450 -9.064077377319336
451 -9.064061164855957
452 -9.064071655273438
453 -9.064075469970703
454 -9.064055442810059
455 -7.632691860198975
456 -9.064083099365234
457 -7.804872989654541
458 -9.06408405303955
459 -9.064081192016602
460 -9.064062118530273
461 -9.0640869140625
462 -8.05069351196289
463 -9.064064979553223
464 -9.0640869140625
465 -7.455013751983643
466 -7.8643388748168945
467 -9.064075469970703
468 -9.064070701599121
469 -7.904526710510254
470 -9.064079284667969
471 -7.708888530731201
472 -9.064057350158691
473 -9.064090728759766
474 -7.864797115325928
475 -7.473825931549072
476 -9.064083099365234
477 -7.846217632293701
478 -9.064078330993652
479 -9.064078330993652
480 -7.636775970458984
481 -7.779997825622559
482 -9.064072608947754
483 -7.671980857849121
484 -9.064080238342285
485 -9.064066886901855
486 -9.06408405303955
487 -9.064068794250488
488 -9.064080238342285
489 -9.064061164855957
490 -9.064058303833008
491 -7.475956439971924
492 -9.06407356262207
493 -9.064085006713867
494 -7.73819637298584
495 -9.064085006713867
496 -9.064081192016602
497 -9.064079284667969
498 -7.671931266784668
499 -7.630890369415283
500 -7.746179580688477
501 -7.9470906257629395
502 -7.659731864929199
503 -7.798728942871094
504 -7.738190174102783
505 -9.0640869140625
506 -9.064079284667969
507 -7.552823066711426
508 -7.864796161651611
509 -9.064087867736816
510 -9.064058303833008
511 -9.064064025878906
512 -7.782860279083252
513 -9.06407642364502
514 -9.06408977508545
515 -9.064077377319336
516 -9.064085006713867
517 -7.73974609375
518 -9.064082145690918
519 -9.064061164855957
520 -9.064079284667969
521 -9.064078330993652
522 -7.734161376953125
523 -9.064090728759766
524 -9.064037322998047
525 -9.064075469970703
526 -9.064083099365234
527 -9.064077377319336
528 -7.802648067474365
529 -7.661718368530273
530 -9.064078330993652
531 -7.7407636642456055
532 -9.064067840576172
533 -9.064087867736816
534 -9.064067840576172
535 -7.407414436340332
536 -9.064065933227539
537 -9.064077377319336
538 -7.657478332519531
539 -7.899746894836426
540 -8.06006145477295
541 -7.509296417236328
542 -7.902453422546387
543 -9.064051628112793
544 -9.064078330993652
545 -9.064075469970703
546 -7.316534042358398
547 -9.064083099365234
548 -9.064081192016602
549 -7.606483459472656
550 -9.064085006713867
551 -9.064044952392578
552 -7.988059043884277
553 -7.9015607833862305
554 -9.064038276672363
555 -7.798742294311523
556 -9.06408405303955
557 -7.569624900817871
558 -7.565859794616699
559 -9.064079284667969
560 -7.5989861488342285
561 -9.064064979553223
562 -7.837906360626221
563 -9.064062118530273
564 -7.6452484130859375
565 -9.064077377319336
566 -9.064081192016602
567 -9.064083099365234
568 -9.06408405303955
569 -9.064085006713867
570 -7.8643364906311035
571 -9.064069747924805
572 -9.064080238342285
573 -9.064074516296387
574 -7.624412536621094
575 -9.064082145690918
576 -9.007216453552246
577 -7.717775821685791
578 -9.06408405303955
579 -9.063861846923828
580 -9.064068794250488
581 -9.063800811767578
582 -9.064069747924805
583 -9.064066886901855
584 -7.688300609588623
585 -7.415094375610352
586 -9.064083099365234
587 -7.710684299468994
588 -9.064070701599121
589 -9.064078330993652
590 -7.40737247467041
591 -9.064085006713867
592 -9.06408405303955
593 -9.064056396484375
594 -7.86478853225708
595 -8.060014724731445
596 -9.06407356262207
597 -9.06408977508545
598 -7.645272731781006
599 -7.627407073974609
600 -7.602324485778809
601 -9.064077377319336
602 -7.648934841156006
603 -9.064085006713867
604 -9.064080238342285
605 -8.060041427612305
606 -7.513111114501953
607 -9.06408405303955
608 -7.802638053894043
609 -9.064083099365234
610 -7.864803314208984
611 -9.064046859741211
612 -7.606509208679199
613 -7.905424118041992
614 -7.621894836425781
615 -7.606176853179932
616 -7.7072882652282715
617 -7.721982002258301
618 -9.06407642364502
619 -9.064072608947754
620 -9.064081192016602
621 -9.0640869140625
622 -9.064080238342285
623 -9.063291549682617
624 -7.904669284820557
625 -9.064051628112793
626 -9.06406307220459
627 -9.064053535461426
628 -9.064079284667969
629 -7.540705680847168
630 -9.064047813415527
631 -9.064090728759766
632 -9.064050674438477
633 -9.06407642364502
634 -7.780001640319824
635 -7.437460422515869
636 -9.064071655273438
637 -7.780004501342773
638 -9.064085006713867
639 -9.064061164855957
640 -7.606481552124023
641 -7.739762306213379
642 -9.064062118530273
643 -8.113288879394531
644 -9.06407642364502
645 -9.064074516296387
646 -9.064087867736816
647 -9.064041137695312
648 -7.613253116607666
649 -9.064071655273438
650 -9.064041137695312
651 -9.064080238342285
652 -9.064074516296387
653 -9.064090728759766
654 -7.424095153808594
655 -8.113296508789062
656 -7.587979793548584
657 -9.064070701599121
658 -9.064069747924805
659 -7.905401706695557
660 -7.738192558288574
661 -7.1734209060668945
662 -9.064075469970703
663 -7.4241042137146
664 -9.064071655273438
665 -9.064077377319336
666 -9.064057350158691
667 -9.064061164855957
668 -9.064051628112793
669 -7.802645206451416
670 -9.064046859741211
671 -7.675630569458008
672 -9.06406307220459
673 -9.064088821411133
674 -7.188174247741699
675 -8.059810638427734
676 -8.113097190856934
677 -9.064088821411133
678 -9.064069747924805
679 -7.445317268371582
680 -7.732748031616211
681 -7.804880619049072
682 -9.06405258178711
683 -7.520367622375488
684 -7.548515319824219
685 -9.06407356262207
686 -9.064061164855957
687 -9.064085006713867
688 -9.064075469970703
689 -7.79872989654541
690 -7.798730373382568
691 -7.864806652069092
692 -7.761685371398926
693 -9.064050674438477
694 -9.064048767089844
695 -9.064066886901855
696 -9.06406307220459
697 -9.064088821411133
698 -7.7965087890625
699 -7.4762959480285645
700 -7.9156599044799805
701 -9.064082145690918
702 -7.864792823791504
703 -9.064062118530273
704 -9.064065933227539
705 -9.064082145690918
706 -7.674320697784424
707 -9.064069747924805
708 -7.401086330413818
709 -9.064079284667969
710 -7.804832935333252
711 -9.064083099365234
712 -7.627435684204102
713 -9.064071655273438
714 -9.064080238342285
715 -7.722002029418945
716 -9.06406021118164
717 -7.837845325469971
718 -7.798732280731201
719 -9.064075469970703
720 -9.064090728759766
721 -9.064085006713867
722 -9.064081192016602
723 -9.064075469970703
724 -9.064080238342285
725 -7.80485725402832
726 -7.63402795791626
727 -9.063899993896484
728 -7.49471378326416
729 -8.060056686401367
730 -9.064071655273438
731 -7.636755466461182
732 -9.064067840576172
733 -9.064071655273438
734 -9.064053535461426
735 -7.602298736572266
736 -9.064045906066895
737 -9.064067840576172
738 -9.064085006713867
739 -9.064074516296387
740 -9.064078330993652
741 -7.587954044342041
742 -7.5203657150268555
743 -9.064081192016602
744 -7.63674259185791
745 -7.566948890686035
746 -9.064046859741211
747 -9.064083099365234
748 -9.064043045043945
749 -7.587996959686279
750 -7.683728218078613
751 -9.064061164855957
752 -9.064065933227539
753 -9.064082145690918
754 -9.064081192016602
755 -9.064082145690918
756 -7.3506550788879395
757 -7.461930751800537
758 -7.798745632171631
759 -9.064083099365234
760 -9.064080238342285
761 -9.064070701599121
762 -9.064090728759766
763 -8.060046195983887
764 -7.3706889152526855
765 -7.844487190246582
766 -7.707279682159424
767 -9.064079284667969
768 -9.064068794250488
769 -7.415096759796143
770 -7.676856517791748
771 -7.798731327056885
772 -9.06406021118164
773 -9.064068794250488
774 -9.064053535461426
775 -9.064035415649414
776 -9.064046859741211
777 -9.064090728759766
778 -9.064087867736816
779 -9.06407642364502
780 -9.064048767089844
781 -9.0640869140625
782 -9.064075469970703
783 -9.06407356262207
784 -9.064080238342285
785 -7.5933427810668945
786 -7.802553653717041
787 -9.064061164855957
788 -9.064085960388184
789 -9.064046859741211
790 -7.837930202484131
791 -7.864800930023193
792 -9.064070701599121
793 -7.915640830993652
794 -9.064061164855957
795 -9.064043045043945
796 -9.064080238342285
797 -8.11329174041748
798 -7.837912559509277
799 -9.064071655273438
800 -7.739750385284424
801 -9.064090728759766
802 -9.064067840576172
803 -8.113296508789062
804 -8.113292694091797
805 -9.064072608947754
806 -9.064085960388184
807 -9.064061164855957
808 -9.064062118530273
809 -9.064079284667969
810 -9.064082145690918
811 -7.615073204040527
812 -7.782716274261475
813 -7.424107074737549
814 -9.064053535461426
815 -9.064013481140137
816 -9.064050674438477
817 -7.802534580230713
818 -9.06407356262207
819 -7.8378825187683105
820 -8.059917449951172
821 -9.064050674438477
822 -7.415092468261719
823 -7.905386447906494
824 -9.064087867736816
825 -7.669222831726074
826 -9.064078330993652
827 -7.83781623840332
828 -9.06408405303955
829 -9.064081192016602
830 -9.064042091369629
831 -7.7609639167785645
832 -7.673146724700928
833 -8.06005573272705
834 -9.06408405303955
835 -9.06408405303955
836 -7.707245349884033
837 -9.064079284667969
838 -9.064083099365234
839 -7.606463432312012
840 -9.064067840576172
841 -7.804871082305908
842 -9.064088821411133
843 -9.06408977508545
844 -9.0640869140625
845 -7.899111747741699
846 -9.045879364013672
847 -9.06403923034668
848 -9.064082145690918
849 -9.064030647277832
850 -8.095182418823242
851 -7.6618332862854
852 -7.519686698913574
853 -7.748067378997803
854 -9.064066886901855
855 -9.064082145690918
856 -9.064070701599121
857 -7.804882049560547
858 -9.06407642364502
859 -7.376626014709473
860 -9.064078330993652
861 -7.711920738220215
862 -7.721996784210205
863 -7.481528282165527
864 -7.864799499511719
865 -9.064083099365234
866 -7.864805221557617
867 -9.064083099365234
868 -9.064077377319336
869 -9.064064979553223
870 -9.064079284667969
871 -9.064057350158691
872 -9.064083099365234
873 -7.864799976348877
874 -9.064043045043945
875 -9.064072608947754
876 -7.566949844360352
877 -9.0640869140625
878 -7.5571746826171875
879 -7.748237133026123
880 -9.064081192016602
881 -9.064081192016602
882 -9.064054489135742
883 -9.06408977508545
884 -9.064082145690918
885 -9.064085960388184
886 -7.837809085845947
887 -9.06406307220459
888 -9.0640869140625
889 -7.804877281188965
890 -9.06407642364502
891 -9.064058303833008
892 -7.585292816162109
893 -9.064051628112793
894 -9.064085006713867
895 -9.064058303833008
896 -9.064075469970703
897 -9.064085006713867
898 -7.546507358551025
899 -9.064083099365234
900 -9.064069747924805
901 -9.064077377319336
902 -7.586674213409424
903 -9.064051628112793
904 -9.064062118530273
905 -9.064074516296387
906 -7.796943664550781
907 -9.064081192016602
908 -9.064069747924805
909 -9.064061164855957
910 -9.064083099365234
911 -9.064067840576172
912 -9.064068794250488
913 -9.064083099365234
914 -9.064090728759766
915 -7.585292339324951
916 -7.514400482177734
917 -9.06407642364502
918 -7.675623416900635
919 -7.915644645690918
920 -9.064078330993652
921 -7.274507522583008
922 -9.064064025878906
923 -9.06407356262207
924 -9.064070701599121
925 -9.064077377319336
926 -9.064051628112793
927 -7.624539375305176
928 -9.064064025878906
929 -9.064056396484375
930 -9.064069747924805
931 -7.804867744445801
932 -8.060062408447266
933 -7.671985626220703
934 -9.064059257507324
935 -9.06406307220459
936 -9.064057350158691
937 -7.714973449707031
938 -9.064070701599121
939 -9.064054489135742
940 -7.170507431030273
941 -9.06408405303955
942 -9.064078330993652
943 -7.8025407791137695
944 -7.481402397155762
945 -8.059173583984375
946 -7.4953436851501465
947 -9.064090728759766
948 -9.064079284667969
949 -7.798740386962891
950 -7.998442649841309
951 -9.06405258178711
952 -7.864796161651611
953 -9.064059257507324
954 -9.064090728759766
955 -7.9024224281311035
956 -7.802511215209961
957 -9.064082145690918
958 -9.06408405303955
959 -7.734130382537842
960 -9.06406021118164
961 -9.064078330993652
962 -7.915648460388184
963 -7.511360168457031
964 -9.064064025878906
965 -9.064031600952148
966 -9.064045906066895
967 -7.864776134490967
968 -9.064082145690918
969 -9.064083099365234
970 -9.06407356262207
971 -9.064085960388184
972 -7.415102481842041
973 -9.064047813415527
974 -7.6360182762146
975 -7.6064910888671875
976 -9.064079284667969
977 -7.566948890686035
978 -9.064065933227539
979 -9.06408405303955
980 -9.064045906066895
981 -7.798699378967285
982 -9.064066886901855
983 -9.064085960388184
984 -9.064077377319336
985 -8.060057640075684
986 -8.008020401000977
987 -9.06406021118164
988 -7.673882007598877
989 -9.064079284667969
990 -9.0640869140625
991 -7.779997825622559
992 -7.580325126647949
993 -9.06403923034668
994 -9.06408977508545
995 -8.113272666931152
996 -9.064080238342285
997 -7.8026442527771
998 -7.804873943328857
999 -7.804867267608643
