0 -5.497491836547852
1 -5.349675178527832
2 -5.77330207824707
3 -5.211936950683594
4 -5.674320697784424
5 -6.432069301605225
6 -6.597751617431641
7 -6.878775596618652
8 -6.11155891418457
9 -6.498549938201904
10 -7.441887855529785
11 -6.087325096130371
12 -8.597073554992676
13 -6.617531776428223
14 -5.968487739562988
15 -6.415576934814453
16 -9.064090728759766
17 -7.29743766784668
18 -6.677326202392578
19 -6.5113019943237305
20 -6.6345133781433105
21 -6.148033142089844
22 -6.530690670013428
23 -6.737411022186279
24 -8.913785934448242
25 -8.867594718933105
26 -6.1614179611206055
27 -6.369195938110352
28 -6.6038923263549805
29 -9.028512954711914
30 -6.272603511810303
31 -6.485175609588623
32 -7.7793684005737305
33 -6.1305437088012695
34 -6.899506568908691
35 -6.922077655792236
36 -6.8451690673828125
37 -7.004236698150635
38 -6.1566362380981445
39 -6.39994478225708
40 -6.890552520751953
41 -7.376164436340332
42 -6.724710941314697
43 -7.019472122192383
44 -6.483715057373047
45 -8.679664611816406
46 -6.315208435058594
47 -6.44979190826416
48 -6.753367900848389
49 -5.918521881103516
50 -6.708103179931641
51 -6.826358795166016
52 -6.494194984436035
53 -6.8365960121154785
54 -6.5477519035339355
55 -6.979589462280273
56 -7.175634384155273
57 -6.769756317138672
58 -6.944766044616699
59 -5.820121765136719
60 -7.117546081542969
61 -6.078497886657715
62 -6.304001808166504
63 -7.291694164276123
64 -8.46070671081543
65 -7.189925193786621
66 -7.508030414581299
67 -7.491096496582031
68 -6.844415664672852
69 -7.1074137687683105
70 -6.123509407043457
71 -9.064090728759766
72 -6.5939130783081055
73 -6.197288513183594
74 -6.329657554626465
75 -7.933740615844727
76 -8.80443000793457
77 -6.372158050537109
78 -6.481426239013672
79 -6.5280561447143555
80 -7.067975044250488
81 -8.696724891662598
82 -6.355489253997803
83 -5.719717979431152
84 -6.508455753326416
85 -7.388487339019775
86 -7.937469482421875
87 -6.231892108917236
88 -8.650312423706055
89 -6.483153343200684
90 -8.823471069335938
91 -6.161363124847412
92 -7.079289436340332
93 -6.952733039855957
94 -6.2182135581970215
95 -6.826251029968262
96 -7.131189346313477
97 -6.3376359939575195
98 -8.808907508850098
99 -6.334024906158447
100 -8.769474983215332
101 -6.380515098571777
102 -6.131806373596191
103 -6.737020492553711
104 -6.402600288391113
105 -6.5934648513793945
106 -6.400493621826172
107 -5.771165370941162
108 -6.0267534255981445
109 -7.3225603103637695
110 -6.705893516540527
111 -6.090976238250732
112 -6.990649223327637
113 -6.530641078948975
114 -6.203967094421387
115 -7.227989673614502
116 -7.013002395629883
117 -5.678639888763428
118 -9.064090728759766
119 -8.131735801696777
120 -8.95196533203125
121 -7.167086601257324
122 -8.395366668701172
123 -6.315647125244141
124 -8.22134780883789
125 -9.064090728759766
126 -5.969332218170166
127 -9.06408977508545
128 -7.9494733810424805
129 -6.07085657119751
130 -8.478767395019531
131 -6.467648506164551
132 -6.413591384887695
133 -6.556262016296387
134 -7.049215316772461
135 -7.327981948852539
136 -8.923090934753418
137 -6.342851161956787
138 -9.052787780761719
139 -8.185225486755371
140 -6.351490497589111
141 -8.469265937805176
142 -9.008831977844238
143 -7.3743062019348145
144 -6.342621803283691
145 -6.297229766845703
146 -7.268301010131836
147 -6.478278160095215
148 -6.1139984130859375
149 -6.631244659423828
150 -6.08637809753418
151 -6.706777572631836
152 -9.064090728759766
153 -7.726084232330322
154 -9.025096893310547
155 -7.996371269226074
156 -6.549465179443359
157 -6.975118637084961
158 -7.083239555358887
159 -7.064397811889648
160 -6.729073524475098
161 -6.7175092697143555
162 -9.012460708618164
163 -6.942612648010254
164 -6.991970539093018
165 -6.030136585235596
166 -6.338886260986328
167 -6.0187153816223145
168 -8.807878494262695
169 -6.104089736938477
170 -6.350062370300293
171 -7.240870475769043
172 -6.399867057800293
173 -6.640683174133301
174 -9.064090728759766
175 -6.641012191772461
176 -6.674991607666016
177 -6.465527534484863
178 -6.1536641120910645
179 -6.853672504425049
180 -6.3309831619262695
181 -6.337675094604492
182 -6.829374313354492
183 -6.183132171630859
184 -5.5839738845825195
185 -6.567608833312988
186 -6.226198673248291
187 -5.93168830871582
188 -6.418441295623779
189 -6.101856231689453
190 -6.494843006134033
191 -6.69441032409668
192 -6.459652423858643
193 -7.109511852264404
194 -8.686145782470703
195 -6.219316482543945
196 -7.926137447357178
197 -7.0059356689453125
198 -6.584701061248779
199 -6.389599323272705
200 -7.5135602951049805
201 -6.322299003601074
202 -7.456976890563965
203 -6.022010326385498
204 -6.53875207901001
205 -6.3896803855896
206 -7.7113213539123535
207 -6.408364295959473
208 -7.633370399475098
209 -6.540928840637207
210 -6.209057807922363
211 -7.773104667663574
212 -6.503312110900879
213 -6.529040813446045
214 -6.465213298797607
215 -8.308064460754395
216 -7.391520977020264
217 -6.480458736419678
218 -6.899405002593994
219 -6.463994979858398
220 -9.02056884765625
221 -9.064091682434082
222 -7.940213680267334
223 -8.610429763793945
224 -6.48959493637085
225 -5.97891902923584
226 -6.6518120765686035
227 -6.7098517417907715
228 -6.186664581298828
229 -7.957425594329834
230 -7.17591667175293
231 -6.41282844543457
232 -6.192404747009277
233 -7.851149082183838
234 -6.786001682281494
235 -6.37791633605957
236 -6.404516220092773
237 -8.659128189086914
238 -6.297024250030518
239 -6.136466026306152
240 -7.292369365692139
241 -6.8277177810668945
242 -7.443691730499268
243 -6.0943474769592285
244 -8.967376708984375
245 -6.716038703918457
246 -6.145509719848633
247 -6.100872993469238
248 -6.82842493057251
249 -6.432889938354492
250 -6.696619033813477
251 -6.753859996795654
252 -6.008510589599609
253 -7.309258460998535
254 -6.084715843200684
255 -7.477807521820068
256 -6.180676460266113
257 -6.699957847595215
258 -7.53862190246582
259 -7.661737442016602
260 -6.326122283935547
261 -8.73592472076416
262 -7.660411834716797
263 -7.924197196960449
264 -5.361835956573486
265 -6.335267543792725
266 -7.806735038757324
267 -6.71322774887085
268 -9.016101837158203
269 -6.335269927978516
270 -6.267888069152832
271 -6.6547651290893555
272 -7.984532833099365
273 -6.411977767944336
274 -6.663885593414307
275 -6.455560684204102
276 -6.944564342498779
277 -6.586994171142578
278 -7.4636664390563965
279 -7.922149181365967
280 -6.670033931732178
281 -6.345108985900879
282 -6.587029457092285
283 -5.767475128173828
284 -6.715852737426758
285 -6.985977649688721
286 -7.064288139343262
287 -7.621102333068848
288 -7.871469020843506
289 -8.849830627441406
290 -6.592905521392822
291 -6.385244369506836
292 -6.387893199920654
293 -7.12957763671875
294 -7.151779651641846
295 -6.529688358306885
296 -8.051132202148438
297 -6.927337169647217
298 -6.659265041351318
299 -8.378600120544434
300 -6.539704322814941
301 -7.819005489349365
302 -6.583358287811279
303 -7.3125152587890625
304 -6.5599846839904785
305 -6.0039753913879395
306 -6.412402629852295
307 -8.937891960144043
308 -7.486751556396484
309 -6.0894670486450195
310 -6.277775764465332
311 -6.018128395080566
312 -6.494876384735107
313 -8.05375862121582
314 -6.897233486175537
315 -6.195705413818359
316 -6.62536096572876
317 -9.064090728759766
318 -6.861633777618408
319 -6.521897792816162
320 -6.827531814575195
321 -9.064090728759766
322 -6.672632217407227
323 -7.342935562133789
324 -9.064091682434082
325 -6.807467460632324
326 -8.635066986083984
327 -6.253509521484375
328 -7.745835304260254
329 -6.729402542114258
330 -7.025197505950928
331 -7.256833553314209
332 -6.22187614440918
333 -6.671911239624023
334 -8.51053237915039
335 -8.944397926330566
336 -7.403711318969727
337 -6.204583644866943
338 -6.249637603759766
339 -6.799930095672607
340 -6.981192111968994
341 -8.539483070373535
342 -6.46429967880249
343 -6.552562713623047
344 -6.668727874755859
345 -6.663660049438477
346 -9.064090728759766
347 -8.658329963684082
348 -6.55980110168457
349 -7.0101637840271
350 -6.821446418762207
351 -6.46590518951416
352 -7.7572808265686035
353 -6.972869873046875
354 -8.495498657226562
355 -8.625346183776855
356 -6.417697906494141
357 -7.04852294921875
358 -7.912676811218262
359 -6.327895164489746
360 -7.933536529541016
361 -6.900146484375
362 -5.8674635887146
363 -7.237017631530762
364 -6.763660430908203
365 -6.287124156951904
366 -6.2177348136901855
367 -6.227046012878418
368 -6.154165744781494
369 -6.156637191772461
370 -6.800992965698242
371 -6.129939079284668
372 -6.108863830566406
373 -7.4818010330200195
374 -7.3213934898376465
375 -7.137552738189697
376 -8.350050926208496
377 -6.450990200042725
378 -6.503975868225098
379 -6.026037216186523
380 -5.973978042602539
381 -8.5547513961792
382 -7.043238639831543
383 -9.021465301513672
384 -6.7506303787231445
385 -6.387190818786621
386 -6.6102614402771
387 -8.060253143310547
388 -6.06773567199707
389 -6.71754789352417
390 -7.1976752281188965
391 -7.070588111877441
392 -9.064090728759766
393 -8.696640968322754
394 -6.338021278381348
395 -6.800716876983643
396 -7.880507469177246
397 -6.783046722412109
398 -6.996898651123047
399 -9.064090728759766
400 -7.36433744430542
401 -6.556353569030762
402 -9.028005599975586
403 -6.590732574462891
404 -8.932801246643066
405 -7.885129928588867
406 -6.2680583000183105
407 -5.663932800292969
408 -8.039575576782227
409 -5.969717979431152
410 -6.768707752227783
411 -7.593476295471191
412 -5.8421711921691895
413 -6.337174892425537
414 -6.541790962219238
415 -6.598618507385254
416 -6.219029426574707
417 -7.33298397064209
418 -6.226645469665527
419 -6.570613384246826
420 -6.2616286277771
421 -6.579110145568848
422 -7.303873062133789
423 -6.174863815307617
424 -6.524014949798584
425 -6.4793806076049805
426 -6.471851825714111
427 -6.31235408782959
428 -6.026708602905273
429 -7.5548858642578125
430 -6.523340702056885
431 -6.735291481018066
432 -6.001859664916992
433 -6.6560258865356445
434 -6.3355793952941895
435 -8.70987319946289
436 -6.145479679107666
437 -6.22743558883667
438 -6.716676235198975
439 -6.795735836029053
440 -6.754433631896973
441 -7.177605152130127
442 -8.86565113067627
443 -6.793323516845703
444 -7.237435340881348
445 -8.773945808410645
446 -6.310671806335449
447 -7.090054988861084
448 -9.064090728759766
449 -6.280353546142578
450 -9.064090728759766
451 -6.212227821350098
452 -6.908512115478516
453 -6.482223033905029
454 -6.442530155181885
455 -6.310589790344238
456 -7.97398567199707
457 -6.464448928833008
458 -9.06408977508545
459 -6.9778547286987305
460 -7.607898235321045
461 -8.98069953918457
462 -8.53981876373291
463 -6.09433650970459
464 -9.064090728759766
465 -6.157485008239746
466 -6.97959041595459
467 -7.175537109375
468 -7.386996746063232
469 -7.0039448738098145
470 -8.861809730529785
471 -8.648695945739746
472 -6.489459991455078
473 -8.908894538879395
474 -6.165611267089844
475 -8.800806999206543
476 -6.178912162780762
477 -8.595938682556152
478 -6.362386703491211
479 -8.901725769042969
480 -6.225157737731934
481 -8.913805961608887
482 -7.311372756958008
483 -7.796454429626465
484 -7.136362075805664
485 -7.878687858581543
486 -6.550741195678711
487 -6.184356689453125
488 -7.797863960266113
489 -8.449264526367188
490 -9.064091682434082
491 -5.951940536499023
492 -6.988543510437012
493 -7.14744758605957
494 -9.064090728759766
495 -9.064090728759766
496 -6.010782718658447
497 -8.776586532592773
498 -7.133938312530518
499 -9.06408977508545
500 -6.39329195022583
501 -8.7029390335083
502 -6.2622246742248535
503 -7.37333345413208
504 -7.954054355621338
505 -7.801769256591797
506 -6.750544548034668
507 -9.06408977508545
508 -6.51334285736084
509 -7.09593391418457
510 -6.049560070037842
511 -6.228208541870117
512 -8.996170043945312
513 -6.93800163269043
514 -6.542179107666016
515 -6.954944133758545
516 -9.06408977508545
517 -6.2987589836120605
518 -6.462118625640869
519 -6.283169269561768
520 -9.034160614013672
521 -5.982484340667725
522 -9.064090728759766
523 -6.897011756896973
524 -6.114434242248535
525 -6.734967231750488
526 -6.756787300109863
527 -7.4331746101379395
528 -7.1339006423950195
529 -6.493819713592529
530 -8.751913070678711
531 -7.1917500495910645
532 -6.461949348449707
533 -6.5310797691345215
534 -5.983360290527344
535 -6.606367588043213
536 -6.8319501876831055
537 -6.919567108154297
538 -6.882103443145752
539 -6.941380977630615
540 -7.622297286987305
541 -9.064090728759766
542 -6.575433731079102
543 -6.544328212738037
544 -9.064090728759766
545 -6.329115867614746
546 -6.40765380859375
547 -8.688685417175293
548 -5.9082231521606445
549 -6.389608383178711
550 -6.389009952545166
551 -8.48929500579834
552 -5.752954006195068
553 -6.634643077850342
554 -6.8751349449157715
555 -6.4944682121276855
556 -6.577202796936035
557 -5.960412979125977
558 -6.738678932189941
559 -5.99149227142334
560 -6.881394386291504
561 -8.95040512084961
562 -7.28520393371582
563 -6.68850040435791
564 -6.7998738288879395
565 -7.91331672668457
566 -6.063681602478027
567 -6.65366268157959
568 -6.503995895385742
569 -8.632102966308594
570 -6.433015823364258
571 -6.853498935699463
572 -6.635586738586426
573 -7.827579975128174
574 -6.173738479614258
575 -6.359159469604492
576 -6.6532793045043945
577 -6.184011459350586
578 -7.0786871910095215
579 -6.16663932800293
580 -6.341763973236084
581 -6.162017345428467
582 -6.397117614746094
583 -7.483341217041016
584 -8.973273277282715
585 -6.244982719421387
586 -9.064090728759766
587 -6.755929946899414
588 -8.589594841003418
589 -6.475717544555664
590 -8.571105003356934
591 -5.692127227783203
592 -6.341034412384033
593 -6.54559326171875
594 -6.2126617431640625
595 -6.869831085205078
596 -7.1230645179748535
597 -5.984723091125488
598 -6.528395652770996
599 -7.550260066986084
600 -6.5728559494018555
601 -6.93823766708374
602 -7.228854179382324
603 -7.105171203613281
604 -6.603420257568359
605 -7.800611972808838
606 -6.868101596832275
607 -7.537507057189941
608 -7.344411373138428
609 -7.259871959686279
610 -6.15208625793457
611 -6.427457809448242
612 -8.005480766296387
613 -7.135804653167725
614 -6.179649353027344
615 -8.935027122497559
616 -7.17603874206543
617 -6.434767723083496
618 -6.707945346832275
619 -6.348912239074707
620 -7.338992595672607
621 -6.1882171630859375
622 -6.59073543548584
623 -6.594367027282715
624 -6.40663480758667
625 -6.706409454345703
626 -6.445218086242676
627 -6.0306291580200195
628 -7.177995204925537
629 -6.9233293533325195
630 -6.828434467315674
631 -6.894917011260986
632 -7.174837112426758
633 -8.49129581451416
634 -6.7783427238464355
635 -6.317263603210449
636 -6.243035316467285
637 -8.638158798217773
638 -6.938748359680176
639 -6.488397598266602
640 -6.353528022766113
641 -8.958552360534668
642 -5.794950485229492
643 -6.721337795257568
644 -6.044875144958496
645 -8.700004577636719
646 -6.607382774353027
647 -9.032870292663574
648 -7.128275394439697
649 -7.196537971496582
650 -6.327077865600586
651 -6.8251953125
652 -9.064090728759766
653 -6.704557418823242
654 -8.119372367858887
655 -6.049110412597656
656 -7.363034725189209
657 -7.432222366333008
658 -6.283124923706055
659 -6.521362781524658
660 -6.02594518661499
661 -6.375409126281738
662 -6.036776065826416
663 -6.186806678771973
664 -7.659368991851807
665 -6.360843658447266
666 -8.682482719421387
667 -8.010530471801758
668 -6.31099796295166
669 -7.779181480407715
670 -6.823387622833252
671 -6.658815383911133
672 -7.163545608520508
673 -7.519396781921387
674 -6.350841522216797
675 -7.013507843017578
676 -7.828260898590088
677 -8.912679672241211
678 -8.091914176940918
679 -6.392231464385986
680 -7.143303871154785
681 -6.000897407531738
682 -6.849710464477539
683 -7.530468940734863
684 -8.861501693725586
685 -9.008273124694824
686 -7.519396781921387
687 -6.900376319885254
688 -6.245847225189209
689 -6.245709419250488
690 -6.615522861480713
691 -6.010882377624512
692 -6.374776840209961
693 -6.289036273956299
694 -8.435493469238281
695 -5.790706157684326
696 -6.418973445892334
697 -7.173168659210205
698 -6.16126012802124
699 -6.499249458312988
700 -6.502058982849121
701 -8.955254554748535
702 -6.013497352600098
703 -6.090515613555908
704 -6.2244873046875
705 -6.705584526062012
706 -6.7868242263793945
707 -7.2285871505737305
708 -6.175842761993408
709 -6.762639999389648
710 -6.960846900939941
711 -6.864184379577637
712 -8.475489616394043
713 -6.395110130310059
714 -5.989874839782715
715 -6.378251075744629
716 -9.064090728759766
717 -6.108654975891113
718 -8.118623733520508
719 -9.064090728759766
720 -8.776915550231934
721 -7.230607509613037
722 -9.06408977508545
723 -6.756526947021484
724 -8.535183906555176
725 -6.310152053833008
726 -6.773433685302734
727 -8.016571998596191
728 -7.130484580993652
729 -7.316953182220459
730 -6.105048179626465
731 -6.464162826538086
732 -6.21657657623291
733 -6.3871870040893555
734 -6.54011344909668
735 -6.8147501945495605
736 -6.360662460327148
737 -8.8497896194458
738 -6.624093055725098
739 -6.465212821960449
740 -7.3580780029296875
741 -6.071740627288818
742 -6.515181541442871
743 -7.046407222747803
744 -6.286281585693359
745 -8.399251937866211
746 -6.540010452270508
747 -9.064090728759766
748 -7.592391014099121
749 -6.717041969299316
750 -6.472523212432861
751 -6.81597900390625
752 -7.1517744064331055
753 -6.454733848571777
754 -6.252705097198486
755 -6.580588340759277
756 -6.34193229675293
757 -7.909907341003418
758 -8.658914566040039
759 -7.035093307495117
760 -6.305969715118408
761 -6.609005928039551
762 -8.340417861938477
763 -6.775978088378906
764 -6.131557464599609
765 -7.957124710083008
766 -6.651064872741699
767 -7.84896183013916
768 -6.77009916305542
769 -7.126951217651367
770 -7.372432231903076
771 -6.461981296539307
772 -6.774928092956543
773 -6.064600944519043
774 -5.9326581954956055
775 -7.433154106140137
776 -6.8553032875061035
777 -7.944187164306641
778 -6.260546684265137
779 -7.56624174118042
780 -8.816847801208496
781 -6.528388023376465
782 -6.829192638397217
783 -7.469145774841309
784 -6.6708173751831055
785 -6.721298694610596
786 -6.966670989990234
787 -6.3296918869018555
788 -9.064090728759766
789 -8.747209548950195
790 -8.66133975982666
791 -6.886689186096191
792 -6.341154098510742
793 -6.7318115234375
794 -6.542137622833252
795 -6.201854705810547
796 -6.307008266448975
797 -6.8382720947265625
798 -6.346334457397461
799 -8.191258430480957
800 -9.064090728759766
801 -6.603516101837158
802 -6.958600044250488
803 -6.532025337219238
804 -6.860868453979492
805 -6.543044567108154
806 -6.567950248718262
807 -5.913477897644043
808 -9.06408977508545
809 -6.514551162719727
810 -8.515645027160645
811 -6.776039123535156
812 -6.6693115234375
813 -7.136511325836182
814 -6.836006164550781
815 -7.1149396896362305
816 -8.424543380737305
817 -8.110941886901855
818 -8.331867218017578
819 -5.8598833084106445
820 -8.976561546325684
821 -6.562981605529785
822 -7.131190299987793
823 -6.009171485900879
824 -6.7487473487854
825 -7.978641986846924
826 -5.973564147949219
827 -6.351255416870117
828 -7.082034111022949
829 -6.6860198974609375
830 -7.437012672424316
831 -6.73436164855957
832 -8.76309871673584
833 -7.154371738433838
834 -9.064090728759766
835 -6.607149124145508
836 -6.431554794311523
837 -5.74480676651001
838 -7.166362285614014
839 -6.770549774169922
840 -5.713680267333984
841 -6.723963737487793
842 -7.592885971069336
843 -6.717206954956055
844 -6.320180892944336
845 -7.570488452911377
846 -6.900659561157227
847 -6.41666316986084
848 -6.291959762573242
849 -6.754690170288086
850 -6.246288299560547
851 -7.162715911865234
852 -6.403473854064941
853 -6.319530963897705
854 -6.776869297027588
855 -6.642034530639648
856 -6.967772960662842
857 -7.803674221038818
858 -7.173867225646973
859 -6.103127479553223
860 -7.554885387420654
861 -6.470853805541992
862 -6.961277008056641
863 -6.098611831665039
864 -6.949258804321289
865 -6.428292274475098
866 -6.41240930557251
867 -8.717975616455078
868 -6.513981819152832
869 -6.527491569519043
870 -7.526144027709961
871 -7.142463207244873
872 -8.133994102478027
873 -6.486031532287598
874 -6.187788963317871
875 -6.381061553955078
876 -8.718403816223145
877 -7.417485237121582
878 -8.6635160446167
879 -7.207827568054199
880 -7.539410591125488
881 -7.94503116607666
882 -6.646794319152832
883 -6.817759037017822
884 -6.183990478515625
885 -7.345283508300781
886 -6.471942901611328
887 -8.837923049926758
888 -7.131189823150635
889 -6.251264572143555
890 -6.145517349243164
891 -7.606379985809326
892 -6.128090858459473
893 -5.910105228424072
894 -6.764100551605225
895 -6.3346171379089355
896 -7.681186676025391
897 -6.835699081420898
898 -7.035338878631592
899 -5.879693508148193
900 -9.021685600280762
901 -8.670002937316895
902 -7.133766174316406
903 -6.591320991516113
904 -6.692890644073486
905 -6.842264175415039
906 -9.06408977508545
907 -6.631500244140625
908 -7.348911762237549
909 -6.160106182098389
910 -6.29442024230957
911 -7.151551723480225
912 -7.070971488952637
913 -6.267752647399902
914 -6.310583114624023
915 -7.705263137817383
916 -8.440181732177734
917 -6.067937850952148
918 -6.5478925704956055
919 -6.8760905265808105
920 -6.404921054840088
921 -6.639734745025635
922 -6.386642932891846
923 -7.036565780639648
924 -6.703182220458984
925 -6.654421329498291
926 -6.229752540588379
927 -8.33539867401123
928 -7.038722991943359
929 -7.114997863769531
930 -9.064090728759766
931 -6.78742790222168
932 -7.482873916625977
933 -7.431601524353027
934 -6.37301778793335
935 -6.027814865112305
936 -6.189446926116943
937 -7.558497428894043
938 -6.338129043579102
939 -6.521053314208984
940 -6.770123481750488
941 -6.346431732177734
942 -6.582890033721924
943 -8.270395278930664
944 -8.941731452941895
945 -6.750156879425049
946 -6.4827446937561035
947 -6.326189994812012
948 -6.67179012298584
949 -9.01952838897705
950 -7.1287360191345215
951 -7.927987098693848
952 -5.670934677124023
953 -8.525049209594727
954 -6.614874839782715
955 -7.189938068389893
956 -6.773797035217285
957 -6.976688385009766
958 -7.261551856994629
959 -6.757934093475342
960 -6.947269439697266
961 -7.08445405960083
962 -6.061326503753662
963 -6.9898786544799805
964 -6.728948593139648
965 -7.76875638961792
966 -5.818277359008789
967 -6.213921546936035
968 -6.201427459716797
969 -6.809728145599365
970 -6.794234275817871
971 -6.501906394958496
972 -6.459272384643555
973 -9.06408977508545
974 -6.783538818359375
975 -7.028514385223389
976 -8.241989135742188
977 -7.471138000488281
978 -7.817395210266113
979 -5.794997215270996
980 -7.131190776824951
981 -6.443198204040527
982 -6.32850456237793
983 -8.644876480102539
984 -7.28367280960083
985 -7.258570194244385
986 -6.562524795532227
987 -6.119781017303467
988 -6.84941291809082
989 -7.950869083404541
990 -6.3374810218811035
991 -6.2470502853393555
992 -6.284510135650635
993 -6.679780960083008
994 -6.170594215393066
995 -8.42895221710205
996 -6.56827449798584
997 -6.623752117156982
998 -6.351237773895264
999 -8.616113662719727
