0 -8.113296508789062
1 -7.739713668823242
2 -7.946951866149902
3 -8.113286018371582
4 -7.520357131958008
5 -9.063902854919434
6 -7.506776809692383
7 -7.837860584259033
8 -8.039508819580078
9 -9.062126159667969
10 -9.064080238342285
11 -7.732755184173584
12 -9.064057350158691
13 -9.064090728759766
14 -9.064074516296387
15 -9.064061164855957
16 -8.060049057006836
17 -7.905367374420166
18 -7.7482686042785645
19 -9.06407642364502
20 -9.064082145690918
21 -9.06401252746582
22 -7.904623985290527
23 -9.064074516296387
24 -7.725398063659668
25 -9.064056396484375
26 -7.802664756774902
27 -8.060060501098633
28 -9.064044952392578
29 -7.675607204437256
30 -9.064048767089844
31 -9.064064979553223
32 -7.415100574493408
33 -9.064085006713867
34 -9.064090728759766
35 -9.064062118530273
36 -9.064043998718262
37 -9.064075469970703
38 -7.415095329284668
39 -9.064072608947754
40 -9.064082145690918
41 -7.8048787117004395
42 -9.064091682434082
43 -9.064058303833008
44 -7.837870121002197
45 -9.06408977508545
46 -9.064080238342285
47 -7.802670001983643
48 -7.899109363555908
49 -9.064069747924805
50 -7.905368804931641
51 -7.9892377853393555
52 -9.06408405303955
53 -7.181134223937988
54 -9.064064979553223
55 -9.064064979553223
56 -7.592715263366699
57 -8.060056686401367
58 -9.064083099365234
59 -9.06407642364502
60 -7.972182750701904
61 -7.903016090393066
62 -7.6234307289123535
63 -9.06408405303955
64 -7.623271942138672
65 -9.064072608947754
66 -9.06408405303955
67 -9.064079284667969
68 -9.064055442810059
69 -9.064059257507324
70 -9.064085960388184
71 -7.716760158538818
72 -7.947204113006592
73 -9.064078330993652
74 -8.060018539428711
75 -9.064088821411133
76 -7.59024715423584
77 -9.064085960388184
78 -9.064064025878906
79 -9.064038276672363
80 -7.837899208068848
81 -7.902429103851318
82 -9.064081192016602
83 -7.715007781982422
84 -9.06408977508545
85 -9.064064025878906
86 -9.064044952392578
87 -8.06005573272705
88 -9.064083099365234
89 -7.587945461273193
90 -9.064075469970703
91 -7.761691570281982
92 -7.864775657653809
93 -9.064080238342285
94 -7.513258457183838
95 -9.034460067749023
96 -9.064081192016602
97 -7.592541217803955
98 -9.064035415649414
99 -8.008023262023926
100 -9.064082145690918
101 -9.064035415649414
102 -7.9659953117370605
103 -9.064087867736816
104 -9.064071655273438
105 -9.064082145690918
106 -9.064082145690918
107 -9.06407642364502
108 -9.064088821411133
109 -8.113293647766113
110 -8.113292694091797
111 -7.567445278167725
112 -9.0640869140625
113 -9.064077377319336
114 -9.06408405303955
115 -9.064075469970703
116 -9.064074516296387
117 -9.064079284667969
118 -7.501724720001221
119 -9.064069747924805
120 -9.064087867736816
121 -7.623445510864258
122 -9.064043998718262
123 -9.064046859741211
124 -7.7376203536987305
125 -9.064071655273438
126 -7.7219624519348145
127 -7.661850929260254
128 -7.445331573486328
129 -7.738059997558594
130 -7.688310623168945
131 -7.7822394371032715
132 -8.008010864257812
133 -8.293745040893555
134 -9.064054489135742
135 -9.064069747924805
136 -9.06407642364502
137 -9.064051628112793
138 -8.988003730773926
139 -7.804786205291748
140 -9.064083099365234
141 -9.06406021118164
142 -9.064082145690918
143 -7.78000545501709
144 -7.58920431137085
145 -8.060063362121582
146 -8.059868812561035
147 -9.064083099365234
148 -7.864794731140137
149 -9.064070701599121
150 -9.06408977508545
151 -9.064087867736816
152 -7.804875373840332
153 -7.5523905754089355
154 -9.064085006713867
155 -8.059948921203613
156 -8.057311058044434
157 -9.064058303833008
158 -9.064068794250488
159 -9.064075469970703
160 -7.274590969085693
161 -9.064085006713867
162 -9.064080238342285
163 -7.849697113037109
164 -7.742590427398682
165 -7.837899684906006
166 -9.064088821411133
167 -7.710472583770752
168 -9.064083099365234
169 -9.064051628112793
170 -9.064079284667969
171 -9.06407642364502
172 -9.064083099365234
173 -7.60235595703125
174 -9.064077377319336
175 -7.761506080627441
176 -9.064078330993652
177 -9.06406307220459
178 -7.7969207763671875
179 -9.064056396484375
180 -9.06408977508545
181 -9.064069747924805
182 -7.721983432769775
183 -9.06408977508545
184 -7.7381463050842285
185 -7.539771556854248
186 -7.645199775695801
187 -9.064075469970703
188 -9.06407356262207
189 -9.064051628112793
190 -7.67561149597168
191 -7.7799835205078125
192 -9.0640869140625
193 -9.063590049743652
194 -9.064080238342285
195 -7.5674614906311035
196 -7.739172458648682
197 -9.063844680786133
198 -9.0640869140625
199 -9.06408405303955
200 -9.064066886901855
201 -7.435084819793701
202 -9.064079284667969
203 -9.064053535461426
204 -7.602371692657471
205 -9.064056396484375
206 -7.68115234375
207 -7.804876804351807
208 -9.064077377319336
209 -7.837896823883057
210 -9.064079284667969
211 -8.060052871704102
212 -9.064077377319336
213 -8.060056686401367
214 -7.500270366668701
215 -9.064078330993652
216 -7.897886753082275
217 -9.064088821411133
218 -7.598857879638672
219 -7.2744951248168945
220 -7.648869514465332
221 -9.064085960388184
222 -7.357357025146484
223 -7.802623271942139
224 -9.064083099365234
225 -9.064082145690918
226 -7.633231163024902
227 -7.658884525299072
228 -7.54140567779541
229 -9.06408405303955
230 -9.064067840576172
231 -9.064058303833008
232 -9.064083099365234
233 -7.711938858032227
234 -7.905386447906494
235 -7.798721790313721
236 -7.63045597076416
237 -7.661773204803467
238 -8.057126998901367
239 -9.064072608947754
240 -7.5879950523376465
241 -7.915647029876709
242 -9.064088821411133
243 -9.064085960388184
244 -9.064090728759766
245 -7.717722415924072
246 -9.062780380249023
247 -9.064067840576172
248 -9.06406307220459
249 -9.064074516296387
250 -7.6637115478515625
251 -9.064083099365234
252 -9.064042091369629
253 -9.06407642364502
254 -9.064079284667969
255 -7.392338752746582
256 -9.064082145690918
257 -7.565884590148926
258 -9.064075469970703
259 -9.06406021118164
260 -7.837841987609863
261 -9.064075469970703
262 -7.470602989196777
263 -9.06408977508545
264 -9.064041137695312
265 -9.064078330993652
266 -8.060064315795898
267 -9.064062118530273
268 -7.645261764526367
269 -9.06396198272705
270 -7.904507160186768
271 -9.064079284667969
272 -7.739177227020264
273 -7.915655612945557
274 -7.997495651245117
275 -7.494663238525391
276 -7.798736572265625
277 -9.064043045043945
278 -9.064033508300781
279 -7.905418872833252
280 -7.905404090881348
281 -7.5669169425964355
282 -7.5232462882995605
283 -9.06408405303955
284 -7.837899208068848
285 -9.064068794250488
286 -9.064056396484375
287 -7.1753411293029785
288 -9.058197021484375
289 -9.064048767089844
290 -9.064087867736816
291 -9.064087867736816
292 -9.064066886901855
293 -9.064083099365234
294 -7.741849899291992
295 -7.837880611419678
296 -7.984269142150879
297 -7.780008792877197
298 -9.064057350158691
299 -9.064040184020996
300 -9.064079284667969
301 -7.743536472320557
302 -9.06407642364502
303 -9.064077377319336
304 -9.064083099365234
305 -9.064069747924805
306 -8.060037612915039
307 -7.902406215667725
308 -9.064085960388184
309 -9.06405258178711
310 -9.059929847717285
311 -7.804870128631592
312 -7.902963161468506
313 -8.008012771606445
314 -9.064053535461426
315 -9.064056396484375
316 -9.064085006713867
317 -7.734373569488525
318 -7.6755900382995605
319 -7.73416805267334
320 -9.064047813415527
321 -9.064081192016602
322 -9.064083099365234
323 -9.064075469970703
324 -9.064078330993652
325 -9.064050674438477
326 -7.994115352630615
327 -9.06406021118164
328 -9.064065933227539
329 -7.677513599395752
330 -7.415097236633301
331 -9.06408405303955
332 -7.636346817016602
333 -9.064080238342285
334 -9.064081192016602
335 -9.064079284667969
336 -9.064056396484375
337 -7.566948890686035
338 -7.7987380027771
339 -7.532948970794678
340 -9.06408405303955
341 -7.804875373840332
342 -9.06408405303955
343 -9.06408405303955
344 -9.064080238342285
345 -8.113283157348633
346 -9.064085960388184
347 -9.06403923034668
348 -9.064074516296387
349 -9.064088821411133
350 -9.064082145690918
351 -7.738182544708252
352 -7.645196914672852
353 -9.064072608947754
354 -7.9053730964660645
355 -9.064079284667969
356 -9.064083099365234
357 -9.064041137695312
358 -9.064088821411133
359 -9.064075469970703
360 -9.064085006713867
361 -9.064055442810059
362 -9.064090728759766
363 -9.064081192016602
364 -7.580458641052246
365 -9.064055442810059
366 -9.064081192016602
367 -9.064083099365234
368 -7.700657367706299
369 -9.0640287399292
370 -9.064072608947754
371 -9.064066886901855
372 -9.0640869140625
373 -8.059977531433105
374 -7.738188743591309
375 -9.06403923034668
376 -9.0640869140625
377 -9.064069747924805
378 -7.708925247192383
379 -9.0640869140625
380 -9.064057350158691
381 -9.064075469970703
382 -9.064065933227539
383 -9.064090728759766
384 -9.064085960388184
385 -9.06407356262207
386 -9.064082145690918
387 -7.424090385437012
388 -9.064083099365234
389 -9.06408405303955
390 -7.570297718048096
391 -9.063102722167969
392 -9.064062118530273
393 -9.064071655273438
394 -7.73275899887085
395 -8.007997512817383
396 -9.064090728759766
397 -9.064082145690918
398 -7.798722267150879
399 -9.064085006713867
400 -9.064054489135742
401 -9.064080238342285
402 -7.591506004333496
403 -9.064085006713867
404 -9.064081192016602
405 -9.064081192016602
406 -9.064069747924805
407 -7.779985427856445
408 -9.064065933227539
409 -7.864791393280029
410 -9.06406021118164
411 -9.06408977508545
412 -7.890434741973877
413 -9.06408977508545
414 -7.904613494873047
415 -7.8647942543029785
416 -9.064064979553223
417 -9.06406021118164
418 -8.056711196899414
419 -7.721004486083984
420 -7.587981224060059
421 -7.725319862365723
422 -7.864801406860352
423 -9.06405258178711
424 -9.064050674438477
425 -7.655951023101807
426 -9.064082145690918
427 -9.064054489135742
428 -9.064056396484375
429 -7.645163536071777
430 -9.064081192016602
431 -9.06407642364502
432 -7.549686431884766
433 -9.064068794250488
434 -9.064044952392578
435 -9.063690185546875
436 -7.84388542175293
437 -9.064083099365234
438 -9.064083099365234
439 -7.658950328826904
440 -7.804868698120117
441 -9.064081192016602
442 -9.064071655273438
443 -7.86480188369751
444 -9.064085006713867
445 -9.064082145690918
446 -9.064085006713867
447 -9.064075469970703
448 -9.064078330993652
449 -9.064062118530273
450 -9.064077377319336
451 -9.064079284667969
452 -9.064085960388184
453 -7.623448371887207
454 -9.064082145690918
455 -7.5880022048950195
456 -8.058513641357422
457 -9.064085006713867
458 -9.06407642364502
459 -9.064064025878906
460 -7.374671936035156
461 -9.064056396484375
462 -7.590242862701416
463 -9.064068794250488
464 -9.064080238342285
465 -9.064045906066895
466 -9.064053535461426
467 -9.06407356262207
468 -9.06407642364502
469 -9.06406021118164
470 -8.113293647766113
471 -9.064064979553223
472 -7.56383752822876
473 -9.064048767089844
474 -9.064074516296387
475 -7.606503963470459
476 -9.064082145690918
477 -9.064081192016602
478 -7.613254070281982
479 -9.064077377319336
480 -9.06407642364502
481 -9.064069747924805
482 -9.064079284667969
483 -7.623257160186768
484 -9.06405258178711
485 -7.587951183319092
486 -7.607309341430664
487 -9.064068794250488
488 -7.804872989654541
489 -8.060057640075684
490 -9.064069747924805
491 -9.064090728759766
492 -9.064044952392578
493 -7.947205066680908
494 -9.064079284667969
495 -9.064077377319336
496 -7.60237979888916
497 -9.064068794250488
498 -7.802523136138916
499 -9.064064025878906
500 -8.113117218017578
501 -8.057622909545898
502 -9.064075469970703
503 -9.064087867736816
504 -9.06408405303955
505 -8.060062408447266
506 -7.798496246337891
507 -7.800017833709717
508 -9.064064979553223
509 -8.024720191955566
510 -9.064075469970703
511 -9.064077377319336
512 -9.064090728759766
513 -7.602313995361328
514 -9.06406021118164
515 -9.064090728759766
516 -9.064078330993652
517 -9.063934326171875
518 -9.06407356262207
519 -9.064072608947754
520 -9.06407642364502
521 -9.064081192016602
522 -9.06406021118164
523 -9.064074516296387
524 -7.8026652336120605
525 -9.064083099365234
526 -9.06406021118164
527 -9.064083099365234
528 -8.113286018371582
529 -9.064077377319336
530 -9.064055442810059
531 -9.064061164855957
532 -9.0640869140625
533 -7.761693000793457
534 -9.064067840576172
535 -7.794011116027832
536 -9.064083099365234
537 -7.79872465133667
538 -7.902833938598633
539 -9.0640869140625
540 -7.560953617095947
541 -7.903026103973389
542 -7.902965545654297
543 -7.494699478149414
544 -9.064077377319336
545 -9.064083099365234
546 -8.113299369812012
547 -9.064081192016602
548 -7.864798069000244
549 -8.113228797912598
550 -9.06408977508545
551 -9.064081192016602
552 -9.06407356262207
553 -9.062835693359375
554 -9.064088821411133
555 -9.064083099365234
556 -9.064090728759766
557 -7.680191516876221
558 -9.064056396484375
559 -7.864784240722656
560 -8.060037612915039
561 -9.06408405303955
562 -9.064078330993652
563 -9.064068794250488
564 -9.064065933227539
565 -7.566948890686035
566 -9.064090728759766
567 -7.393339157104492
568 -9.06407356262207
569 -7.795913219451904
570 -7.598977088928223
571 -9.064083099365234
572 -7.83791446685791
573 -9.064088821411133
574 -8.059745788574219
575 -7.532907485961914
576 -7.598876953125
577 -9.064074516296387
578 -9.064074516296387
579 -7.580470085144043
580 -7.5592875480651855
581 -7.915646553039551
582 -7.721776008605957
583 -7.473788738250732
584 -9.06408977508545
585 -9.064078330993652
586 -9.064072608947754
587 -7.7969069480896
588 -9.064078330993652
589 -9.064085006713867
590 -7.392913341522217
591 -9.064077377319336
592 -7.415093898773193
593 -9.06404972076416
594 -9.06407356262207
595 -9.06408977508545
596 -7.894931793212891
597 -9.064082145690918
598 -9.06406307220459
599 -9.064085006713867
600 -9.064054489135742
601 -9.06407356262207
602 -7.864771366119385
603 -7.415102005004883
604 -7.606133460998535
605 -9.064058303833008
606 -8.113282203674316
607 -9.064078330993652
608 -7.902953624725342
609 -9.064072608947754
610 -7.566949367523193
611 -8.06005859375
612 -7.804866790771484
613 -9.064077377319336
614 -9.06407356262207
615 -7.7060346603393555
616 -9.064075469970703
617 -9.064051628112793
618 -9.064079284667969
619 -7.632030487060547
620 -9.064085006713867
621 -9.064081192016602
622 -9.064088821411133
623 -9.064077377319336
624 -9.064048767089844
625 -8.060051918029785
626 -9.064090728759766
627 -9.064083099365234
628 -9.064085006713867
629 -9.064078330993652
630 -8.06005573272705
631 -7.707292556762695
632 -9.064081192016602
633 -9.0640869140625
634 -9.064082145690918
635 -9.064061164855957
636 -7.442555904388428
637 -9.064090728759766
638 -9.064069747924805
639 -9.064078330993652
640 -7.375316143035889
641 -9.064080238342285
642 -9.063499450683594
643 -9.064054489135742
644 -9.064077377319336
645 -9.064065933227539
646 -7.90535306930542
647 -7.843860626220703
648 -7.431187629699707
649 -9.064048767089844
650 -7.554954528808594
651 -9.064090728759766
652 -9.064085960388184
653 -8.059931755065918
654 -9.064075469970703
655 -9.064078330993652
656 -9.064055442810059
657 -8.113269805908203
658 -7.636321544647217
659 -7.587978839874268
660 -9.064082145690918
661 -7.588264465332031
662 -9.064090728759766
663 -9.064077377319336
664 -9.064085960388184
665 -7.671988010406494
666 -8.113289833068848
667 -9.064071655273438
668 -9.06406021118164
669 -7.804872989654541
670 -9.06407356262207
671 -8.060059547424316
672 -9.064077377319336
673 -9.064066886901855
674 -7.748264312744141
675 -9.06408405303955
676 -7.613249778747559
677 -7.804871082305908
678 -9.06408977508545
679 -7.7799835205078125
680 -7.864780426025391
681 -9.06406307220459
682 -7.905397891998291
683 -9.064038276672363
684 -7.5168046951293945
685 -9.064080238342285
686 -7.94720983505249
687 -7.734147071838379
688 -9.063854217529297
689 -9.06406021118164
690 -8.113292694091797
691 -9.064085006713867
692 -7.7799506187438965
693 -9.064077377319336
694 -9.064083099365234
695 -8.059228897094727
696 -7.802670001983643
697 -7.8870038986206055
698 -8.060062408447266
699 -7.525997161865234
700 -9.064081192016602
701 -9.063918113708496
702 -9.064066886901855
703 -7.864786148071289
704 -9.064085960388184
705 -9.064085960388184
706 -9.06408405303955
707 -9.064085960388184
708 -9.06405258178711
709 -9.064068794250488
710 -9.064085006713867
711 -7.798740863800049
712 -7.6029767990112305
713 -8.11328411102295
714 -9.064081192016602
715 -9.064065933227539
716 -7.6653056144714355
717 -9.064079284667969
718 -9.064085006713867
719 -9.064075469970703
720 -9.064071655273438
721 -9.064090728759766
722 -7.70930814743042
723 -9.064083099365234
724 -9.064075469970703
725 -9.064079284667969
726 -7.804776668548584
727 -7.779628753662109
728 -7.915641784667969
729 -7.864798545837402
730 -9.064082145690918
731 -7.739745616912842
732 -9.064054489135742
733 -9.064082145690918
734 -9.064041137695312
735 -7.515371322631836
736 -9.064075469970703
737 -9.06408405303955
738 -9.064067840576172
739 -9.06406021118164
740 -8.008027076721191
741 -7.646269798278809
742 -8.059883117675781
743 -9.064090728759766
744 -7.569295406341553
745 -7.78000545501709
746 -7.72198486328125
747 -9.0640869140625
748 -7.802607536315918
749 -7.796971321105957
750 -7.719663619995117
751 -9.06407642364502
752 -7.172758102416992
753 -9.064077377319336
754 -9.064077377319336
755 -7.47379207611084
756 -9.064047813415527
757 -9.063950538635254
758 -9.064083099365234
759 -9.064083099365234
760 -7.905407905578613
761 -9.064085006713867
762 -7.690671920776367
763 -7.602287292480469
764 -9.064090728759766
765 -7.721116542816162
766 -7.60650110244751
767 -9.064055442810059
768 -9.064081192016602
769 -9.064078330993652
770 -9.064087867736816
771 -9.064081192016602
772 -9.064013481140137
773 -9.064085006713867
774 -9.064077377319336
775 -7.717776775360107
776 -9.064075469970703
777 -9.064083099365234
778 -9.064071655273438
779 -7.612643718719482
780 -9.064085960388184
781 -7.606475353240967
782 -9.064079284667969
783 -9.064047813415527
784 -8.060063362121582
785 -7.837862491607666
786 -9.064050674438477
787 -9.064085006713867
788 -9.064083099365234
789 -7.544907093048096
790 -9.064075469970703
791 -7.779999256134033
792 -7.539951324462891
793 -9.064061164855957
794 -7.627133846282959
795 -7.895954132080078
796 -9.064085006713867
797 -7.673759937286377
798 -8.113290786743164
799 -9.06407356262207
800 -8.113293647766113
801 -7.864787578582764
802 -9.06406307220459
803 -7.625614166259766
804 -8.060051918029785
805 -9.06408405303955
806 -9.064083099365234
807 -7.721975803375244
808 -9.064079284667969
809 -9.064083099365234
810 -7.7106828689575195
811 -9.064054489135742
812 -9.064081192016602
813 -9.06406021118164
814 -9.064077377319336
815 -9.064091682434082
816 -9.064077377319336
817 -9.064083099365234
818 -9.064071655273438
819 -9.064079284667969
820 -9.062783241271973
821 -7.776242256164551
822 -8.11329174041748
823 -9.064070701599121
824 -9.064069747924805
825 -9.064077377319336
826 -9.064054489135742
827 -9.064090728759766
828 -9.064079284667969
829 -9.064072608947754
830 -7.646296977996826
831 -8.113298416137695
832 -9.064077377319336
833 -7.898702144622803
834 -9.061633110046387
835 -9.064081192016602
836 -7.501549243927002
837 -7.602407455444336
838 -9.064085006713867
839 -9.06408405303955
840 -9.064072608947754
841 -9.064072608947754
842 -7.606438159942627
843 -9.064061164855957
844 -9.064081192016602
845 -9.064085006713867
846 -9.06407642364502
847 -7.355891227722168
848 -9.064087867736816
849 -7.798715114593506
850 -7.6558837890625
851 -7.655885696411133
852 -9.064070701599121
853 -7.482664585113525
854 -7.710694789886475
855 -7.744082927703857
856 -9.064085960388184
857 -9.064079284667969
858 -9.064067840576172
859 -9.064067840576172
860 -7.5665435791015625
861 -9.064083099365234
862 -7.645272254943848
863 -7.355889320373535
864 -9.064057350158691
865 -9.064070701599121
866 -7.61294412612915
867 -7.872334957122803
868 -9.064040184020996
869 -9.064075469970703
870 -9.064056396484375
871 -9.06407642364502
872 -9.064082145690918
873 -8.060052871704102
874 -9.064069747924805
875 -7.9495720863342285
876 -9.064083099365234
877 -9.06407642364502
878 -9.064083099365234
879 -9.064062118530273
880 -9.064074516296387
881 -9.064047813415527
882 -9.06407642364502
883 -9.064085006713867
884 -9.064087867736816
885 -9.06406021118164
886 -9.06408405303955
887 -9.064079284667969
888 -9.064057350158691
889 -9.064085960388184
890 -7.602250576019287
891 -8.060050010681152
892 -7.710580348968506
893 -9.064078330993652
894 -7.802624702453613
895 -7.9046149253845215
896 -9.064079284667969
897 -9.06408977508545
898 -9.064075469970703
899 -9.06408405303955
900 -9.064085006713867
901 -9.053936958312988
902 -7.837775707244873
903 -9.06408977508545
904 -9.063741683959961
905 -7.565873146057129
906 -9.064064025878906
907 -9.064083099365234
908 -9.06406307220459
909 -9.064087867736816
910 -9.064050674438477
911 -7.5802412033081055
912 -9.064034461975098
913 -7.73809814453125
914 -7.672155380249023
915 -7.621739387512207
916 -9.064079284667969
917 -9.064074516296387
918 -9.064081192016602
919 -7.801150798797607
920 -9.064085960388184
921 -9.064062118530273
922 -9.064061164855957
923 -9.064066886901855
924 -7.804870128631592
925 -9.064044952392578
926 -9.064085006713867
927 -9.0640287399292
928 -9.064082145690918
929 -8.008010864257812
930 -9.0640869140625
931 -9.064085006713867
932 -9.0640869140625
933 -9.064083099365234
934 -9.064070701599121
935 -9.064079284667969
936 -9.064071655273438
937 -9.064082145690918
938 -9.064056396484375
939 -9.064082145690918
940 -9.064054489135742
941 -9.06405258178711
942 -9.064077377319336
943 -9.06403636932373
944 -9.06406307220459
945 -7.864790916442871
946 -9.064071655273438
947 -7.633115768432617
948 -7.796966552734375
949 -7.673713207244873
950 -7.796970844268799
951 -7.864806652069092
952 -9.06407356262207
953 -9.064070701599121
954 -9.064048767089844
955 -7.6452765464782715
956 -7.837897777557373
957 -7.715004920959473
958 -9.063730239868164
959 -7.86468505859375
960 -9.064079284667969
961 -7.6244120597839355
962 -9.064081192016602
963 -7.864781379699707
964 -7.90226411819458
965 -7.66528844833374
966 -7.432967185974121
967 -8.060051918029785
968 -7.804873466491699
969 -7.410046577453613
970 -7.732723712921143
971 -9.064083099365234
972 -9.06407642364502
973 -9.064082145690918
974 -7.902978420257568
975 -9.064042091369629
976 -7.620674133300781
977 -7.738193511962891
978 -9.064079284667969
979 -7.4010772705078125
980 -7.602315425872803
981 -9.06408405303955
982 -7.992550373077393
983 -9.06407642364502
984 -7.657487392425537
985 -7.9050750732421875
986 -9.06406307220459
987 -9.06407356262207
988 -9.064072608947754
989 -7.709377288818359
990 -7.8378448486328125
991 -7.708889484405518
992 -9.064085006713867
993 -7.672056198120117
994 -9.06407642364502
995 -9.06406307220459
996 -9.064066886901855
997 -9.064079284667969
998 -7.804858207702637
999 -9.064080238342285
