0 -9.064068794250488
1 -7.738124847412109
2 -7.62178897857666
3 -8.113239288330078
4 -7.516953945159912
5 -9.064064979553223
6 -7.6325201988220215
7 -9.064074516296387
8 -9.064079284667969
9 -9.064066886901855
10 -9.064064025878906
11 -7.606500148773193
12 -9.064079284667969
13 -9.063679695129395
14 -7.693141460418701
15 -8.060065269470215
16 -8.059983253479004
17 -7.566948890686035
18 -9.064081192016602
19 -9.064083099365234
20 -9.064064979553223
21 -9.064081192016602
22 -8.060057640075684
23 -7.837881565093994
24 -7.804860591888428
25 -9.064079284667969
26 -9.064080238342285
27 -7.896647930145264
28 -9.06407642364502
29 -7.905413627624512
30 -7.655900955200195
31 -9.064046859741211
32 -9.064057350158691
33 -9.064080238342285
34 -7.631710529327393
35 -7.71040153503418
36 -9.064059257507324
37 -9.064077377319336
38 -9.064082145690918
39 -7.864796161651611
40 -7.636018753051758
41 -9.064068794250488
42 -9.064053535461426
43 -9.064058303833008
44 -7.408348083496094
45 -7.702206134796143
46 -9.064066886901855
47 -9.064085006713867
48 -8.02492904663086
49 -7.39233922958374
50 -9.064078330993652
51 -7.6110758781433105
52 -7.507142543792725
53 -9.064080238342285
54 -9.0640869140625
55 -9.06408977508545
56 -9.064085006713867
57 -9.064085006713867
58 -7.672001361846924
59 -8.113289833068848
60 -7.598980903625488
61 -9.0640869140625
62 -7.625232696533203
63 -9.06406307220459
64 -9.064085006713867
65 -9.06407642364502
66 -8.113121032714844
67 -9.063520431518555
68 -9.06404972076416
69 -9.064065933227539
70 -9.064077377319336
71 -7.606503486633301
72 -7.611095428466797
73 -7.738162040710449
74 -7.535706996917725
75 -9.064083099365234
76 -7.519003391265869
77 -8.11329174041748
78 -8.113298416137695
79 -7.739625930786133
80 -9.064030647277832
81 -9.064072608947754
82 -9.06407642364502
83 -7.741704940795898
84 -8.113282203674316
85 -9.06408405303955
86 -7.798736572265625
87 -7.837837219238281
88 -7.904623985290527
89 -9.064071655273438
90 -7.761765956878662
91 -9.06407356262207
92 -9.064064025878906
93 -9.064074516296387
94 -9.06408977508545
95 -9.064075469970703
96 -9.064081192016602
97 -9.064047813415527
98 -7.392334938049316
99 -9.064043045043945
100 -9.064041137695312
101 -9.064081192016602
102 -9.064069747924805
103 -9.064082145690918
104 -9.064078330993652
105 -9.064085006713867
106 -9.0640869140625
107 -9.064080238342285
108 -9.064085006713867
109 -7.655877590179443
110 -7.905418395996094
111 -9.064077377319336
112 -9.064082145690918
113 -7.779963970184326
114 -7.688267230987549
115 -7.798743724822998
116 -7.738130569458008
117 -7.725341796875
118 -7.903017520904541
119 -9.06406307220459
120 -9.064081192016602
121 -9.064090728759766
122 -7.837843418121338
123 -7.837897777557373
124 -9.0640869140625
125 -9.064085006713867
126 -7.624431610107422
127 -7.57905387878418
128 -9.063945770263672
129 -9.064055442810059
130 -7.802573204040527
131 -9.064085006713867
132 -7.4005351066589355
133 -9.064064979553223
134 -9.064034461975098
135 -7.905359268188477
136 -9.064071655273438
137 -9.064079284667969
138 -9.06404972076416
139 -9.064085960388184
140 -9.06407642364502
141 -9.064051628112793
142 -7.623412132263184
143 -9.064054489135742
144 -9.064053535461426
145 -9.064071655273438
146 -9.06405258178711
147 -9.06406021118164
148 -9.064066886901855
149 -7.905369758605957
150 -8.113292694091797
151 -9.064082145690918
152 -9.064081192016602
153 -9.064007759094238
154 -7.3139214515686035
155 -7.800013065338135
156 -9.06406021118164
157 -9.064083099365234
158 -9.064081192016602
159 -7.782589435577393
160 -9.064085006713867
161 -7.415090084075928
162 -9.064081192016602
163 -7.891282081604004
164 -9.064062118530273
165 -9.064090728759766
166 -7.748119831085205
167 -9.064068794250488
168 -9.064074516296387
169 -8.113298416137695
170 -9.064081192016602
171 -9.064053535461426
172 -9.064064979553223
173 -7.577213764190674
174 -9.0640869140625
175 -9.064080238342285
176 -9.064072608947754
177 -9.064083099365234
178 -9.064079284667969
179 -9.064072608947754
180 -7.424098014831543
181 -9.064055442810059
182 -9.064079284667969
183 -9.0640869140625
184 -7.904628753662109
185 -9.06407356262207
186 -9.064075469970703
187 -7.619513034820557
188 -9.064090728759766
189 -9.064068794250488
190 -9.064082145690918
191 -9.064090728759766
192 -9.06406307220459
193 -7.422633647918701
194 -7.905407905578613
195 -7.636404514312744
196 -9.064088821411133
197 -9.064071655273438
198 -9.064081192016602
199 -7.601511478424072
200 -9.064069747924805
201 -9.064085006713867
202 -7.711947917938232
203 -7.561708927154541
204 -9.064090728759766
205 -9.06406021118164
206 -9.064090728759766
207 -7.798733711242676
208 -7.645192623138428
209 -7.80258846282959
210 -7.561439514160156
211 -7.650050163269043
212 -9.064066886901855
213 -7.986266613006592
214 -7.734134674072266
215 -9.064071655273438
216 -7.704197883605957
217 -9.064055442810059
218 -9.064067840576172
219 -7.598983287811279
220 -9.064068794250488
221 -9.064080238342285
222 -9.064071655273438
223 -9.06408977508545
224 -9.064078330993652
225 -9.064081192016602
226 -9.06406021118164
227 -9.06406021118164
228 -9.064075469970703
229 -9.064064979553223
230 -7.435546875
231 -7.905418872833252
232 -9.064050674438477
233 -9.06407642364502
234 -9.064061164855957
235 -9.064079284667969
236 -9.064050674438477
237 -7.553394317626953
238 -7.888238430023193
239 -7.606477737426758
240 -9.064083099365234
241 -7.466692924499512
242 -7.64516544342041
243 -9.064090728759766
244 -9.064090728759766
245 -7.606505393981934
246 -7.864809513092041
247 -7.710402965545654
248 -9.064079284667969
249 -9.06407356262207
250 -7.6064958572387695
251 -9.064083099365234
252 -9.064075469970703
253 -9.064083099365234
254 -9.064090728759766
255 -7.796786308288574
256 -7.717784404754639
257 -9.064091682434082
258 -9.064056396484375
259 -7.9054155349731445
260 -9.064051628112793
261 -9.064077377319336
262 -9.064078330993652
263 -7.636768341064453
264 -7.943941116333008
265 -9.064081192016602
266 -7.606110572814941
267 -7.569585800170898
268 -7.570379257202148
269 -9.064067840576172
270 -9.06408977508545
271 -9.06407642364502
272 -9.064077377319336
273 -7.798739910125732
274 -9.064058303833008
275 -7.837838649749756
276 -9.064035415649414
277 -7.798733234405518
278 -7.659717082977295
279 -7.456675052642822
280 -7.611026763916016
281 -9.064082145690918
282 -7.602394104003906
283 -9.064074516296387
284 -9.064081192016602
285 -7.676804065704346
286 -9.064061164855957
287 -9.062788009643555
288 -9.064079284667969
289 -7.6756815910339355
290 -9.06408405303955
291 -9.064074516296387
292 -7.7797770500183105
293 -7.5725626945495605
294 -7.611064910888672
295 -9.064054489135742
296 -9.064069747924805
297 -9.064056396484375
298 -9.064085960388184
299 -7.613249778747559
300 -8.059847831726074
301 -9.064078330993652
302 -7.628945350646973
303 -9.064090728759766
304 -9.064064979553223
305 -8.097315788269043
306 -7.527730941772461
307 -9.064090728759766
308 -7.5848069190979
309 -9.064079284667969
310 -9.064065933227539
311 -8.11270809173584
312 -7.424101829528809
313 -7.344783306121826
314 -9.0640869140625
315 -7.398334980010986
316 -9.064077377319336
317 -9.06407642364502
318 -9.064091682434082
319 -9.064079284667969
320 -9.064058303833008
321 -9.06407642364502
322 -9.064059257507324
323 -7.645195484161377
324 -9.064083099365234
325 -9.064069747924805
326 -7.721118927001953
327 -9.06406021118164
328 -7.4241108894348145
329 -9.06407642364502
330 -9.064072608947754
331 -9.064081192016602
332 -9.064065933227539
333 -9.06404972076416
334 -7.9053754806518555
335 -9.061381340026855
336 -7.779985427856445
337 -9.064074516296387
338 -9.06408405303955
339 -9.064040184020996
340 -9.064080238342285
341 -9.064059257507324
342 -9.064065933227539
343 -9.064077377319336
344 -9.064071655273438
345 -9.0640869140625
346 -9.064043998718262
347 -7.436976432800293
348 -9.064074516296387
349 -9.064020156860352
350 -9.064074516296387
351 -9.064074516296387
352 -9.064080238342285
353 -9.064080238342285
354 -9.064085960388184
355 -9.064057350158691
356 -7.675619125366211
357 -7.3923420906066895
358 -7.280877113342285
359 -7.798729419708252
360 -9.063996315002441
361 -9.064090728759766
362 -9.064069747924805
363 -9.064065933227539
364 -9.06408405303955
365 -7.61102819442749
366 -9.06407356262207
367 -9.064083099365234
368 -7.701468467712402
369 -9.064058303833008
370 -9.06403636932373
371 -7.566948413848877
372 -9.064079284667969
373 -7.893498420715332
374 -9.064080238342285
375 -7.864798545837402
376 -7.798711776733398
377 -7.656440734863281
378 -9.064054489135742
379 -9.064077377319336
380 -9.064077377319336
381 -9.064058303833008
382 -8.113300323486328
383 -9.064079284667969
384 -9.064085006713867
385 -7.673684120178223
386 -9.06407642364502
387 -9.064070701599121
388 -9.064064979553223
389 -9.064067840576172
390 -8.113096237182617
391 -9.06407642364502
392 -9.063788414001465
393 -9.0640869140625
394 -9.064079284667969
395 -7.837860107421875
396 -7.717776775360107
397 -9.064080238342285
398 -9.06408405303955
399 -9.064069747924805
400 -9.064018249511719
401 -9.064064979553223
402 -9.064074516296387
403 -9.064085960388184
404 -9.064030647277832
405 -7.659372806549072
406 -9.064083099365234
407 -8.425430297851562
408 -7.837872505187988
409 -9.064045906066895
410 -9.06407356262207
411 -9.064085006713867
412 -7.592729091644287
413 -9.064081192016602
414 -9.064081192016602
415 -7.798158168792725
416 -9.064048767089844
417 -9.064067840576172
418 -7.8048810958862305
419 -7.645273685455322
420 -9.06408977508545
421 -9.064074516296387
422 -9.06408405303955
423 -9.063615798950195
424 -7.904585361480713
425 -7.801792621612549
426 -7.9054059982299805
427 -7.864799976348877
428 -9.064088821411133
429 -7.804790019989014
430 -9.064079284667969
431 -9.064031600952148
432 -8.113279342651367
433 -9.064085960388184
434 -9.06405258178711
435 -9.064056396484375
436 -9.064062118530273
437 -7.56690788269043
438 -9.064023971557617
439 -9.06406307220459
440 -7.767592430114746
441 -9.064064979553223
442 -7.837879180908203
443 -9.064077377319336
444 -9.064069747924805
445 -9.064068794250488
446 -9.064064979553223
447 -7.672043323516846
448 -9.06407356262207
449 -7.761519908905029
450 -9.064081192016602
451 -7.864771366119385
452 -9.064068794250488
453 -9.064090728759766
454 -9.064085006713867
455 -8.113037109375
456 -9.064083099365234
457 -9.064072608947754
458 -9.0640869140625
459 -8.06006145477295
460 -7.899092197418213
461 -9.064081192016602
462 -9.064081192016602
463 -9.0640869140625
464 -9.064079284667969
465 -7.391049861907959
466 -7.31178092956543
467 -9.064045906066895
468 -7.310814380645752
469 -9.06407642364502
470 -7.864781379699707
471 -9.064071655273438
472 -9.064053535461426
473 -7.416755199432373
474 -7.837882995605469
475 -7.645270347595215
476 -9.064065933227539
477 -9.064067840576172
478 -7.567460536956787
479 -9.064081192016602
480 -7.779973983764648
481 -8.113287925720215
482 -7.63602876663208
483 -9.064077377319336
484 -9.064043045043945
485 -9.064035415649414
486 -7.864796161651611
487 -7.711938858032227
488 -9.06408405303955
489 -7.670729637145996
490 -9.064075469970703
491 -7.73281192779541
492 -9.06408405303955
493 -9.064080238342285
494 -9.064079284667969
495 -8.113297462463379
496 -9.064075469970703
497 -9.064085006713867
498 -7.65939998626709
499 -9.064047813415527
500 -9.064077377319336
501 -7.473483562469482
502 -7.276756286621094
503 -7.669057846069336
504 -7.739589691162109
505 -9.06408977508545
506 -9.064087867736816
507 -9.064064979553223
508 -9.064072608947754
509 -9.06404972076416
510 -7.388254642486572
511 -7.690718650817871
512 -9.064088821411133
513 -9.06301498413086
514 -7.79872465133667
515 -9.06406021118164
516 -9.064090728759766
517 -9.064085960388184
518 -9.064043045043945
519 -9.064077377319336
520 -7.864805698394775
521 -9.06405258178711
522 -9.064081192016602
523 -9.06380844116211
524 -7.864798069000244
525 -7.516768455505371
526 -9.064083099365234
527 -9.064075469970703
528 -9.064072608947754
529 -9.064069747924805
530 -9.064079284667969
531 -9.064090728759766
532 -9.064079284667969
533 -8.11329460144043
534 -9.064055442810059
535 -7.796912670135498
536 -9.064065933227539
537 -9.064064025878906
538 -7.7177734375
539 -9.064081192016602
540 -9.064054489135742
541 -9.064085006713867
542 -9.064064025878906
543 -9.064047813415527
544 -9.064074516296387
545 -9.06405258178711
546 -8.112357139587402
547 -7.645827770233154
548 -9.064071655273438
549 -9.064043045043945
550 -9.064054489135742
551 -7.779984951019287
552 -7.8647918701171875
553 -9.06407356262207
554 -7.708886623382568
555 -9.0640869140625
556 -7.688272953033447
557 -9.064069747924805
558 -9.06407642364502
559 -9.064090728759766
560 -9.06406307220459
561 -9.064072608947754
562 -9.06405258178711
563 -7.528963565826416
564 -9.064043045043945
565 -7.903019428253174
566 -9.063055038452148
567 -9.064047813415527
568 -7.488395690917969
569 -9.0640869140625
570 -9.064081192016602
571 -7.721962928771973
572 -9.064074516296387
573 -9.064074516296387
574 -7.802565097808838
575 -9.06407642364502
576 -7.4560546875
577 -7.784090042114258
578 -7.64976167678833
579 -9.064074516296387
580 -9.064078330993652
581 -9.064053535461426
582 -7.722004413604736
583 -9.064081192016602
584 -7.773397445678711
585 -7.760867595672607
586 -7.915665626525879
587 -7.658412933349609
588 -9.064083099365234
589 -8.113290786743164
590 -9.064077377319336
591 -7.590219497680664
592 -9.064061164855957
593 -7.857396602630615
594 -9.064077377319336
595 -7.86478328704834
596 -7.891034126281738
597 -9.064057350158691
598 -9.064074516296387
599 -9.064082145690918
600 -7.646244049072266
601 -9.064071655273438
602 -9.064079284667969
603 -9.064071655273438
604 -9.06407642364502
605 -7.563835144042969
606 -7.732762336730957
607 -9.06407642364502
608 -7.523227214813232
609 -9.064081192016602
610 -7.903013706207275
611 -7.864805221557617
612 -9.064062118530273
613 -9.0640869140625
614 -9.064071655273438
615 -7.795697212219238
616 -9.064079284667969
617 -7.802633762359619
618 -9.064062118530273
619 -9.064075469970703
620 -7.837850570678711
621 -9.064078330993652
622 -9.06408405303955
623 -9.064082145690918
624 -9.064003944396973
625 -7.648528575897217
626 -9.064083099365234
627 -7.779964447021484
628 -7.732757568359375
629 -7.794978618621826
630 -7.864805698394775
631 -9.064055442810059
632 -9.064090728759766
633 -9.064043045043945
634 -9.064085006713867
635 -9.064083099365234
636 -7.519541263580322
637 -8.113300323486328
638 -9.06408977508545
639 -9.064085960388184
640 -9.064056396484375
641 -9.0640869140625
642 -9.064047813415527
643 -9.064082145690918
644 -9.064085006713867
645 -9.064047813415527
646 -7.678911209106445
647 -9.064085006713867
648 -9.064087867736816
649 -7.645247936248779
650 -9.064081192016602
651 -9.064065933227539
652 -7.423384666442871
653 -9.064082145690918
654 -9.064085006713867
655 -9.06407356262207
656 -7.621419429779053
657 -8.060042381286621
658 -9.0640869140625
659 -9.0640869140625
660 -7.864799499511719
661 -9.064064025878906
662 -9.064068794250488
663 -9.064085006713867
664 -8.060036659240723
665 -9.064068794250488
666 -9.06408977508545
667 -7.76168155670166
668 -9.064085960388184
669 -9.06408405303955
670 -9.06408977508545
671 -7.590256690979004
672 -9.064081192016602
673 -9.064085960388184
674 -9.064075469970703
675 -9.064083099365234
676 -9.064080238342285
677 -9.064079284667969
678 -7.804860591888428
679 -7.675631523132324
680 -9.064079284667969
681 -9.064085006713867
682 -9.064064025878906
683 -9.064077377319336
684 -9.064056396484375
685 -9.064085006713867
686 -9.064061164855957
687 -7.721973419189453
688 -7.761684417724609
689 -9.064066886901855
690 -9.064068794250488
691 -7.905405521392822
692 -9.060976028442383
693 -7.780001640319824
694 -9.06407642364502
695 -7.804863452911377
696 -7.90539026260376
697 -7.502943992614746
698 -9.064085960388184
699 -9.064075469970703
700 -7.864801406860352
701 -9.06408405303955
702 -9.064077377319336
703 -9.064077377319336
704 -9.064051628112793
705 -7.9027252197265625
706 -9.064085006713867
707 -9.064062118530273
708 -9.064085006713867
709 -7.864773750305176
710 -7.6555891036987305
711 -9.06407356262207
712 -7.722001075744629
713 -7.837891578674316
714 -7.748237133026123
715 -9.064071655273438
716 -9.064085006713867
717 -7.5879435539245605
718 -7.645188808441162
719 -9.064078330993652
720 -9.064080238342285
721 -7.880317211151123
722 -9.064072608947754
723 -8.060051918029785
724 -7.677479267120361
725 -9.064081192016602
726 -7.804876327514648
727 -9.064070701599121
728 -8.112876892089844
729 -9.064081192016602
730 -9.064088821411133
731 -9.064085006713867
732 -7.623425483703613
733 -9.064078330993652
734 -9.064069747924805
735 -9.064085006713867
736 -9.06408405303955
737 -9.064068794250488
738 -7.798733711242676
739 -9.064071655273438
740 -9.064083099365234
741 -7.613262176513672
742 -7.5636749267578125
743 -7.837888240814209
744 -7.864799976348877
745 -7.761730670928955
746 -9.064085960388184
747 -9.064090728759766
748 -7.837935447692871
749 -9.064088821411133
750 -9.064078330993652
751 -9.064090728759766
752 -9.064085960388184
753 -7.903009414672852
754 -9.064061164855957
755 -9.064048767089844
756 -9.064079284667969
757 -9.064085006713867
758 -9.064078330993652
759 -7.401972770690918
760 -9.064067840576172
761 -9.064079284667969
762 -9.064058303833008
763 -7.6220927238464355
764 -7.864794731140137
765 -9.064090728759766
766 -9.064082145690918
767 -9.064057350158691
768 -9.064053535461426
769 -9.064079284667969
770 -7.837898254394531
771 -9.064053535461426
772 -7.739673137664795
773 -7.512351989746094
774 -8.057441711425781
775 -7.915581703186035
776 -7.905361175537109
777 -9.064050674438477
778 -9.064083099365234
779 -7.62035608291626
780 -8.059893608093262
781 -7.714588165283203
782 -9.064054489135742
783 -9.064085006713867
784 -9.064078330993652
785 -9.064090728759766
786 -9.064072608947754
787 -7.690686225891113
788 -7.645261764526367
789 -9.064071655273438
790 -9.064070701599121
791 -9.064085960388184
792 -7.837929725646973
793 -7.993656635284424
794 -9.064087867736816
795 -7.899507522583008
796 -9.064069747924805
797 -9.06407356262207
798 -7.573659896850586
799 -7.671999931335449
800 -9.064067840576172
801 -7.566590785980225
802 -9.064066886901855
803 -8.11329174041748
804 -7.798720836639404
805 -9.064047813415527
806 -7.622021675109863
807 -9.064071655273438
808 -9.064081192016602
809 -9.064075469970703
810 -9.064067840576172
811 -9.064059257507324
812 -9.064072608947754
813 -9.06408405303955
814 -9.064074516296387
815 -7.672050476074219
816 -7.761678218841553
817 -9.064055442810059
818 -7.494716644287109
819 -9.064079284667969
820 -9.064072608947754
821 -9.06408405303955
822 -7.7998366355896
823 -9.064069747924805
824 -7.761686325073242
825 -7.779988765716553
826 -9.064041137695312
827 -9.064090728759766
828 -8.060049057006836
829 -7.455432415008545
830 -9.064058303833008
831 -7.915643692016602
832 -7.864780902862549
833 -9.064021110534668
834 -7.606462478637695
835 -9.064083099365234
836 -9.064070701599121
837 -9.06408405303955
838 -7.424105167388916
839 -7.586602687835693
840 -9.064085006713867
841 -9.064058303833008
842 -9.064087867736816
843 -8.104364395141602
844 -7.658901214599609
845 -7.837818622589111
846 -9.064050674438477
847 -9.064044952392578
848 -9.064078330993652
849 -9.064062118530273
850 -9.06408405303955
851 -9.06408405303955
852 -9.0640869140625
853 -7.432537078857422
854 -9.064074516296387
855 -9.064090728759766
856 -9.064085006713867
857 -9.064083099365234
858 -9.064075469970703
859 -7.704388618469238
860 -7.5695343017578125
861 -9.064056396484375
862 -9.064064979553223
863 -9.0640869140625
864 -9.064078330993652
865 -9.064058303833008
866 -9.064077377319336
867 -9.064082145690918
868 -7.35627555847168
869 -9.064085960388184
870 -7.566933631896973
871 -9.064090728759766
872 -7.673770904541016
873 -8.060070037841797
874 -7.9054274559021
875 -9.064080238342285
876 -8.113290786743164
877 -9.06408405303955
878 -9.064054489135742
879 -7.774314880371094
880 -8.113297462463379
881 -9.064067840576172
882 -7.363307476043701
883 -7.363343715667725
884 -7.415092468261719
885 -9.064072608947754
886 -9.064080238342285
887 -9.064069747924805
888 -7.804871082305908
889 -9.06408405303955
890 -7.804873466491699
891 -9.064082145690918
892 -7.672047138214111
893 -9.064055442810059
894 -9.064088821411133
895 -7.864802837371826
896 -9.064090728759766
897 -9.064072608947754
898 -9.064080238342285
899 -7.544632434844971
900 -9.064043045043945
901 -7.711944580078125
902 -9.064081192016602
903 -9.064067840576172
904 -7.67150354385376
905 -7.90537691116333
906 -8.113295555114746
907 -9.064067840576172
908 -9.064080238342285
909 -9.064081192016602
910 -7.905372619628906
911 -9.064082145690918
912 -7.7397613525390625
913 -7.4150896072387695
914 -9.064081192016602
915 -9.064090728759766
916 -9.064061164855957
917 -9.064044952392578
918 -7.748251914978027
919 -9.064072608947754
920 -9.064071655273438
921 -9.064057350158691
922 -7.798716068267822
923 -9.06407642364502
924 -7.415098667144775
925 -7.6618242263793945
926 -7.6128950119018555
927 -7.987973213195801
928 -7.400774955749512
929 -7.795961856842041
930 -7.708940505981445
931 -7.899089336395264
932 -7.6023783683776855
933 -8.06006145477295
934 -8.060066223144531
935 -9.064085006713867
936 -7.403079032897949
937 -9.064069747924805
938 -9.064083099365234
939 -9.064070701599121
940 -8.008002281188965
941 -7.80487585067749
942 -7.645172595977783
943 -7.7616376876831055
944 -7.535702228546143
945 -9.064081192016602
946 -9.064085006713867
947 -7.837873935699463
948 -9.064081192016602
949 -7.837918758392334
950 -7.780003547668457
951 -9.06365966796875
952 -9.0640869140625
953 -7.804858684539795
954 -7.669163703918457
955 -9.064083099365234
956 -9.064072608947754
957 -9.06408977508545
958 -9.064082145690918
959 -7.804870128631592
960 -9.064090728759766
961 -7.402498722076416
962 -9.064075469970703
963 -7.645270824432373
964 -9.06408977508545
965 -9.064048767089844
966 -9.064081192016602
967 -9.0640869140625
968 -7.896546840667725
969 -9.064047813415527
970 -9.06407356262207
971 -9.064081192016602
972 -9.064079284667969
973 -9.064056396484375
974 -7.5638203620910645
975 -7.60650110244751
976 -9.064081192016602
977 -9.064051628112793
978 -9.064064979553223
979 -7.711957931518555
980 -9.06406021118164
981 -9.064081192016602
982 -9.064050674438477
983 -9.064085960388184
984 -9.064078330993652
985 -9.06408405303955
986 -7.9051618576049805
987 -9.064079284667969
988 -9.064087867736816
989 -9.064069747924805
990 -9.064069747924805
991 -9.06407642364502
992 -9.064068794250488
993 -9.064081192016602
994 -9.0640287399292
995 -9.064056396484375
996 -9.064075469970703
997 -9.064062118530273
998 -7.646133899688721
999 -9.064079284667969
