0 -5.151291847229004
1 -5.339386940002441
2 -5.668315887451172
3 -5.568691730499268
4 -5.151291847229004
5 -6.310971736907959
6 -6.445892333984375
7 -6.279986381530762
8 -6.423573017120361
9 -6.384510040283203
10 -7.130565166473389
11 -6.148192882537842
12 -6.462460517883301
13 -8.705299377441406
14 -6.503652572631836
15 -6.713515758514404
16 -5.8455047607421875
17 -6.597881317138672
18 -6.629940032958984
19 -8.973922729492188
20 -7.060863494873047
21 -6.133580207824707
22 -6.445872783660889
23 -7.97737979888916
24 -6.509995937347412
25 -6.870183944702148
26 -6.620317459106445
27 -6.724639892578125
28 -8.530041694641113
29 -6.570479393005371
30 -9.064090728759766
31 -7.4126362800598145
32 -6.39268684387207
33 -8.411381721496582
34 -6.3137407302856445
35 -8.553210258483887
36 -8.767831802368164
37 -8.84206771850586
38 -6.510757923126221
39 -6.7898759841918945
40 -7.533984661102295
41 -5.944326400756836
42 -6.599462985992432
43 -6.898935317993164
44 -8.584394454956055
45 -6.482079029083252
46 -7.486952781677246
47 -6.091962814331055
48 -7.9576802253723145
49 -8.258827209472656
50 -6.508277893066406
51 -7.8245038986206055
52 -7.509732723236084
53 -6.8349103927612305
54 -8.481456756591797
55 -6.565450191497803
56 -7.04223108291626
57 -7.241436958312988
58 -6.717824935913086
59 -6.958122253417969
60 -6.570524215698242
61 -8.658001899719238
62 -6.901470184326172
63 -8.957953453063965
64 -6.315606117248535
65 -7.934967517852783
66 -8.410124778747559
67 -6.31647253036499
68 -6.1743011474609375
69 -5.946345806121826
70 -8.97348403930664
71 -6.682978630065918
72 -7.032962799072266
73 -5.966175556182861
74 -6.335250377655029
75 -6.737929344177246
76 -8.007621765136719
77 -6.0759992599487305
78 -7.679059028625488
79 -6.902758598327637
80 -7.787446022033691
81 -6.44854736328125
82 -6.679244518280029
83 -7.0099687576293945
84 -8.800995826721191
85 -6.773451328277588
86 -8.400262832641602
87 -6.149402618408203
88 -6.4465813636779785
89 -5.903071880340576
90 -6.1566362380981445
91 -8.38530158996582
92 -6.277368545532227
93 -6.418820858001709
94 -8.333651542663574
95 -6.528711795806885
96 -6.416109085083008
97 -6.364400863647461
98 -6.2013349533081055
99 -7.914214611053467
100 -6.215632915496826
101 -6.309511184692383
102 -8.961443901062012
103 -6.335198879241943
104 -6.102230072021484
105 -7.544845104217529
106 -6.749220848083496
107 -7.160480499267578
108 -6.802000522613525
109 -6.573381423950195
110 -9.06408977508545
111 -6.368925094604492
112 -7.968430042266846
113 -9.064090728759766
114 -6.808683395385742
115 -6.231752395629883
116 -8.000518798828125
117 -6.553216457366943
118 -6.374370574951172
119 -7.130585193634033
120 -8.356172561645508
121 -7.60975980758667
122 -7.944151878356934
123 -6.642904281616211
124 -8.492780685424805
125 -7.015758514404297
126 -6.25503396987915
127 -6.701821804046631
128 -6.616751194000244
129 -6.099815368652344
130 -9.064090728759766
131 -6.548585891723633
132 -7.226289749145508
133 -6.093758583068848
134 -6.176072120666504
135 -6.456118583679199
136 -6.339535236358643
137 -9.064090728759766
138 -7.340289115905762
139 -6.970163345336914
140 -6.443325042724609
141 -8.990928649902344
142 -6.819632053375244
143 -6.821517467498779
144 -6.476620674133301
145 -6.667244911193848
146 -6.698868751525879
147 -6.485195636749268
148 -6.270705223083496
149 -6.0498809814453125
150 -8.741036415100098
151 -6.561968803405762
152 -8.823015213012695
153 -7.02279806137085
154 -8.661965370178223
155 -7.081028461456299
156 -9.064090728759766
157 -7.509082317352295
158 -6.511019706726074
159 -6.200916290283203
160 -6.984567642211914
161 -6.3346147537231445
162 -6.724327564239502
163 -6.695653915405273
164 -6.170261383056641
165 -8.962920188903809
166 -5.879883766174316
167 -8.699689865112305
168 -7.8916916847229
169 -7.106642723083496
170 -9.06408977508545
171 -7.161092758178711
172 -6.831792831420898
173 -8.852765083312988
174 -6.545645236968994
175 -6.583024024963379
176 -6.7741193771362305
177 -6.152979373931885
178 -9.064090728759766
179 -7.792550086975098
180 -6.645876407623291
181 -6.056288719177246
182 -8.224522590637207
183 -8.603075981140137
184 -7.291646480560303
185 -7.45589017868042
186 -6.753586769104004
187 -6.981878280639648
188 -7.890629768371582
189 -6.956089973449707
190 -6.728726863861084
191 -6.82326602935791
192 -6.895708084106445
193 -6.519055366516113
194 -6.51088285446167
195 -6.713446617126465
196 -8.919888496398926
197 -6.060437202453613
198 -6.497077941894531
199 -6.655427932739258
200 -7.164924621582031
201 -9.064090728759766
202 -6.138200283050537
203 -6.755879878997803
204 -8.530438423156738
205 -6.261603355407715
206 -7.236530303955078
207 -7.306154251098633
208 -6.509779930114746
209 -6.206921577453613
210 -6.0169477462768555
211 -6.224132537841797
212 -7.471701622009277
213 -6.039577007293701
214 -6.5998125076293945
215 -6.3511271476745605
216 -7.3680877685546875
217 -6.212019920349121
218 -6.552143573760986
219 -7.055733680725098
220 -6.50235652923584
221 -8.512964248657227
222 -7.974920749664307
223 -7.1764607429504395
224 -7.0320258140563965
225 -9.064090728759766
226 -6.14158821105957
227 -6.070946216583252
228 -6.49184513092041
229 -7.740253448486328
230 -6.315387725830078
231 -6.87619686126709
232 -6.119025230407715
233 -6.17291259765625
234 -7.056767463684082
235 -6.899968147277832
236 -6.303097248077393
237 -6.5262837409973145
238 -6.17448616027832
239 -8.999547004699707
240 -6.864456653594971
241 -7.224164009094238
242 -6.747992992401123
243 -8.906702995300293
244 -6.505470275878906
245 -7.199560642242432
246 -6.902874946594238
247 -7.003522872924805
248 -6.037259101867676
249 -6.538893699645996
250 -5.837726593017578
251 -8.278923034667969
252 -7.017674446105957
253 -6.0749993324279785
254 -6.317911624908447
255 -9.064090728759766
256 -8.70936107635498
257 -6.553653717041016
258 -7.247652530670166
259 -6.346008777618408
260 -6.2888641357421875
261 -9.013384819030762
262 -7.34236478805542
263 -6.002357482910156
264 -6.685596466064453
265 -6.434357643127441
266 -6.084627628326416
267 -9.064090728759766
268 -7.297569751739502
269 -6.297157287597656
270 -6.616496562957764
271 -7.055617332458496
272 -7.614797115325928
273 -8.991950035095215
274 -7.356462001800537
275 -6.22566556930542
276 -8.14320182800293
277 -8.492258071899414
278 -8.450332641601562
279 -6.596277713775635
280 -6.108630180358887
281 -7.388424873352051
282 -6.332483291625977
283 -7.702791690826416
284 -8.984993934631348
285 -6.704344272613525
286 -8.6989164352417
287 -6.5114545822143555
288 -7.116616249084473
289 -6.378780364990234
290 -6.661038875579834
291 -7.956298828125
292 -6.330824851989746
293 -8.488798141479492
294 -8.912556648254395
295 -8.297294616699219
296 -7.120370864868164
297 -6.102626800537109
298 -7.2652268409729
299 -6.579699516296387
300 -7.288885593414307
301 -8.749561309814453
302 -6.661154747009277
303 -6.533486366271973
304 -6.631817817687988
305 -7.5587873458862305
306 -6.8850202560424805
307 -8.02699089050293
308 -5.821835041046143
309 -6.076296329498291
310 -6.375294208526611
311 -7.104952335357666
312 -7.235294342041016
313 -6.300650596618652
314 -9.064090728759766
315 -6.704214572906494
316 -8.990533828735352
317 -7.615057945251465
318 -6.291581153869629
319 -8.115135192871094
320 -6.976696968078613
321 -6.757298946380615
322 -6.538619041442871
323 -7.237483024597168
324 -6.626190662384033
325 -8.511336326599121
326 -6.381253242492676
327 -7.531184196472168
328 -7.471396446228027
329 -7.474731922149658
330 -6.791013717651367
331 -6.39969539642334
332 -7.124866485595703
333 -6.881717681884766
334 -6.88223934173584
335 -7.133537292480469
336 -6.369174480438232
337 -6.521844863891602
338 -6.902609825134277
339 -7.082862854003906
340 -8.80463695526123
341 -7.185317039489746
342 -6.336572170257568
343 -8.747225761413574
344 -6.051846027374268
345 -6.4382734298706055
346 -6.756818771362305
347 -8.220194816589355
348 -6.831424713134766
349 -6.658429145812988
350 -7.122960567474365
351 -6.227429389953613
352 -6.476926326751709
353 -8.052266120910645
354 -6.617293357849121
355 -8.739859580993652
356 -8.947763442993164
357 -5.972853660583496
358 -5.853365898132324
359 -6.0875396728515625
360 -9.06408977508545
361 -9.064090728759766
362 -6.7515668869018555
363 -7.238523960113525
364 -6.986966133117676
365 -6.751988410949707
366 -6.230260848999023
367 -6.535610675811768
368 -6.544099807739258
369 -6.26223611831665
370 -6.4612603187561035
371 -6.396140098571777
372 -9.064090728759766
373 -6.557461738586426
374 -6.409669399261475
375 -7.517354965209961
376 -5.971710205078125
377 -6.686877727508545
378 -6.380891799926758
379 -7.383248329162598
380 -6.945633411407471
381 -8.381271362304688
382 -6.342850685119629
383 -6.2248640060424805
384 -6.697734355926514
385 -8.883955955505371
386 -6.5780205726623535
387 -6.581627368927002
388 -6.582184791564941
389 -7.0482964515686035
390 -6.219081878662109
391 -5.828319072723389
392 -6.154071807861328
393 -6.912074565887451
394 -7.173550605773926
395 -7.423453330993652
396 -6.551661968231201
397 -8.641022682189941
398 -7.106761932373047
399 -6.38002347946167
400 -7.088829040527344
401 -7.130584716796875
402 -6.923974990844727
403 -6.047530174255371
404 -6.156636714935303
405 -6.240588665008545
406 -6.207732200622559
407 -6.934568405151367
408 -6.872220993041992
409 -6.476876735687256
410 -6.5170369148254395
411 -6.021648406982422
412 -6.868139266967773
413 -6.168103218078613
414 -6.5553975105285645
415 -8.981159210205078
416 -6.4304304122924805
417 -6.46929931640625
418 -5.80842399597168
419 -7.321145534515381
420 -9.017467498779297
421 -7.283898830413818
422 -6.210356712341309
423 -7.133027076721191
424 -6.59141731262207
425 -6.595460891723633
426 -6.158369064331055
427 -8.064542770385742
428 -7.2152791023254395
429 -9.064090728759766
430 -7.48492431640625
431 -6.060771942138672
432 -6.27833366394043
433 -8.84007453918457
434 -6.333827495574951
435 -7.60606050491333
436 -7.519397258758545
437 -6.16031551361084
438 -6.81044864654541
439 -6.3268632888793945
440 -6.715544700622559
441 -6.455442905426025
442 -6.51475715637207
443 -7.405757904052734
444 -6.858648300170898
445 -6.707075119018555
446 -6.423746109008789
447 -6.393768787384033
448 -7.713227272033691
449 -6.534378528594971
450 -6.860866069793701
451 -8.558829307556152
452 -7.048800945281982
453 -6.547192096710205
454 -6.185329437255859
455 -7.884336948394775
456 -6.781878471374512
457 -6.69109582901001
458 -6.979919910430908
459 -6.47929573059082
460 -6.979589939117432
461 -7.30769681930542
462 -8.015442848205566
463 -6.625680923461914
464 -6.209907531738281
465 -6.247425079345703
466 -9.029264450073242
467 -5.874398708343506
468 -6.431110858917236
469 -7.959085464477539
470 -6.567114353179932
471 -7.333346366882324
472 -7.331314563751221
473 -6.398082256317139
474 -7.912007808685303
475 -7.951892852783203
476 -6.266323089599609
477 -8.553747177124023
478 -9.032732963562012
479 -8.141273498535156
480 -6.733578681945801
481 -6.796796798706055
482 -6.415214538574219
483 -7.865471839904785
484 -7.9637603759765625
485 -7.175323009490967
486 -6.144232749938965
487 -6.48078727722168
488 -9.006471633911133
489 -8.074751853942871
490 -6.65775203704834
491 -6.086948871612549
492 -6.232394695281982
493 -8.410527229309082
494 -5.914196014404297
495 -7.206686973571777
496 -6.8261027336120605
497 -6.691117763519287
498 -8.436565399169922
499 -6.591352462768555
500 -6.694309711456299
501 -7.1471333503723145
502 -8.936206817626953
503 -6.191744804382324
504 -6.451107025146484
505 -7.112839221954346
506 -6.3817138671875
507 -6.439241409301758
508 -7.384244441986084
509 -6.401474952697754
510 -6.109512805938721
511 -7.116227149963379
512 -8.660964965820312
513 -7.097823143005371
514 -8.394052505493164
515 -9.064090728759766
516 -9.064090728759766
517 -6.97959041595459
518 -6.754249572753906
519 -7.514383792877197
520 -7.503045558929443
521 -6.37192440032959
522 -6.895436763763428
523 -6.624676704406738
524 -6.941762924194336
525 -6.480721473693848
526 -6.338215351104736
527 -6.614250183105469
528 -7.842947006225586
529 -6.886853218078613
530 -6.233752250671387
531 -6.5965681076049805
532 -6.021153450012207
533 -7.076193332672119
534 -8.190420150756836
535 -8.621533393859863
536 -6.694299697875977
537 -6.942113399505615
538 -8.42460823059082
539 -8.160253524780273
540 -6.36116886138916
541 -6.503537178039551
542 -6.379672527313232
543 -6.173736095428467
544 -6.099245548248291
545 -7.864764213562012
546 -9.064091682434082
547 -6.387852668762207
548 -6.570886611938477
549 -7.535123348236084
550 -6.245266914367676
551 -7.453005790710449
552 -6.810690879821777
553 -7.892767906188965
554 -8.668660163879395
555 -9.064090728759766
556 -7.517192840576172
557 -9.006739616394043
558 -8.804524421691895
559 -6.585572719573975
560 -6.702903747558594
561 -8.753907203674316
562 -7.115295886993408
563 -8.891195297241211
564 -8.952242851257324
565 -6.768894672393799
566 -6.743592739105225
567 -8.232876777648926
568 -5.970006465911865
569 -6.412143707275391
570 -9.064090728759766
571 -6.383966445922852
572 -8.86340045928955
573 -6.3326568603515625
574 -8.993752479553223
575 -9.064090728759766
576 -6.239418983459473
577 -7.048411846160889
578 -8.835963249206543
579 -6.442251682281494
580 -6.568741321563721
581 -9.030495643615723
582 -6.928234100341797
583 -6.264318466186523
584 -6.689160346984863
585 -6.983865737915039
586 -6.536688804626465
587 -7.464069366455078
588 -6.659649848937988
589 -8.958404541015625
590 -7.209981918334961
591 -7.913278102874756
592 -6.146402359008789
593 -7.554669380187988
594 -6.555108070373535
595 -6.156856060028076
596 -7.179089069366455
597 -6.425782203674316
598 -6.374122142791748
599 -8.974970817565918
600 -6.130895614624023
601 -7.875851631164551
602 -7.478169918060303
603 -7.124943733215332
604 -6.223116874694824
605 -6.544030666351318
606 -6.598872184753418
607 -6.548764228820801
608 -6.726712226867676
609 -7.449686527252197
610 -6.5282697677612305
611 -6.468106269836426
612 -6.464859962463379
613 -8.8603515625
614 -6.14381217956543
615 -6.804143905639648
616 -6.994054794311523
617 -7.4193925857543945
618 -9.064090728759766
619 -6.697212219238281
620 -8.922588348388672
621 -6.815861701965332
622 -6.722550392150879
623 -6.301234722137451
624 -7.003015995025635
625 -6.599769592285156
626 -8.931526184082031
627 -6.373752593994141
628 -7.427696228027344
629 -6.268557071685791
630 -8.529726028442383
631 -7.944286346435547
632 -6.555860996246338
633 -9.064090728759766
634 -6.160286903381348
635 -6.12780237197876
636 -6.081589698791504
637 -6.853780746459961
638 -7.257611274719238
639 -7.429476261138916
640 -6.9646806716918945
641 -8.77195930480957
642 -6.912390232086182
643 -9.003969192504883
644 -7.9360857009887695
645 -6.264551162719727
646 -6.272524833679199
647 -9.064090728759766
648 -6.098784446716309
649 -7.293587684631348
650 -6.989657402038574
651 -6.930371284484863
652 -6.932847023010254
653 -8.962725639343262
654 -6.751219272613525
655 -6.371736526489258
656 -6.190075874328613
657 -7.480515003204346
658 -7.041736602783203
659 -6.252670764923096
660 -6.419585227966309
661 -7.5711212158203125
662 -6.12398099899292
663 -6.354575157165527
664 -6.947726249694824
665 -6.226787567138672
666 -6.423394203186035
667 -6.143917083740234
668 -6.372140407562256
669 -6.216582298278809
670 -8.126701354980469
671 -8.862632751464844
672 -6.783400535583496
673 -6.67640495300293
674 -7.096977710723877
675 -6.582336902618408
676 -9.064090728759766
677 -7.0576887130737305
678 -7.092508316040039
679 -6.050707817077637
680 -7.1393022537231445
681 -6.307070732116699
682 -6.541223049163818
683 -6.1930084228515625
684 -6.497026443481445
685 -6.339778423309326
686 -6.705452919006348
687 -6.478418827056885
688 -8.040889739990234
689 -6.888210296630859
690 -6.810617446899414
691 -6.986008644104004
692 -7.160610675811768
693 -6.937998294830322
694 -7.984539031982422
695 -8.57683277130127
696 -7.1962809562683105
697 -6.554520606994629
698 -5.73574161529541
699 -7.368594169616699
700 -7.163877487182617
701 -5.83761739730835
702 -7.352810382843018
703 -6.46499490737915
704 -6.624475479125977
705 -6.189584255218506
706 -7.440689563751221
707 -6.137325286865234
708 -6.456893444061279
709 -8.989779472351074
710 -6.483677864074707
711 -7.528337478637695
712 -7.410598278045654
713 -6.312806606292725
714 -6.436855316162109
715 -6.2684407234191895
716 -8.963459968566895
717 -8.645429611206055
718 -6.156636714935303
719 -6.909423828125
720 -6.513067722320557
721 -6.4344329833984375
722 -6.283465385437012
723 -8.674670219421387
724 -7.483780384063721
725 -6.961783409118652
726 -6.796741962432861
727 -7.096104621887207
728 -6.8638505935668945
729 -6.189384460449219
730 -9.064091682434082
731 -7.781575679779053
732 -9.007285118103027
733 -6.865175724029541
734 -6.236591339111328
735 -7.0786848068237305
736 -6.306384086608887
737 -6.589459419250488
738 -6.613217353820801
739 -6.421365261077881
740 -6.647972106933594
741 -6.570478439331055
742 -8.98085880279541
743 -8.639379501342773
744 -6.545938968658447
745 -6.545598030090332
746 -6.855957984924316
747 -6.248631477355957
748 -6.1458740234375
749 -8.998927116394043
750 -6.438753604888916
751 -6.509639263153076
752 -6.037576675415039
753 -6.610920429229736
754 -6.9881391525268555
755 -6.719809532165527
756 -6.733126640319824
757 -6.935791015625
758 -6.546308994293213
759 -6.129293441772461
760 -8.039203643798828
761 -6.262870788574219
762 -8.803909301757812
763 -6.323384761810303
764 -9.027597427368164
765 -8.722921371459961
766 -7.184105396270752
767 -7.1426825523376465
768 -7.311371803283691
769 -8.889084815979004
770 -6.255074501037598
771 -8.645574569702148
772 -6.700423717498779
773 -6.1566362380981445
774 -6.32227897644043
775 -6.48873233795166
776 -6.614508628845215
777 -7.272727966308594
778 -6.242917060852051
779 -7.764267444610596
780 -8.58807373046875
781 -6.441356658935547
782 -8.612991333007812
783 -7.168237686157227
784 -9.002546310424805
785 -6.514820575714111
786 -6.656191825866699
787 -7.844587802886963
788 -6.555144309997559
789 -6.7123517990112305
790 -7.333558082580566
791 -7.122841835021973
792 -6.417949199676514
793 -6.273763656616211
794 -6.553679466247559
795 -7.098878860473633
796 -6.1175336837768555
797 -7.103829860687256
798 -6.300625801086426
799 -6.209541320800781
800 -6.733161449432373
801 -8.689833641052246
802 -8.49237060546875
803 -8.487069129943848
804 -6.509282112121582
805 -6.415353775024414
806 -8.909656524658203
807 -8.816341400146484
808 -6.541808128356934
809 -8.002437591552734
810 -9.064090728759766
811 -6.356347560882568
812 -8.305534362792969
813 -6.5496826171875
814 -7.818241596221924
815 -6.410696029663086
816 -6.410251617431641
817 -8.654266357421875
818 -7.4201507568359375
819 -5.918720245361328
820 -7.4931464195251465
821 -7.8069682121276855
822 -6.564755439758301
823 -6.507767677307129
824 -6.66761589050293
825 -7.404304504394531
826 -7.679858207702637
827 -8.139741897583008
828 -6.373856544494629
829 -6.132584095001221
830 -6.3585357666015625
831 -6.15036153793335
832 -7.311371803283691
833 -8.942612648010254
834 -9.064090728759766
835 -6.603542327880859
836 -9.03784465789795
837 -7.912744045257568
838 -6.494899749755859
839 -7.154059886932373
840 -6.537496566772461
841 -7.244741439819336
842 -6.590274810791016
843 -7.067189693450928
844 -7.480194568634033
845 -7.103830337524414
846 -6.171850204467773
847 -6.876812934875488
848 -6.967829704284668
849 -6.505563735961914
850 -8.459750175476074
851 -7.168548583984375
852 -8.014341354370117
853 -7.252111434936523
854 -8.169251441955566
855 -8.82151985168457
856 -7.4753313064575195
857 -7.53197717666626
858 -6.538765907287598
859 -7.196582794189453
860 -6.012012481689453
861 -6.732518196105957
862 -6.317967891693115
863 -6.136231422424316
864 -9.064090728759766
865 -7.710156440734863
866 -6.176153182983398
867 -6.373159885406494
868 -7.304391384124756
869 -8.792953491210938
870 -9.064090728759766
871 -7.471911907196045
872 -6.404458045959473
873 -6.485540390014648
874 -6.963367938995361
875 -6.813203811645508
876 -6.91853141784668
877 -6.864518642425537
878 -6.390321254730225
879 -6.566922187805176
880 -8.805146217346191
881 -8.162353515625
882 -8.93626880645752
883 -6.011394500732422
884 -8.824129104614258
885 -6.412551403045654
886 -5.801305770874023
887 -6.943195819854736
888 -7.092190742492676
889 -6.8142523765563965
890 -8.590383529663086
891 -9.03448486328125
892 -5.798246383666992
893 -8.549695014953613
894 -7.316926002502441
895 -6.987332344055176
896 -9.033318519592285
897 -6.454746246337891
898 -6.767265796661377
899 -7.094218730926514
900 -6.388445854187012
901 -8.822929382324219
902 -6.279394626617432
903 -6.302890777587891
904 -8.471571922302246
905 -9.025083541870117
906 -6.541746616363525
907 -9.06408977508545
908 -6.443991661071777
909 -6.486620903015137
910 -6.568669319152832
911 -8.64221477508545
912 -8.847187995910645
913 -8.794208526611328
914 -6.6967082023620605
915 -5.856815338134766
916 -7.647939682006836
917 -9.019295692443848
918 -6.433419227600098
919 -6.588614463806152
920 -6.382119178771973
921 -6.428561210632324
922 -6.359198570251465
923 -6.76939058303833
924 -6.712939739227295
925 -6.6068196296691895
926 -6.647346496582031
927 -6.626429557800293
928 -7.301341533660889
929 -6.282739639282227
930 -7.871352195739746
931 -6.7736496925354
932 -6.829799652099609
933 -5.919726371765137
934 -6.96138858795166
935 -7.7164201736450195
936 -5.949562072753906
937 -6.113858222961426
938 -6.502018928527832
939 -6.389340400695801
940 -8.623327255249023
941 -6.817949295043945
942 -6.696627616882324
943 -6.276679039001465
944 -7.064952373504639
945 -6.770298957824707
946 -6.209493637084961
947 -6.692724704742432
948 -8.248971939086914
949 -5.987635612487793
950 -8.987781524658203
951 -6.516929626464844
952 -8.381206512451172
953 -6.388449668884277
954 -6.952125549316406
955 -8.521688461303711
956 -5.869532585144043
957 -5.994007110595703
958 -7.674725532531738
959 -8.330799102783203
960 -8.879008293151855
961 -6.225150108337402
962 -5.9465155601501465
963 -6.692606449127197
964 -6.393467903137207
965 -6.923019886016846
966 -8.937817573547363
967 -6.532717704772949
968 -6.927363395690918
969 -7.711770057678223
970 -6.155792236328125
971 -8.81561279296875
972 -7.531266689300537
973 -7.487451076507568
974 -6.992757797241211
975 -9.064090728759766
976 -6.764634132385254
977 -6.274619102478027
978 -6.394563674926758
979 -8.063739776611328
980 -6.612217426300049
981 -7.899289131164551
982 -6.607542991638184
983 -6.651859283447266
984 -6.6801042556762695
985 -7.299090385437012
986 -6.614520072937012
987 -6.474554061889648
988 -7.405020236968994
989 -9.064090728759766
990 -6.287946701049805
991 -7.887420654296875
992 -7.225678443908691
993 -6.312815189361572
994 -7.373748302459717
995 -6.566485404968262
996 -6.7011799812316895
997 -6.287710666656494
998 -6.120072364807129
999 -7.8036370277404785
