0 -7.915650844573975
1 -8.006826400756836
2 -7.725347518920898
3 -7.602225303649902
4 -7.623429775238037
5 -7.707293510437012
6 -9.064046859741211
7 -7.563836097717285
8 -8.060049057006836
9 -9.064050674438477
10 -9.064074516296387
11 -7.710658073425293
12 -9.064062118530273
13 -9.06403923034668
14 -7.67562198638916
15 -7.864809036254883
16 -7.633269786834717
17 -9.064054489135742
18 -7.804871559143066
19 -9.064074516296387
20 -9.064070701599121
21 -9.064075469970703
22 -9.064077377319336
23 -7.585254669189453
24 -9.064077377319336
25 -7.415102481842041
26 -7.500219345092773
27 -9.064047813415527
28 -7.748251438140869
29 -9.064065933227539
30 -9.064083099365234
31 -7.899095058441162
32 -9.063905715942383
33 -9.064081192016602
34 -9.064079284667969
35 -7.5206522941589355
36 -9.064087867736816
37 -9.064075469970703
38 -7.404729843139648
39 -9.06408405303955
40 -9.06408405303955
41 -9.06405258178711
42 -9.064082145690918
43 -9.064069747924805
44 -9.06407642364502
45 -9.064082145690918
46 -7.238280773162842
47 -9.06408405303955
48 -9.06393051147461
49 -7.442330360412598
50 -9.064078330993652
51 -8.060051918029785
52 -7.738173961639404
53 -9.064069747924805
54 -9.063935279846191
55 -9.06407356262207
56 -9.06405258178711
57 -9.064080238342285
58 -9.064078330993652
59 -9.064054489135742
60 -7.501714706420898
61 -9.064071655273438
62 -8.06005859375
63 -9.064046859741211
64 -7.864797592163086
65 -8.113297462463379
66 -9.064085960388184
67 -9.06408405303955
68 -9.064064025878906
69 -9.064059257507324
70 -7.499271869659424
71 -9.064085960388184
72 -7.683764934539795
73 -7.798725128173828
74 -9.06408405303955
75 -9.06407356262207
76 -7.657293796539307
77 -9.064081192016602
78 -9.064090728759766
79 -9.064068794250488
80 -8.02749252319336
81 -9.064078330993652
82 -7.739755630493164
83 -7.899111747741699
84 -9.064068794250488
85 -9.064050674438477
86 -9.064083099365234
87 -7.655592918395996
88 -7.2185959815979
89 -7.802639484405518
90 -9.064079284667969
91 -7.8438825607299805
92 -9.064035415649414
93 -9.064042091369629
94 -7.864808082580566
95 -7.378860950469971
96 -9.064082145690918
97 -9.064081192016602
98 -8.113293647766113
99 -7.2369842529296875
100 -7.837851047515869
101 -7.804869174957275
102 -7.779989719390869
103 -7.8647661209106445
104 -7.804876327514648
105 -7.604954242706299
106 -7.598930835723877
107 -9.06404972076416
108 -9.064058303833008
109 -7.514614105224609
110 -7.837828159332275
111 -7.670705318450928
112 -9.0640869140625
113 -9.064067840576172
114 -9.064056396484375
115 -9.064081192016602
116 -9.064045906066895
117 -7.798732280731201
118 -7.5670342445373535
119 -7.721988677978516
120 -9.064081192016602
121 -7.902422904968262
122 -7.798727035522461
123 -9.063026428222656
124 -7.646244525909424
125 -9.064067840576172
126 -9.064033508300781
127 -9.064067840576172
128 -9.064072608947754
129 -9.064079284667969
130 -7.698539733886719
131 -7.905421257019043
132 -9.06408405303955
133 -7.902416706085205
134 -9.064072608947754
135 -9.064081192016602
136 -8.060056686401367
137 -7.9054083824157715
138 -7.6906633377075195
139 -9.064082145690918
140 -7.636017799377441
141 -9.064079284667969
142 -9.06408405303955
143 -9.064067840576172
144 -9.06407356262207
145 -7.615525245666504
146 -7.946967601776123
147 -9.064079284667969
148 -9.06408405303955
149 -7.619181156158447
150 -7.798735618591309
151 -9.064077377319336
152 -7.54914665222168
153 -9.06406307220459
154 -9.064079284667969
155 -9.064083099365234
156 -9.064041137695312
157 -9.06408977508545
158 -7.565890789031982
159 -7.991755485534668
160 -9.064082145690918
161 -9.064083099365234
162 -7.613256454467773
163 -7.415092945098877
164 -9.064081192016602
165 -9.064079284667969
166 -9.064075469970703
167 -9.064087867736816
168 -9.064090728759766
169 -7.798742294311523
170 -7.477488040924072
171 -9.064061164855957
172 -9.064057350158691
173 -9.064047813415527
174 -9.064064979553223
175 -8.060032844543457
176 -7.788174152374268
177 -9.064054489135742
178 -9.064056396484375
179 -9.064079284667969
180 -9.064069747924805
181 -7.587896347045898
182 -9.0640869140625
183 -9.064038276672363
184 -9.064079284667969
185 -8.11329460144043
186 -7.798725605010986
187 -7.748274326324463
188 -9.064090728759766
189 -9.064087867736816
190 -7.62210750579834
191 -9.064085006713867
192 -7.748269557952881
193 -7.613397598266602
194 -8.113289833068848
195 -9.064090728759766
196 -7.569014549255371
197 -7.804880619049072
198 -8.113231658935547
199 -7.71498441696167
200 -9.064071655273438
201 -8.113295555114746
202 -8.00784683227539
203 -7.523219585418701
204 -9.064081192016602
205 -9.064067840576172
206 -9.06403636932373
207 -9.064083099365234
208 -9.064045906066895
209 -9.064090728759766
210 -9.064080238342285
211 -8.113299369812012
212 -9.064081192016602
213 -9.06407642364502
214 -9.064062118530273
215 -9.064081192016602
216 -9.06408405303955
217 -7.9053521156311035
218 -9.064079284667969
219 -9.064079284667969
220 -7.804861068725586
221 -7.864803314208984
222 -9.064040184020996
223 -9.06408977508545
224 -9.064078330993652
225 -9.064050674438477
226 -7.804850101470947
227 -7.793711185455322
228 -9.064059257507324
229 -9.064064979553223
230 -9.064079284667969
231 -9.064065933227539
232 -9.064067840576172
233 -7.8990983963012695
234 -9.063887596130371
235 -9.064059257507324
236 -7.43902063369751
237 -9.064078330993652
238 -7.796972274780273
239 -7.864797592163086
240 -9.064081192016602
241 -9.064071655273438
242 -9.064072608947754
243 -7.722002029418945
244 -9.064070701599121
245 -9.064065933227539
246 -8.11329460144043
247 -9.064068794250488
248 -9.064085006713867
249 -9.06408977508545
250 -9.064079284667969
251 -9.064071655273438
252 -7.473837375640869
253 -9.064045906066895
254 -7.796954154968262
255 -7.646320343017578
256 -9.064078330993652
257 -9.064077377319336
258 -9.064074516296387
259 -9.064064025878906
260 -9.064072608947754
261 -7.688248634338379
262 -9.06404972076416
263 -7.796891212463379
264 -9.06407642364502
265 -9.064057350158691
266 -8.060033798217773
267 -7.802630424499512
268 -7.73975944519043
269 -7.518965721130371
270 -9.064065933227539
271 -9.064067840576172
272 -9.064068794250488
273 -9.064056396484375
274 -9.06407356262207
275 -9.064090728759766
276 -9.064075469970703
277 -7.636751651763916
278 -9.064057350158691
279 -9.064079284667969
280 -9.064059257507324
281 -9.064088821411133
282 -9.06407356262207
283 -7.711946487426758
284 -7.577140808105469
285 -7.544917106628418
286 -8.060041427612305
287 -9.06407356262207
288 -9.064044952392578
289 -7.632672309875488
290 -8.113286018371582
291 -9.064072608947754
292 -7.779959678649902
293 -9.064079284667969
294 -9.064085006713867
295 -9.0640869140625
296 -8.108869552612305
297 -7.711899757385254
298 -7.614683628082275
299 -7.901240348815918
300 -7.837896347045898
301 -9.064074516296387
302 -7.674981117248535
303 -7.348363876342773
304 -7.613255023956299
305 -7.802556991577148
306 -9.064085006713867
307 -9.064070701599121
308 -7.915649890899658
309 -7.6497673988342285
310 -7.6023383140563965
311 -9.064058303833008
312 -9.064079284667969
313 -7.606483459472656
314 -9.06405258178711
315 -7.6023335456848145
316 -9.064082145690918
317 -7.550959587097168
318 -9.06404972076416
319 -7.798744201660156
320 -7.9488325119018555
321 -7.57710075378418
322 -9.064072608947754
323 -9.064062118530273
324 -9.06406307220459
325 -8.056231498718262
326 -9.064090728759766
327 -9.064059257507324
328 -9.064088821411133
329 -9.064077377319336
330 -7.731429576873779
331 -9.064074516296387
332 -9.064090728759766
333 -9.064067840576172
334 -9.06407356262207
335 -9.064059257507324
336 -7.779967784881592
337 -9.064069747924805
338 -8.060065269470215
339 -9.064043998718262
340 -7.90240478515625
341 -9.064050674438477
342 -7.567437648773193
343 -9.06408405303955
344 -9.064081192016602
345 -9.064057350158691
346 -7.899105072021484
347 -8.113289833068848
348 -9.064080238342285
349 -9.064053535461426
350 -7.802577018737793
351 -9.064081192016602
352 -9.064065933227539
353 -7.8378520011901855
354 -7.32186222076416
355 -7.800022125244141
356 -9.06408405303955
357 -9.064080238342285
358 -9.064064025878906
359 -9.064080238342285
360 -9.064080238342285
361 -7.717777252197266
362 -9.063709259033203
363 -9.064071655273438
364 -9.064078330993652
365 -7.408365726470947
366 -9.06407356262207
367 -8.113293647766113
368 -9.06406021118164
369 -9.064090728759766
370 -7.593358993530273
371 -9.064080238342285
372 -9.064085960388184
373 -7.902292251586914
374 -7.61110258102417
375 -9.064069747924805
376 -8.113280296325684
377 -7.864798069000244
378 -9.064090728759766
379 -7.798483848571777
380 -9.064078330993652
381 -7.739649295806885
382 -7.902384281158447
383 -9.064047813415527
384 -9.064071655273438
385 -9.064083099365234
386 -7.5726189613342285
387 -9.064065933227539
388 -7.802554130554199
389 -7.899075508117676
390 -9.064070701599121
391 -9.064078330993652
392 -7.602258205413818
393 -9.064062118530273
394 -9.064087867736816
395 -9.064062118530273
396 -9.064068794250488
397 -9.064085006713867
398 -8.349018096923828
399 -7.711918354034424
400 -9.0640869140625
401 -7.748257637023926
402 -9.064068794250488
403 -7.595340728759766
404 -9.064064025878906
405 -9.064075469970703
406 -9.064085960388184
407 -7.621874809265137
408 -9.064081192016602
409 -7.798740386962891
410 -9.064078330993652
411 -9.064069747924805
412 -9.064083099365234
413 -9.064069747924805
414 -9.064069747924805
415 -7.648576259613037
416 -8.007963180541992
417 -9.064075469970703
418 -9.064080238342285
419 -7.946016311645508
420 -7.899086952209473
421 -9.064081192016602
422 -9.064072608947754
423 -7.739747524261475
424 -9.06408405303955
425 -9.064069747924805
426 -9.064053535461426
427 -9.064067840576172
428 -9.064077377319336
429 -8.113177299499512
430 -9.06405258178711
431 -9.064065933227539
432 -9.064066886901855
433 -7.365414142608643
434 -7.864799976348877
435 -9.064085006713867
436 -7.398978233337402
437 -9.064059257507324
438 -7.623443126678467
439 -9.064061164855957
440 -9.064080238342285
441 -7.798723220825195
442 -9.064057350158691
443 -9.064083099365234
444 -7.676819801330566
445 -9.064078330993652
446 -9.064087867736816
447 -7.623430252075195
448 -8.113296508789062
449 -7.438986301422119
450 -7.9922194480896
451 -9.064083099365234
452 -7.905368804931641
453 -9.06408405303955
454 -7.947147369384766
455 -9.064065933227539
456 -9.064077377319336
457 -7.451670169830322
458 -9.06407642364502
459 -9.064074516296387
460 -7.7382001876831055
461 -9.06405258178711
462 -9.064072608947754
463 -7.587985992431641
464 -9.064070701599121
465 -7.64518404006958
466 -9.064072608947754
467 -9.064053535461426
468 -9.062582969665527
469 -9.064069747924805
470 -9.064037322998047
471 -9.064069747924805
472 -9.064082145690918
473 -9.06408405303955
474 -7.56744909286499
475 -9.064053535461426
476 -9.064072608947754
477 -9.064085006713867
478 -9.06408405303955
479 -9.064087867736816
480 -7.798729419708252
481 -9.064066886901855
482 -9.064077377319336
483 -8.113302230834961
484 -7.8647894859313965
485 -9.064081192016602
486 -7.256947040557861
487 -9.064064979553223
488 -9.06408977508545
489 -9.06113052368164
490 -9.064066886901855
491 -7.904066562652588
492 -9.064081192016602
493 -9.064056396484375
494 -9.064083099365234
495 -9.064068794250488
496 -9.064051628112793
497 -9.064053535461426
498 -7.683578968048096
499 -8.11327838897705
500 -9.06408405303955
501 -9.06406021118164
502 -9.064062118530273
503 -9.064074516296387
504 -9.064081192016602
505 -9.064068794250488
506 -9.064080238342285
507 -7.613239288330078
508 -7.468369483947754
509 -9.064071655273438
510 -9.064081192016602
511 -7.798742294311523
512 -7.659238815307617
513 -7.611026287078857
514 -9.064024925231934
515 -9.064083099365234
516 -7.739193439483643
517 -9.064079284667969
518 -7.636011123657227
519 -9.064080238342285
520 -7.804871082305908
521 -7.991730690002441
522 -7.853577613830566
523 -9.064082145690918
524 -9.06404972076416
525 -7.649752616882324
526 -8.781810760498047
527 -7.864799499511719
528 -7.86480188369751
529 -7.837924480438232
530 -9.0640869140625
531 -9.064071655273438
532 -7.86480188369751
533 -9.064083099365234
534 -9.064078330993652
535 -7.4148335456848145
536 -9.064087867736816
537 -9.064085960388184
538 -7.779957294464111
539 -7.905413627624512
540 -9.064090728759766
541 -9.064054489135742
542 -9.064081192016602
543 -8.113289833068848
544 -7.676724910736084
545 -7.905377388000488
546 -9.06408405303955
547 -9.064080238342285
548 -9.064087867736816
549 -9.064082145690918
550 -9.064053535461426
551 -9.06406307220459
552 -9.064072608947754
553 -9.064047813415527
554 -9.064085960388184
555 -9.064048767089844
556 -9.06408977508545
557 -9.06406021118164
558 -7.9428205490112305
559 -9.064085960388184
560 -7.802614688873291
561 -7.798398017883301
562 -7.481531143188477
563 -9.064085960388184
564 -9.064074516296387
565 -9.064090728759766
566 -9.06408977508545
567 -9.06403923034668
568 -7.6332244873046875
569 -9.064059257507324
570 -9.0640230178833
571 -9.0640869140625
572 -9.064081192016602
573 -7.570154190063477
574 -7.552312850952148
575 -7.86479377746582
576 -9.064090728759766
577 -9.064067840576172
578 -8.108709335327148
579 -9.064085006713867
580 -9.064037322998047
581 -9.064070701599121
582 -9.064072608947754
583 -7.902733325958252
584 -7.802597522735596
585 -9.063941955566406
586 -9.064081192016602
587 -7.569583892822266
588 -7.7145771980285645
589 -9.064067840576172
590 -9.064083099365234
591 -8.058978080749512
592 -7.7538299560546875
593 -9.064053535461426
594 -9.064024925231934
595 -9.064030647277832
596 -7.779999732971191
597 -7.415093421936035
598 -8.11328411102295
599 -9.0640869140625
600 -9.064080238342285
601 -7.715143203735352
602 -9.064045906066895
603 -9.064081192016602
604 -9.06408405303955
605 -7.415100574493408
606 -7.864804267883301
607 -9.064072608947754
608 -9.064090728759766
609 -7.415096282958984
610 -9.064075469970703
611 -9.064070701599121
612 -9.064051628112793
613 -7.580458641052246
614 -7.498383522033691
615 -8.06005573272705
616 -9.0640869140625
617 -9.064085006713867
618 -9.064065933227539
619 -9.06405258178711
620 -9.064053535461426
621 -7.89911413192749
622 -9.064077377319336
623 -7.36353063583374
624 -8.113282203674316
625 -9.064059257507324
626 -7.657477378845215
627 -9.064082145690918
628 -9.064082145690918
629 -9.06406307220459
630 -7.3020148277282715
631 -7.753851413726807
632 -9.064079284667969
633 -7.602358341217041
634 -9.064077377319336
635 -9.064085006713867
636 -7.5434441566467285
637 -7.648568153381348
638 -7.602274417877197
639 -7.683798313140869
640 -7.460111618041992
641 -7.540341377258301
642 -7.779970169067383
643 -8.11324405670166
644 -9.064075469970703
645 -9.064085006713867
646 -9.06408405303955
647 -9.06406021118164
648 -9.064048767089844
649 -9.064044952392578
650 -7.715008735656738
651 -7.904376983642578
652 -7.8647990226745605
653 -9.064053535461426
654 -7.71193265914917
655 -9.064064025878906
656 -9.064077377319336
657 -9.064085006713867
658 -9.064087867736816
659 -7.905389785766602
660 -7.905425071716309
661 -7.602357387542725
662 -7.8378095626831055
663 -9.064075469970703
664 -9.06407642364502
665 -7.657474994659424
666 -7.424098014831543
667 -7.905386924743652
668 -9.064080238342285
669 -7.606482028961182
670 -7.947195529937744
671 -9.064072608947754
672 -9.064067840576172
673 -9.064090728759766
674 -9.064038276672363
675 -7.6755452156066895
676 -7.779987812042236
677 -7.646273612976074
678 -7.566270351409912
679 -9.064077377319336
680 -9.064051628112793
681 -7.804877281188965
682 -9.064064025878906
683 -9.064046859741211
684 -7.837899208068848
685 -9.064090728759766
686 -9.064090728759766
687 -9.064078330993652
688 -9.064046859741211
689 -7.804872035980225
690 -7.523773193359375
691 -9.064085960388184
692 -9.064065933227539
693 -9.06407642364502
694 -9.064059257507324
695 -9.064080238342285
696 -8.11327838897705
697 -9.064090728759766
698 -7.802666664123535
699 -7.415095329284668
700 -7.69072961807251
701 -9.06408405303955
702 -7.541421890258789
703 -7.8981733322143555
704 -7.636397361755371
705 -7.7417988777160645
706 -8.060057640075684
707 -9.064081192016602
708 -9.064090728759766
709 -9.06407642364502
710 -9.064074516296387
711 -9.064079284667969
712 -7.804866790771484
713 -7.688281536102295
714 -7.472384452819824
715 -9.064066886901855
716 -9.064074516296387
717 -9.064056396484375
718 -7.408346652984619
719 -9.064054489135742
720 -7.649753570556641
721 -9.064090728759766
722 -9.064090728759766
723 -9.064071655273438
724 -9.06408977508545
725 -7.864796161651611
726 -9.064041137695312
727 -7.734375476837158
728 -9.064082145690918
729 -9.064072608947754
730 -7.8048624992370605
731 -9.064090728759766
732 -7.613264560699463
733 -9.064067840576172
734 -7.804869651794434
735 -9.064071655273438
736 -7.540921688079834
737 -9.064090728759766
738 -9.064067840576172
739 -9.064082145690918
740 -9.064082145690918
741 -9.064070701599121
742 -9.064083099365234
743 -7.864792346954346
744 -9.064085960388184
745 -7.714998722076416
746 -9.064065933227539
747 -9.064090728759766
748 -9.06407356262207
749 -9.064090728759766
750 -9.064083099365234
751 -9.064080238342285
752 -7.602369785308838
753 -7.657493591308594
754 -7.633214473724365
755 -9.06407642364502
756 -7.683605194091797
757 -9.06407356262207
758 -9.064043998718262
759 -9.06408405303955
760 -7.643978595733643
761 -7.711942672729492
762 -9.064081192016602
763 -9.064085006713867
764 -7.79873514175415
765 -9.064061164855957
766 -9.064064025878906
767 -9.064090728759766
768 -7.8378586769104
769 -7.748269557952881
770 -9.064079284667969
771 -9.064064979553223
772 -9.064077377319336
773 -9.064081192016602
774 -7.8990678787231445
775 -7.73416805267334
776 -9.064064979553223
777 -7.748197555541992
778 -9.064046859741211
779 -9.064055442810059
780 -7.424097061157227
781 -8.05917739868164
782 -7.9980788230896
783 -9.064043998718262
784 -7.636771202087402
785 -7.804881572723389
786 -7.837874889373779
787 -9.064088821411133
788 -7.301970481872559
789 -9.064078330993652
790 -9.064082145690918
791 -9.06406307220459
792 -9.064090728759766
793 -7.7616801261901855
794 -9.064085006713867
795 -9.06405258178711
796 -9.064069747924805
797 -7.779989242553711
798 -7.424105644226074
799 -9.064090728759766
800 -7.904595375061035
801 -9.06408405303955
802 -7.648573875427246
803 -9.064082145690918
804 -9.064081192016602
805 -9.064061164855957
806 -7.9982008934021
807 -9.064064979553223
808 -9.06408405303955
809 -7.864805698394775
810 -8.113289833068848
811 -9.064058303833008
812 -9.064058303833008
813 -9.064065933227539
814 -8.053956985473633
815 -9.06407356262207
816 -7.622520446777344
817 -9.064071655273438
818 -7.529354572296143
819 -9.064079284667969
820 -9.064075469970703
821 -9.064085006713867
822 -9.064081192016602
823 -9.064083099365234
824 -9.0640869140625
825 -9.06406307220459
826 -7.659692764282227
827 -9.064090728759766
828 -9.064085006713867
829 -9.0640869140625
830 -9.064064025878906
831 -9.064064025878906
832 -7.902414798736572
833 -9.06406021118164
834 -7.802651405334473
835 -9.06408405303955
836 -9.064050674438477
837 -9.064067840576172
838 -7.761696815490723
839 -9.064046859741211
840 -9.06407642364502
841 -9.064085006713867
842 -9.064087867736816
843 -7.565840244293213
844 -7.673760890960693
845 -7.947195053100586
846 -7.73415470123291
847 -7.7327656745910645
848 -9.0640869140625
849 -9.06405258178711
850 -9.064085006713867
851 -9.064068794250488
852 -7.804870128631592
853 -7.779971122741699
854 -9.064064025878906
855 -7.77998685836792
856 -9.064065933227539
857 -9.064074516296387
858 -7.902261734008789
859 -8.06005859375
860 -9.06404972076416
861 -9.064053535461426
862 -7.802616119384766
863 -9.064045906066895
864 -7.798425197601318
865 -7.837895393371582
866 -9.064079284667969
867 -9.064048767089844
868 -7.905393123626709
869 -9.064018249511719
870 -9.064050674438477
871 -7.052833557128906
872 -7.702174663543701
873 -9.064072608947754
874 -7.837833404541016
875 -8.008021354675293
876 -7.620654582977295
877 -8.11329460144043
878 -7.7750983238220215
879 -8.113016128540039
880 -9.064042091369629
881 -9.064057350158691
882 -7.8461012840271
883 -9.06407356262207
884 -9.064079284667969
885 -9.063865661621094
886 -9.064083099365234
887 -7.598753452301025
888 -9.064062118530273
889 -9.064048767089844
890 -8.303964614868164
891 -9.0640869140625
892 -9.064072608947754
893 -7.800022602081299
894 -9.064085960388184
895 -9.064075469970703
896 -9.064046859741211
897 -9.064085006713867
898 -9.064054489135742
899 -7.804868698120117
900 -9.064066886901855
901 -9.064082145690918
902 -9.064072608947754
903 -9.06407642364502
904 -7.512447357177734
905 -9.06406021118164
906 -8.059793472290039
907 -9.064057350158691
908 -9.064064979553223
909 -9.064057350158691
910 -9.064074516296387
911 -9.064083099365234
912 -9.064079284667969
913 -9.064079284667969
914 -7.779980182647705
915 -7.41229248046875
916 -9.064080238342285
917 -9.064081192016602
918 -7.739194393157959
919 -9.064054489135742
920 -9.064050674438477
921 -9.064085960388184
922 -9.064081192016602
923 -7.732744216918945
924 -9.064087867736816
925 -7.83789587020874
926 -9.0640869140625
927 -9.06403636932373
928 -9.064077377319336
929 -7.798734188079834
930 -7.743180274963379
931 -8.06004810333252
932 -7.780832767486572
933 -9.064041137695312
934 -9.06407356262207
935 -9.064074516296387
936 -9.061264991760254
937 -9.064081192016602
938 -9.064082145690918
939 -9.0640869140625
940 -9.064090728759766
941 -9.064071655273438
942 -7.798725128173828
943 -9.06407642364502
944 -9.064087867736816
945 -6.986030578613281
946 -9.064079284667969
947 -9.064083099365234
948 -9.064077377319336
949 -7.804844856262207
950 -9.064078330993652
951 -9.064090728759766
952 -7.645261764526367
953 -7.945553779602051
954 -7.27437162399292
955 -7.802640438079834
956 -9.064064025878906
957 -9.06408977508545
958 -9.064080238342285
959 -7.747676849365234
960 -9.064072608947754
961 -7.415096282958984
962 -8.059989929199219
963 -9.064080238342285
964 -9.064071655273438
965 -7.7042083740234375
966 -9.064064025878906
967 -9.064069747924805
968 -7.540838241577148
969 -9.064053535461426
970 -9.064082145690918
971 -9.064038276672363
972 -9.064088821411133
973 -7.490933418273926
974 -9.064085006713867
975 -9.0640869140625
976 -7.602292537689209
977 -7.464169502258301
978 -7.7999267578125
979 -9.064081192016602
980 -9.064053535461426
981 -9.064064025878906
982 -9.064064979553223
983 -7.72197151184082
984 -7.804860591888428
985 -9.064057350158691
986 -9.064087867736816
987 -7.595333576202393
988 -7.796926021575928
989 -9.064074516296387
990 -9.064071655273438
991 -7.7145915031433105
992 -9.064079284667969
993 -9.064085960388184
994 -9.064048767089844
995 -9.064064979553223
996 -9.064080238342285
997 -9.0640869140625
998 -9.064053535461426
999 -7.732763767242432
