0 -5.2214226722717285
1 -5.590298652648926
2 -6.195085525512695
3 -5.353595733642578
4 -5.659219264984131
5 -6.48780632019043
6 -6.370794296264648
7 -8.537408828735352
8 -6.849164009094238
9 -6.344470024108887
10 -7.276436805725098
11 -9.025375366210938
12 -7.643887996673584
13 -6.272177696228027
14 -6.3097686767578125
15 -8.92905044555664
16 -6.193373680114746
17 -6.8560075759887695
18 -6.618161678314209
19 -6.288359642028809
20 -6.039021015167236
21 -6.133286476135254
22 -6.370181560516357
23 -7.705615997314453
24 -6.481632232666016
25 -7.116643905639648
26 -6.642006874084473
27 -6.550014495849609
28 -6.197444915771484
29 -6.328616619110107
30 -6.550519943237305
31 -6.673088073730469
32 -6.778674602508545
33 -9.064090728759766
34 -6.372099876403809
35 -6.2650980949401855
36 -5.993899345397949
37 -7.771504878997803
38 -6.52228307723999
39 -8.562286376953125
40 -7.877330780029297
41 -8.939507484436035
42 -6.595076560974121
43 -9.064090728759766
44 -6.639837741851807
45 -6.492745399475098
46 -8.567595481872559
47 -6.785135269165039
48 -8.985723495483398
49 -6.874330997467041
50 -7.2253804206848145
51 -6.844435691833496
52 -9.064090728759766
53 -6.494246482849121
54 -8.648951530456543
55 -6.591534614562988
56 -6.7732462882995605
57 -6.151603698730469
58 -6.1482391357421875
59 -7.508499622344971
60 -6.648250102996826
61 -6.734716415405273
62 -5.830698013305664
63 -7.967219829559326
64 -8.837627410888672
65 -9.06408977508545
66 -6.025445938110352
67 -7.134518623352051
68 -7.450308799743652
69 -6.777954578399658
70 -8.876801490783691
71 -8.543473243713379
72 -6.329235553741455
73 -6.141772270202637
74 -6.469326019287109
75 -6.459109306335449
76 -6.157931327819824
77 -5.973653316497803
78 -8.660215377807617
79 -9.06408977508545
80 -6.260739326477051
81 -6.613874435424805
82 -6.562971591949463
83 -6.436063766479492
84 -6.53688907623291
85 -5.825361251831055
86 -6.649319171905518
87 -6.341155529022217
88 -7.860126972198486
89 -8.475584030151367
90 -6.811942100524902
91 -6.747457981109619
92 -6.3299031257629395
93 -6.156636714935303
94 -7.170279502868652
95 -6.044085502624512
96 -6.659641265869141
97 -6.6048712730407715
98 -6.424450397491455
99 -9.047916412353516
100 -6.234118461608887
101 -7.184944152832031
102 -8.578706741333008
103 -6.813098430633545
104 -6.889533042907715
105 -6.913599014282227
106 -6.699349880218506
107 -8.143120765686035
108 -6.185542106628418
109 -6.670033931732178
110 -7.403702259063721
111 -6.76620626449585
112 -6.375577926635742
113 -7.1453447341918945
114 -8.721954345703125
115 -6.469586372375488
116 -8.361725807189941
117 -6.533083915710449
118 -7.0852742195129395
119 -7.11873722076416
120 -6.949361801147461
121 -6.309480667114258
122 -5.759082794189453
123 -7.491392612457275
124 -6.871044158935547
125 -7.041923522949219
126 -9.00920581817627
127 -8.764461517333984
128 -7.045458793640137
129 -6.658748626708984
130 -7.346131324768066
131 -8.352911949157715
132 -6.235409736633301
133 -7.0230255126953125
134 -6.33375883102417
135 -8.681026458740234
136 -6.59589147567749
137 -7.355774879455566
138 -6.644452095031738
139 -7.151803493499756
140 -6.59028434753418
141 -7.491767883300781
142 -6.526397705078125
143 -6.059865951538086
144 -9.064090728759766
145 -8.11937141418457
146 -6.812177658081055
147 -6.223161697387695
148 -8.564892768859863
149 -6.845776557922363
150 -6.449588298797607
151 -8.696462631225586
152 -8.876154899597168
153 -7.26992654800415
154 -5.719265460968018
155 -6.796389579772949
156 -9.064090728759766
157 -6.458486557006836
158 -6.913152694702148
159 -7.34869909286499
160 -5.899591445922852
161 -6.220485687255859
162 -7.84332799911499
163 -8.867417335510254
164 -9.064090728759766
165 -6.488993167877197
166 -8.9824800491333
167 -6.7393364906311035
168 -6.901504993438721
169 -6.5989298820495605
170 -6.136139869689941
171 -6.236248016357422
172 -6.944273948669434
173 -7.122768402099609
174 -9.019057273864746
175 -6.516676425933838
176 -6.0892863273620605
177 -6.987076282501221
178 -6.101404666900635
179 -7.455852508544922
180 -8.705222129821777
181 -6.172420501708984
182 -6.384820938110352
183 -8.784610748291016
184 -6.69288444519043
185 -6.8476152420043945
186 -6.484102725982666
187 -6.743256568908691
188 -6.532151699066162
189 -6.4495744705200195
190 -6.543998718261719
191 -6.536440849304199
192 -6.272350311279297
193 -8.674159049987793
194 -7.368165493011475
195 -9.064090728759766
196 -6.985184669494629
197 -6.29140567779541
198 -8.45580005645752
199 -8.171882629394531
200 -6.864380359649658
201 -6.632709980010986
202 -7.36055326461792
203 -8.982404708862305
204 -6.467960834503174
205 -6.501855373382568
206 -7.006987571716309
207 -6.134978771209717
208 -6.725434303283691
209 -8.765979766845703
210 -8.588950157165527
211 -6.509615421295166
212 -6.379907608032227
213 -7.63993501663208
214 -9.06408977508545
215 -6.6279802322387695
216 -9.064090728759766
217 -6.760408401489258
218 -7.316556453704834
219 -6.0415802001953125
220 -7.08748722076416
221 -6.911200523376465
222 -6.190237045288086
223 -6.375593185424805
224 -9.064090728759766
225 -6.926394939422607
226 -6.646017074584961
227 -6.760975360870361
228 -6.761373519897461
229 -5.890493392944336
230 -7.748380184173584
231 -7.108293533325195
232 -7.7069926261901855
233 -6.144474029541016
234 -8.087056159973145
235 -8.877710342407227
236 -6.207900047302246
237 -8.452070236206055
238 -8.692447662353516
239 -6.2446746826171875
240 -6.489743232727051
241 -7.781681537628174
242 -7.2238569259643555
243 -6.606028079986572
244 -9.015678405761719
245 -6.520368576049805
246 -6.296900749206543
247 -6.488201141357422
248 -6.806326866149902
249 -6.530282020568848
250 -6.352912902832031
251 -7.350632667541504
252 -8.396817207336426
253 -6.619603157043457
254 -7.859460830688477
255 -6.554507255554199
256 -6.395528793334961
257 -6.179444789886475
258 -6.988934516906738
259 -6.365729808807373
260 -5.780638694763184
261 -6.8564653396606445
262 -6.235347747802734
263 -6.041827201843262
264 -6.636831760406494
265 -7.7905988693237305
266 -7.363641738891602
267 -6.656166076660156
268 -6.607533931732178
269 -6.385856628417969
270 -6.406275749206543
271 -6.693057060241699
272 -7.279072284698486
273 -5.935091972351074
274 -6.835928440093994
275 -6.941701889038086
276 -7.115934371948242
277 -7.354142189025879
278 -7.122068405151367
279 -7.070187568664551
280 -8.343012809753418
281 -8.914587020874023
282 -7.46200704574585
283 -5.946432590484619
284 -6.4723944664001465
285 -8.202552795410156
286 -6.734602928161621
287 -9.042254447937012
288 -6.337914943695068
289 -6.612977027893066
290 -7.657630920410156
291 -6.852873802185059
292 -6.506687641143799
293 -6.390071868896484
294 -7.49955415725708
295 -8.379687309265137
296 -6.200518608093262
297 -6.404041290283203
298 -8.991796493530273
299 -8.489338874816895
300 -6.345455169677734
301 -6.584199905395508
302 -7.179710388183594
303 -6.852755069732666
304 -6.879983425140381
305 -6.253729820251465
306 -6.7284746170043945
307 -6.4396162033081055
308 -8.708627700805664
309 -6.2799859046936035
310 -9.039793014526367
311 -6.596495628356934
312 -6.442489147186279
313 -6.269521236419678
314 -6.596959114074707
315 -6.304261207580566
316 -8.943124771118164
317 -7.161571502685547
318 -6.939696311950684
319 -7.809759140014648
320 -6.370299339294434
321 -6.4771294593811035
322 -8.73399829864502
323 -6.4462504386901855
324 -6.047968864440918
325 -9.064090728759766
326 -6.700314998626709
327 -6.282702445983887
328 -7.219433784484863
329 -8.599038124084473
330 -6.301930904388428
331 -6.388616561889648
332 -6.7379326820373535
333 -7.972681522369385
334 -7.414419174194336
335 -6.803247451782227
336 -8.548445701599121
337 -7.593326091766357
338 -6.237495422363281
339 -6.194561004638672
340 -8.606234550476074
341 -6.900064468383789
342 -6.262175559997559
343 -6.530055999755859
344 -7.878543376922607
345 -7.375365734100342
346 -7.125463008880615
347 -6.347143173217773
348 -7.8417649269104
349 -7.512041091918945
350 -7.07255744934082
351 -6.720729351043701
352 -7.2477898597717285
353 -6.698091983795166
354 -7.008258819580078
355 -6.203388214111328
356 -6.194547653198242
357 -7.349939823150635
358 -6.466093063354492
359 -7.2350029945373535
360 -7.385214805603027
361 -5.975112438201904
362 -6.576465606689453
363 -7.316880226135254
364 -6.670034408569336
365 -7.9743146896362305
366 -8.601568222045898
367 -9.064090728759766
368 -7.507033348083496
369 -5.795565605163574
370 -7.166056156158447
371 -6.880444049835205
372 -6.522608280181885
373 -6.577946662902832
374 -7.117058277130127
375 -6.4335761070251465
376 -8.84988021850586
377 -6.969539165496826
378 -6.668977737426758
379 -7.417501449584961
380 -8.749810218811035
381 -8.828240394592285
382 -6.867532730102539
383 -8.497490882873535
384 -9.000848770141602
385 -8.740190505981445
386 -6.670034885406494
387 -9.062767028808594
388 -7.368522644042969
389 -6.33415412902832
390 -9.06408977508545
391 -5.867629051208496
392 -6.123607158660889
393 -8.411429405212402
394 -6.515425682067871
395 -6.170568466186523
396 -8.104581832885742
397 -6.634166240692139
398 -6.322087287902832
399 -6.155782699584961
400 -6.162881374359131
401 -6.756992340087891
402 -6.6033101081848145
403 -6.215497016906738
404 -8.032211303710938
405 -8.38482666015625
406 -6.255614280700684
407 -6.269982814788818
408 -6.310898780822754
409 -6.283638000488281
410 -8.119372367858887
411 -8.500932693481445
412 -6.610571384429932
413 -9.00173568725586
414 -7.1632208824157715
415 -6.164608001708984
416 -6.520716190338135
417 -6.708641529083252
418 -9.064090728759766
419 -6.509158611297607
420 -6.00173282623291
421 -9.06408977508545
422 -6.599000453948975
423 -6.577432632446289
424 -6.517942905426025
425 -6.337994575500488
426 -6.881892204284668
427 -6.882530212402344
428 -5.993231773376465
429 -6.231626510620117
430 -7.193051338195801
431 -6.969926357269287
432 -7.955491542816162
433 -9.064090728759766
434 -6.692814826965332
435 -6.709333419799805
436 -6.105827331542969
437 -7.358355522155762
438 -6.9774556159973145
439 -6.026871681213379
440 -7.447354316711426
441 -6.03769588470459
442 -7.155253887176514
443 -6.156636714935303
444 -6.358706474304199
445 -6.933393478393555
446 -5.932524681091309
447 -7.035072326660156
448 -6.780792236328125
449 -6.168527603149414
450 -6.119376182556152
451 -7.341731071472168
452 -7.293914794921875
453 -6.144008636474609
454 -6.138764381408691
455 -6.171070098876953
456 -6.702868938446045
457 -6.466621398925781
458 -6.606497287750244
459 -8.134896278381348
460 -7.105287075042725
461 -6.720874309539795
462 -8.574678421020508
463 -6.532904624938965
464 -8.701849937438965
465 -8.725460052490234
466 -6.770016193389893
467 -8.504457473754883
468 -6.775629043579102
469 -6.701421737670898
470 -6.388355731964111
471 -8.07888412475586
472 -6.593641757965088
473 -7.330998420715332
474 -7.311433792114258
475 -9.030208587646484
476 -6.388090133666992
477 -6.610577583312988
478 -6.2824578285217285
479 -7.5548858642578125
480 -6.63175106048584
481 -7.365391731262207
482 -6.315821647644043
483 -8.724733352661133
484 -6.501374244689941
485 -6.221778392791748
486 -6.379153728485107
487 -6.518918037414551
488 -7.040805816650391
489 -6.456375598907471
490 -7.493049621582031
491 -6.311579704284668
492 -8.136297225952148
493 -7.664533615112305
494 -5.946558475494385
495 -5.939647674560547
496 -8.12087345123291
497 -8.609240531921387
498 -6.325355529785156
499 -8.501712799072266
500 -6.344292640686035
501 -9.003561019897461
502 -7.633708477020264
503 -9.064090728759766
504 -6.360381603240967
505 -6.566370010375977
506 -6.998661041259766
507 -6.223180294036865
508 -8.65268611907959
509 -6.130365371704102
510 -7.466408729553223
511 -6.326137542724609
512 -6.1566362380981445
513 -6.749951362609863
514 -8.602128982543945
515 -6.766048908233643
516 -6.2180399894714355
517 -6.50285005569458
518 -6.192955017089844
519 -8.689160346984863
520 -8.959089279174805
521 -6.729403018951416
522 -8.761070251464844
523 -8.11937141418457
524 -7.245399475097656
525 -9.064090728759766
526 -6.3763909339904785
527 -7.012225151062012
528 -6.379491329193115
529 -6.462493896484375
530 -6.828854560852051
531 -6.017198085784912
532 -6.041553497314453
533 -6.695150375366211
534 -7.131299018859863
535 -8.708090782165527
536 -5.83528995513916
537 -6.065038681030273
538 -6.375226020812988
539 -7.218860149383545
540 -6.303238868713379
541 -6.843694686889648
542 -7.954919815063477
543 -6.90659236907959
544 -6.6357951164245605
545 -9.064090728759766
546 -8.749991416931152
547 -9.064090728759766
548 -6.601089000701904
549 -6.537927150726318
550 -7.647157669067383
551 -7.108591079711914
552 -6.0316667556762695
553 -6.294225215911865
554 -8.73058032989502
555 -6.314287185668945
556 -6.441199779510498
557 -6.434402942657471
558 -6.366061210632324
559 -6.894482612609863
560 -6.404803276062012
561 -7.111635208129883
562 -6.306911468505859
563 -6.734834671020508
564 -8.770254135131836
565 -6.290369033813477
566 -9.006755828857422
567 -6.700048923492432
568 -8.766517639160156
569 -6.744187831878662
570 -8.504168510437012
571 -5.961455345153809
572 -7.929362773895264
573 -9.064090728759766
574 -9.030086517333984
575 -6.410511016845703
576 -7.093685626983643
577 -6.341134071350098
578 -7.120640754699707
579 -6.828524589538574
580 -6.691102981567383
581 -6.617362976074219
582 -6.363954544067383
583 -6.594926834106445
584 -6.2096052169799805
585 -9.039731979370117
586 -7.644928455352783
587 -6.089704513549805
588 -6.8530192375183105
589 -8.663766860961914
590 -6.937358856201172
591 -6.475469589233398
592 -6.140057563781738
593 -6.413360595703125
594 -7.360218524932861
595 -7.911177158355713
596 -6.098025321960449
597 -6.643951416015625
598 -6.937478542327881
599 -6.3430280685424805
600 -7.207139015197754
601 -6.919927597045898
602 -6.4877800941467285
603 -6.623931884765625
604 -7.855490684509277
605 -6.325550079345703
606 -6.607774257659912
607 -6.220010757446289
608 -6.688063621520996
609 -6.791131973266602
610 -8.00778579711914
611 -6.147306442260742
612 -6.10528564453125
613 -7.97041130065918
614 -6.106932640075684
615 -5.853757381439209
616 -6.526702880859375
617 -9.064091682434082
618 -7.188698768615723
619 -8.183024406433105
620 -5.85548210144043
621 -6.16132116317749
622 -7.1331329345703125
623 -8.992801666259766
624 -7.354133129119873
625 -5.631311416625977
626 -6.480454444885254
627 -6.585406303405762
628 -6.559146404266357
629 -6.838290691375732
630 -8.750727653503418
631 -5.8016228675842285
632 -9.064090728759766
633 -6.5275492668151855
634 -8.538759231567383
635 -7.4730610847473145
636 -6.167428016662598
637 -6.428603649139404
638 -6.385181903839111
639 -6.125553607940674
640 -6.743322372436523
641 -7.9313459396362305
642 -6.496384620666504
643 -6.028208255767822
644 -6.246791839599609
645 -6.261538505554199
646 -6.167132377624512
647 -6.421709060668945
648 -6.200881004333496
649 -6.648097038269043
650 -8.568620681762695
651 -6.151315689086914
652 -6.3073930740356445
653 -6.670259475708008
654 -6.291138648986816
655 -6.798340797424316
656 -6.6002278327941895
657 -6.350230693817139
658 -6.429633140563965
659 -6.417394638061523
660 -6.597212791442871
661 -8.927271842956543
662 -6.853562355041504
663 -6.482155799865723
664 -7.872444152832031
665 -6.726064682006836
666 -6.23067569732666
667 -6.281137466430664
668 -6.1365647315979
669 -6.512608528137207
670 -6.662947177886963
671 -8.002861022949219
672 -6.646970748901367
673 -6.616637229919434
674 -6.843288421630859
675 -6.835838794708252
676 -6.137514591217041
677 -8.386137962341309
678 -6.466424942016602
679 -7.5077643394470215
680 -8.410478591918945
681 -7.005245685577393
682 -9.056009292602539
683 -6.629501819610596
684 -6.133866310119629
685 -6.2777299880981445
686 -6.199010848999023
687 -6.5625152587890625
688 -7.0918121337890625
689 -8.153141021728516
690 -6.250377178192139
691 -9.002874374389648
692 -6.701077461242676
693 -6.334754943847656
694 -6.246579647064209
695 -7.134631156921387
696 -6.595494270324707
697 -6.285338878631592
698 -6.47720193862915
699 -7.5359787940979
700 -7.137770175933838
701 -8.689785957336426
702 -6.661142349243164
703 -9.064090728759766
704 -5.756843566894531
705 -6.401358604431152
706 -6.285083770751953
707 -7.052354335784912
708 -6.133827209472656
709 -6.761317729949951
710 -8.542384147644043
711 -7.125650405883789
712 -6.351435661315918
713 -8.772645950317383
714 -6.265987396240234
715 -6.289780616760254
716 -6.508528232574463
717 -6.7939348220825195
718 -7.084278106689453
719 -6.079170227050781
720 -6.401928424835205
721 -6.286970138549805
722 -6.627298355102539
723 -9.064090728759766
724 -8.528162956237793
725 -6.156637191772461
726 -6.164550304412842
727 -8.651673316955566
728 -5.811596870422363
729 -8.883956909179688
730 -5.903013229370117
731 -7.025579452514648
732 -8.962254524230957
733 -8.384378433227539
734 -6.261415481567383
735 -8.111963272094727
736 -7.833257675170898
737 -6.439542293548584
738 -6.3656005859375
739 -6.362347602844238
740 -7.751330852508545
741 -8.576099395751953
742 -6.235315322875977
743 -6.595151901245117
744 -6.207033157348633
745 -8.868607521057129
746 -6.563601493835449
747 -6.186494827270508
748 -6.024811744689941
749 -6.712722301483154
750 -6.094794273376465
751 -6.603393077850342
752 -8.774646759033203
753 -7.635289192199707
754 -5.932913780212402
755 -7.050845146179199
756 -8.664030075073242
757 -5.824507713317871
758 -6.169739723205566
759 -7.596768379211426
760 -6.958436965942383
761 -6.548900127410889
762 -6.734034538269043
763 -7.256827354431152
764 -6.737092971801758
765 -6.5612592697143555
766 -6.6700334548950195
767 -6.2020769119262695
768 -6.433909893035889
769 -6.3448944091796875
770 -7.000603199005127
771 -6.65936803817749
772 -6.284668445587158
773 -6.271493434906006
774 -6.44893217086792
775 -6.670034885406494
776 -7.939955711364746
777 -7.026947021484375
778 -6.545229911804199
779 -8.922860145568848
780 -7.039322853088379
781 -6.647606372833252
782 -8.757929801940918
783 -7.412430763244629
784 -6.125096321105957
785 -6.065981864929199
786 -7.868399143218994
787 -6.687689781188965
788 -6.391488075256348
789 -6.743770122528076
790 -6.95095157623291
791 -6.841034889221191
792 -6.139654159545898
793 -8.328039169311523
794 -8.615814208984375
795 -6.198014259338379
796 -6.469935894012451
797 -6.475719928741455
798 -7.91188383102417
799 -6.35405158996582
800 -7.085898399353027
801 -7.187928676605225
802 -7.941897869110107
803 -6.351129531860352
804 -6.295772552490234
805 -6.217262268066406
806 -6.4779510498046875
807 -6.725146770477295
808 -6.428788185119629
809 -7.8036370277404785
810 -6.482733726501465
811 -7.9231414794921875
812 -7.2563629150390625
813 -6.471850395202637
814 -8.119372367858887
815 -6.419580459594727
816 -7.271583557128906
817 -8.999366760253906
818 -6.9928669929504395
819 -6.172057628631592
820 -6.207395553588867
821 -6.129459381103516
822 -6.652418613433838
823 -7.588799476623535
824 -8.590103149414062
825 -7.189929962158203
826 -8.95150089263916
827 -8.062347412109375
828 -7.006539344787598
829 -9.064090728759766
830 -8.114529609680176
831 -6.354966640472412
832 -7.32641077041626
833 -7.149600028991699
834 -8.344354629516602
835 -6.523712158203125
836 -6.8041510581970215
837 -6.69407320022583
838 -6.09858512878418
839 -6.74230432510376
840 -7.803637504577637
841 -7.651626110076904
842 -7.121720314025879
843 -6.076075553894043
844 -6.485504627227783
845 -6.498065948486328
846 -6.326369762420654
847 -6.57305908203125
848 -8.03116512298584
849 -6.834136962890625
850 -8.924965858459473
851 -6.963890552520752
852 -9.064090728759766
853 -7.3367156982421875
854 -9.064090728759766
855 -8.347968101501465
856 -7.638824462890625
857 -6.484635353088379
858 -6.473202705383301
859 -6.522384166717529
860 -6.441672325134277
861 -6.511361122131348
862 -7.131189823150635
863 -8.70866870880127
864 -6.769650936126709
865 -6.377201557159424
866 -6.567977428436279
867 -6.701136589050293
868 -8.459728240966797
869 -8.247647285461426
870 -7.34721565246582
871 -7.846341609954834
872 -6.084575653076172
873 -8.487225532531738
874 -8.696990013122559
875 -6.613595485687256
876 -8.753628730773926
877 -6.683871746063232
878 -6.783169746398926
879 -6.290543556213379
880 -6.062215805053711
881 -7.293274402618408
882 -9.025304794311523
883 -7.302051067352295
884 -6.490647792816162
885 -8.00561237335205
886 -6.345709800720215
887 -6.577861785888672
888 -8.946505546569824
889 -6.461887359619141
890 -6.007006645202637
891 -6.633170127868652
892 -6.41251277923584
893 -6.875170707702637
894 -8.947876930236816
895 -8.918375015258789
896 -6.359210014343262
897 -8.3438720703125
898 -7.624495983123779
899 -6.395874977111816
900 -6.8790740966796875
901 -7.271271705627441
902 -7.491282939910889
903 -8.755280494689941
904 -6.498980522155762
905 -7.246506690979004
906 -6.208487510681152
907 -6.466030597686768
908 -6.581385135650635
909 -6.299310684204102
910 -6.075045108795166
911 -7.520298004150391
912 -6.1950201988220215
913 -6.776086330413818
914 -8.130644798278809
915 -7.4255690574646
916 -6.682744026184082
917 -6.989311695098877
918 -8.166736602783203
919 -9.050588607788086
920 -7.9183478355407715
921 -6.111270904541016
922 -6.462609767913818
923 -8.937326431274414
924 -6.717994689941406
925 -8.810285568237305
926 -7.295748710632324
927 -6.530689239501953
928 -9.064090728759766
929 -8.397618293762207
930 -7.592861652374268
931 -6.7096476554870605
932 -6.529228210449219
933 -7.881167411804199
934 -6.080691337585449
935 -6.2612128257751465
936 -6.275609970092773
937 -6.6470947265625
938 -6.822614669799805
939 -6.370107650756836
940 -7.173376083374023
941 -6.488101005554199
942 -6.29184627532959
943 -6.951120376586914
944 -9.064090728759766
945 -6.831401348114014
946 -6.184745788574219
947 -6.898451805114746
948 -6.443283557891846
949 -6.409888744354248
950 -7.4029107093811035
951 -6.298684597015381
952 -6.496713161468506
953 -6.156637191772461
954 -6.441414833068848
955 -8.899116516113281
956 -6.566198825836182
957 -6.449695110321045
958 -6.013959884643555
959 -6.727231025695801
960 -6.736922264099121
961 -7.879668712615967
962 -5.977872848510742
963 -6.1629486083984375
964 -6.686378479003906
965 -7.4077253341674805
966 -6.59431266784668
967 -8.721193313598633
968 -6.928407669067383
969 -6.400494575500488
970 -6.811788558959961
971 -6.485331058502197
972 -6.649171829223633
973 -7.483736991882324
974 -6.36103630065918
975 -6.605016231536865
976 -6.386536121368408
977 -6.752923011779785
978 -9.06408977508545
979 -6.676078796386719
980 -6.350254058837891
981 -9.039236068725586
982 -6.6434855461120605
983 -6.3030900955200195
984 -7.0123372077941895
985 -8.705025672912598
986 -8.739950180053711
987 -7.892426013946533
988 -7.767275333404541
989 -6.200200080871582
990 -7.026725769042969
991 -8.002230644226074
992 -7.7651777267456055
993 -6.363713264465332
994 -8.83321475982666
995 -7.3304033279418945
996 -6.955734729766846
997 -6.783264636993408
998 -8.612188339233398
999 -6.545403480529785
