0 -5.186166763305664
1 -5.253016471862793
2 -5.510135650634766
3 -5.561446189880371
4 -5.643852710723877
5 -8.17230224609375
6 -6.656064033508301
7 -6.515456199645996
8 -6.893012046813965
9 -5.940978050231934
10 -9.064090728759766
11 -6.389840126037598
12 -7.054850101470947
13 -6.814530372619629
14 -7.690474510192871
15 -7.691741943359375
16 -6.38136100769043
17 -7.489862442016602
18 -8.061598777770996
19 -8.66066837310791
20 -5.962751388549805
21 -6.4750776290893555
22 -6.275412082672119
23 -7.1070451736450195
24 -6.716368675231934
25 -6.94688606262207
26 -6.506587505340576
27 -7.465093612670898
28 -6.452162742614746
29 -8.832093238830566
30 -6.16894006729126
31 -6.623052597045898
32 -7.056075096130371
33 -6.301445960998535
34 -6.539063453674316
35 -9.03907299041748
36 -6.425780773162842
37 -8.274484634399414
38 -7.239858627319336
39 -5.975306510925293
40 -6.05905818939209
41 -7.359105587005615
42 -6.547466278076172
43 -6.656836032867432
44 -7.137147903442383
45 -6.627979755401611
46 -8.81348991394043
47 -6.514246940612793
48 -6.154982566833496
49 -6.266974449157715
50 -6.624728679656982
51 -6.269954681396484
52 -8.257115364074707
53 -6.582607746124268
54 -7.482032299041748
55 -8.858287811279297
56 -6.5163421630859375
57 -6.5411295890808105
58 -6.801915168762207
59 -8.47705364227295
60 -7.9431867599487305
61 -6.61016321182251
62 -7.105958461761475
63 -7.079675197601318
64 -7.057443618774414
65 -7.210813045501709
66 -9.064090728759766
67 -9.064090728759766
68 -6.429537773132324
69 -6.195837020874023
70 -6.404191017150879
71 -7.925487041473389
72 -7.349029541015625
73 -6.61223030090332
74 -7.503837585449219
75 -6.272510528564453
76 -6.587881565093994
77 -6.277432441711426
78 -7.756499290466309
79 -6.297104358673096
80 -5.777284622192383
81 -9.016019821166992
82 -6.910830497741699
83 -6.38911247253418
84 -6.720863342285156
85 -7.185574054718018
86 -6.440160274505615
87 -8.451863288879395
88 -8.81956672668457
89 -6.509651184082031
90 -6.483293533325195
91 -6.749897003173828
92 -7.5077338218688965
93 -6.517884254455566
94 -6.51107120513916
95 -7.964280605316162
96 -6.962454795837402
97 -7.356325626373291
98 -6.854496002197266
99 -6.436966896057129
100 -6.192416667938232
101 -6.982320785522461
102 -8.041325569152832
103 -6.39392614364624
104 -6.839162826538086
105 -6.83294153213501
106 -8.774935722351074
107 -7.31137228012085
108 -7.515758037567139
109 -6.137659072875977
110 -6.572931289672852
111 -7.478546619415283
112 -7.088801383972168
113 -6.012760639190674
114 -7.19097375869751
115 -6.73641300201416
116 -8.562458992004395
117 -5.947897434234619
118 -6.324697971343994
119 -8.163763999938965
120 -6.2443037033081055
121 -6.55955171585083
122 -7.084301948547363
123 -6.391369819641113
124 -8.728043556213379
125 -6.31635046005249
126 -6.8696136474609375
127 -6.504040718078613
128 -8.965007781982422
129 -8.943913459777832
130 -5.87088680267334
131 -6.903163433074951
132 -7.010700225830078
133 -6.436061859130859
134 -6.766949653625488
135 -6.782778739929199
136 -6.990002155303955
137 -6.946228504180908
138 -7.519396781921387
139 -7.053483963012695
140 -6.475857734680176
141 -7.554885387420654
142 -6.121747970581055
143 -8.966341972351074
144 -9.040945053100586
145 -6.95787239074707
146 -6.505927562713623
147 -8.765780448913574
148 -6.204267501831055
149 -6.829535007476807
150 -7.3369669914245605
151 -7.011632442474365
152 -8.86946964263916
153 -7.2665557861328125
154 -7.8654656410217285
155 -7.4927754402160645
156 -6.459770679473877
157 -9.064090728759766
158 -8.375356674194336
159 -6.463590145111084
160 -9.032700538635254
161 -7.777431488037109
162 -6.8191094398498535
163 -6.747907638549805
164 -7.352309703826904
165 -6.053357124328613
166 -7.458985805511475
167 -7.786053657531738
168 -6.39248514175415
169 -8.750764846801758
170 -6.384687423706055
171 -6.576654434204102
172 -6.349276065826416
173 -6.04361629486084
174 -8.982269287109375
175 -9.064090728759766
176 -6.495360851287842
177 -6.646603107452393
178 -8.978787422180176
179 -6.635912895202637
180 -8.041726112365723
181 -6.991666316986084
182 -6.261690139770508
183 -6.648636817932129
184 -6.4484543800354
185 -9.06408977508545
186 -7.404026031494141
187 -6.122634410858154
188 -6.03702449798584
189 -7.08139181137085
190 -7.435637474060059
191 -6.354150772094727
192 -6.420229911804199
193 -6.232220649719238
194 -6.293750762939453
195 -6.6746602058410645
196 -6.271632671356201
197 -6.348905086517334
198 -5.967737197875977
199 -6.281485557556152
200 -6.752275466918945
201 -6.90745735168457
202 -6.02640438079834
203 -7.0981059074401855
204 -6.069230556488037
205 -6.649320602416992
206 -6.218433856964111
207 -6.894313335418701
208 -8.402932167053223
209 -6.754388809204102
210 -8.734743118286133
211 -6.055187225341797
212 -7.4231858253479
213 -6.549465656280518
214 -8.81657886505127
215 -5.7623982429504395
216 -6.414031505584717
217 -7.084963798522949
218 -7.028386116027832
219 -9.064090728759766
220 -6.614223003387451
221 -6.9514007568359375
222 -7.285564422607422
223 -6.156637191772461
224 -6.9417033195495605
225 -8.627008438110352
226 -7.742774963378906
227 -6.477202892303467
228 -6.911630630493164
229 -6.1566362380981445
230 -8.971550941467285
231 -6.583171844482422
232 -6.506445407867432
233 -6.178717613220215
234 -7.9466962814331055
235 -7.529185771942139
236 -7.031687259674072
237 -6.491555213928223
238 -6.293887138366699
239 -6.692538261413574
240 -7.252258777618408
241 -6.430294036865234
242 -6.383469104766846
243 -6.182287216186523
244 -8.734992980957031
245 -6.0990824699401855
246 -6.782725811004639
247 -7.376991271972656
248 -9.064090728759766
249 -6.7890753746032715
250 -8.538930892944336
251 -8.872852325439453
252 -9.012015342712402
253 -7.597621917724609
254 -6.036659240722656
255 -6.089479446411133
256 -6.081849098205566
257 -6.550613880157471
258 -6.630941867828369
259 -7.531892776489258
260 -6.667851448059082
261 -6.335440635681152
262 -6.758920669555664
263 -6.845184326171875
264 -6.263134956359863
265 -6.255292892456055
266 -6.417752742767334
267 -9.064090728759766
268 -7.051111698150635
269 -8.709312438964844
270 -6.575592994689941
271 -6.793244361877441
272 -6.4949727058410645
273 -8.514033317565918
274 -8.796773910522461
275 -6.604301452636719
276 -6.291465759277344
277 -6.7040276527404785
278 -6.873192310333252
279 -6.490973472595215
280 -6.1365790367126465
281 -6.689688205718994
282 -6.56413459777832
283 -6.428140640258789
284 -8.441373825073242
285 -7.744842052459717
286 -6.781006336212158
287 -7.4998979568481445
288 -6.790523529052734
289 -8.35095500946045
290 -6.891322135925293
291 -6.398850440979004
292 -7.3862504959106445
293 -6.340672969818115
294 -6.050845146179199
295 -6.62536096572876
296 -6.6842474937438965
297 -6.5234270095825195
298 -6.906599044799805
299 -6.444076061248779
300 -8.119372367858887
301 -6.58402156829834
302 -6.280251502990723
303 -6.996358871459961
304 -7.0445637702941895
305 -6.402700424194336
306 -6.308592796325684
307 -9.064091682434082
308 -6.621410369873047
309 -7.62685489654541
310 -7.398942470550537
311 -5.96329402923584
312 -5.960452556610107
313 -8.014554023742676
314 -6.712384223937988
315 -6.142788887023926
316 -8.97821044921875
317 -6.341750144958496
318 -8.630810737609863
319 -6.753322124481201
320 -7.2051897048950195
321 -6.566314697265625
322 -8.46195125579834
323 -6.535608768463135
324 -6.442188262939453
325 -7.1406426429748535
326 -6.048218250274658
327 -8.642367362976074
328 -6.451674461364746
329 -6.042967319488525
330 -7.7142815589904785
331 -6.107455730438232
332 -6.996583938598633
333 -6.890974998474121
334 -6.551486968994141
335 -6.654182434082031
336 -6.502111434936523
337 -8.45593547821045
338 -8.16537857055664
339 -5.938495635986328
340 -7.155563831329346
341 -6.584980487823486
342 -6.3968634605407715
343 -7.509199619293213
344 -6.215177536010742
345 -6.311940670013428
346 -7.369202613830566
347 -7.492659091949463
348 -6.386996269226074
349 -6.937852382659912
350 -8.745967864990234
351 -9.064090728759766
352 -6.376220703125
353 -7.571733474731445
354 -8.048722267150879
355 -7.724799633026123
356 -6.798981666564941
357 -6.649178981781006
358 -6.142608642578125
359 -7.242297649383545
360 -7.191587448120117
361 -6.237973213195801
362 -8.801936149597168
363 -6.582573890686035
364 -7.416749954223633
365 -7.104517936706543
366 -7.051291465759277
367 -6.1899333000183105
368 -6.717452526092529
369 -6.555273056030273
370 -6.141851902008057
371 -7.091876983642578
372 -7.9831719398498535
373 -7.404972076416016
374 -6.667398452758789
375 -6.800281524658203
376 -8.864672660827637
377 -7.514675617218018
378 -8.094987869262695
379 -6.664121150970459
380 -7.864699363708496
381 -5.107876777648926
382 -6.895410060882568
383 -6.966803073883057
384 -7.939662456512451
385 -6.826334476470947
386 -6.518240928649902
387 -6.3802690505981445
388 -6.4877848625183105
389 -6.652390003204346
390 -8.548315048217773
391 -6.501627445220947
392 -9.064090728759766
393 -7.143105983734131
394 -6.3902459144592285
395 -7.064123153686523
396 -6.523414611816406
397 -7.189213752746582
398 -7.627018451690674
399 -6.276337623596191
400 -7.402615547180176
401 -7.30975866317749
402 -6.216198444366455
403 -6.624879837036133
404 -6.503528594970703
405 -7.693675994873047
406 -6.219964981079102
407 -7.244397163391113
408 -6.088544845581055
409 -5.751977920532227
410 -6.632517337799072
411 -6.5809407234191895
412 -7.177280902862549
413 -6.569116592407227
414 -9.064090728759766
415 -8.339887619018555
416 -8.505708694458008
417 -5.591642379760742
418 -6.685091972351074
419 -6.634158134460449
420 -6.715035438537598
421 -6.907536029815674
422 -6.150044918060303
423 -6.7111310958862305
424 -7.040668487548828
425 -8.505584716796875
426 -6.632811546325684
427 -6.888367652893066
428 -6.130884170532227
429 -6.2122273445129395
430 -7.603240013122559
431 -7.904348373413086
432 -6.125306129455566
433 -6.325425624847412
434 -8.257706642150879
435 -6.2116241455078125
436 -6.541194915771484
437 -6.8133039474487305
438 -6.413777828216553
439 -6.095327854156494
440 -6.794027805328369
441 -7.1271514892578125
442 -6.572204113006592
443 -6.144644737243652
444 -5.8504204750061035
445 -6.995348930358887
446 -6.4846696853637695
447 -7.422249794006348
448 -6.561405658721924
449 -6.292120933532715
450 -6.643370628356934
451 -6.903688430786133
452 -7.2077155113220215
453 -8.700663566589355
454 -7.1452436447143555
455 -7.163902759552002
456 -7.423181056976318
457 -6.684045791625977
458 -6.966039657592773
459 -5.8455305099487305
460 -8.686983108520508
461 -5.960803985595703
462 -6.339345455169678
463 -8.270726203918457
464 -6.9948811531066895
465 -6.468512058258057
466 -5.728817939758301
467 -7.435136795043945
468 -9.064090728759766
469 -8.127388000488281
470 -6.720459461212158
471 -8.563128471374512
472 -6.556944847106934
473 -8.680414199829102
474 -8.193338394165039
475 -6.862858772277832
476 -6.4905805587768555
477 -7.608912944793701
478 -6.921726226806641
479 -8.719651222229004
480 -8.845470428466797
481 -7.103221893310547
482 -6.979589462280273
483 -8.86880874633789
484 -6.4915571212768555
485 -8.563129425048828
486 -7.7587666511535645
487 -7.169649124145508
488 -6.5014472007751465
489 -6.934606552124023
490 -6.486983299255371
491 -6.88594388961792
492 -6.908434867858887
493 -8.542841911315918
494 -8.656513214111328
495 -6.083278179168701
496 -6.638858795166016
497 -7.474908351898193
498 -7.293726444244385
499 -6.58668327331543
500 -6.519284725189209
501 -6.157336711883545
502 -6.6413068771362305
503 -6.191068172454834
504 -6.801075458526611
505 -6.268637180328369
506 -8.495366096496582
507 -5.883485794067383
508 -7.207948684692383
509 -6.506719589233398
510 -6.343242645263672
511 -6.900600910186768
512 -6.627645492553711
513 -8.5987548828125
514 -6.710621356964111
515 -6.498200416564941
516 -6.1849822998046875
517 -9.06408977508545
518 -8.688630104064941
519 -9.045019149780273
520 -8.377257347106934
521 -6.472342014312744
522 -6.790534973144531
523 -8.130021095275879
524 -6.434052467346191
525 -9.064090728759766
526 -6.775786399841309
527 -5.69484281539917
528 -6.797669887542725
529 -6.617541313171387
530 -8.528836250305176
531 -8.222648620605469
532 -8.98656177520752
533 -7.577674865722656
534 -6.874082565307617
535 -6.144557952880859
536 -9.064090728759766
537 -6.471745491027832
538 -6.548797130584717
539 -7.601619720458984
540 -7.294571876525879
541 -6.752694606781006
542 -9.038424491882324
543 -6.208563327789307
544 -7.177309989929199
545 -9.056815147399902
546 -6.973185062408447
547 -6.390983581542969
548 -7.365687370300293
549 -6.415885925292969
550 -6.34312629699707
551 -5.9933271408081055
552 -5.778585910797119
553 -6.608661651611328
554 -6.874082565307617
555 -9.06408977508545
556 -8.490443229675293
557 -6.652331352233887
558 -6.244205951690674
559 -8.757258415222168
560 -6.323972702026367
561 -6.547110557556152
562 -6.335150718688965
563 -6.623298168182373
564 -8.530044555664062
565 -6.794646263122559
566 -7.054841041564941
567 -6.221182346343994
568 -6.768622398376465
569 -6.052639961242676
570 -6.585508823394775
571 -6.505232810974121
572 -6.577674388885498
573 -6.6457905769348145
574 -7.314698696136475
575 -6.478736877441406
576 -6.99916934967041
577 -7.241494655609131
578 -8.002241134643555
579 -7.617752552032471
580 -8.070648193359375
581 -6.30252742767334
582 -6.340757846832275
583 -7.089249610900879
584 -7.152089595794678
585 -7.51141357421875
586 -6.554722785949707
587 -7.229661464691162
588 -6.635224342346191
589 -9.06408977508545
590 -6.406900882720947
591 -6.4618000984191895
592 -6.3402252197265625
593 -6.094450950622559
594 -5.837263107299805
595 -6.036567687988281
596 -6.40889310836792
597 -6.611804008483887
598 -8.95723819732666
599 -6.118048667907715
600 -8.90891170501709
601 -7.022361755371094
602 -6.170768737792969
603 -8.372100830078125
604 -8.808706283569336
605 -8.911128997802734
606 -8.718439102172852
607 -6.275764465332031
608 -6.611107349395752
609 -6.712738037109375
610 -7.926090717315674
611 -7.101790428161621
612 -6.138712406158447
613 -6.63350772857666
614 -5.8004350662231445
615 -6.532799243927002
616 -7.059543132781982
617 -6.137168884277344
618 -7.1747846603393555
619 -7.31137228012085
620 -6.658275604248047
621 -5.651268005371094
622 -8.246116638183594
623 -8.536202430725098
624 -6.646879196166992
625 -6.47331428527832
626 -5.86320686340332
627 -8.042062759399414
628 -6.270207405090332
629 -7.3459858894348145
630 -7.204889297485352
631 -6.689996719360352
632 -7.0986738204956055
633 -6.050812721252441
634 -7.399826526641846
635 -7.079291343688965
636 -6.389153957366943
637 -6.478475093841553
638 -6.584668159484863
639 -6.536921977996826
640 -8.632225036621094
641 -9.06408977508545
642 -7.424349784851074
643 -8.096906661987305
644 -7.347914695739746
645 -7.160533428192139
646 -6.357879161834717
647 -7.385923862457275
648 -9.064090728759766
649 -6.589365005493164
650 -6.555980682373047
651 -6.790182113647461
652 -6.748010635375977
653 -9.064090728759766
654 -7.118245601654053
655 -6.262484550476074
656 -8.431901931762695
657 -6.877033233642578
658 -6.234267234802246
659 -6.869080543518066
660 -8.59433364868164
661 -8.733671188354492
662 -7.165535926818848
663 -6.673768520355225
664 -7.951083660125732
665 -7.074960708618164
666 -7.036400318145752
667 -5.937548637390137
668 -6.616434574127197
669 -6.512725830078125
670 -6.947473526000977
671 -8.787826538085938
672 -6.468958854675293
673 -8.756488800048828
674 -6.975074768066406
675 -7.094253063201904
676 -8.476519584655762
677 -6.078411102294922
678 -6.3874616622924805
679 -6.34985876083374
680 -6.1785407066345215
681 -9.061223983764648
682 -6.3227057456970215
683 -6.38249397277832
684 -8.951000213623047
685 -6.3657355308532715
686 -8.211374282836914
687 -8.65906810760498
688 -6.660314083099365
689 -7.56041145324707
690 -6.40111780166626
691 -6.9002604484558105
692 -8.378780364990234
693 -6.956051826477051
694 -6.761927604675293
695 -7.265830993652344
696 -6.175283432006836
697 -6.411153793334961
698 -8.743992805480957
699 -6.46474552154541
700 -8.167147636413574
701 -8.764932632446289
702 -6.402037620544434
703 -7.452330112457275
704 -6.314067840576172
705 -6.664862155914307
706 -7.426430702209473
707 -6.870256423950195
708 -8.926580429077148
709 -7.33832311630249
710 -6.2580132484436035
711 -9.021868705749512
712 -8.048439979553223
713 -7.936216354370117
714 -6.274272918701172
715 -6.921727657318115
716 -6.5078349113464355
717 -6.778657913208008
718 -6.586668014526367
719 -6.541330337524414
720 -5.932234764099121
721 -7.718520164489746
722 -6.86314582824707
723 -6.305690288543701
724 -7.860136985778809
725 -9.064091682434082
726 -6.331762790679932
727 -6.358484268188477
728 -7.599423885345459
729 -6.30091667175293
730 -6.799008369445801
731 -6.198473930358887
732 -6.614203929901123
733 -6.497799873352051
734 -6.2702460289001465
735 -6.299250602722168
736 -6.117437362670898
737 -6.265092849731445
738 -8.922477722167969
739 -6.291742324829102
740 -6.97959041595459
741 -6.880815029144287
742 -5.924499034881592
743 -7.254800319671631
744 -7.215234756469727
745 -7.224371910095215
746 -7.1451849937438965
747 -6.115907669067383
748 -6.0696306228637695
749 -7.828451156616211
750 -6.175372123718262
751 -7.089719772338867
752 -6.87493896484375
753 -6.884021759033203
754 -7.408501625061035
755 -9.064091682434082
756 -8.22818374633789
757 -6.349478721618652
758 -5.887426376342773
759 -6.360165596008301
760 -6.2754225730896
761 -6.538764953613281
762 -7.984687805175781
763 -6.628067970275879
764 -9.06408977508545
765 -8.991081237792969
766 -6.91342306137085
767 -7.020294666290283
768 -7.9778242111206055
769 -6.646425724029541
770 -6.507147312164307
771 -6.394033432006836
772 -6.331259250640869
773 -7.750960826873779
774 -8.89949893951416
775 -6.317187309265137
776 -6.259403705596924
777 -7.555907249450684
778 -7.367801666259766
779 -6.047143459320068
780 -6.170507431030273
781 -6.2832746505737305
782 -7.933652400970459
783 -6.341869354248047
784 -6.658138275146484
785 -7.685825347900391
786 -7.130583763122559
787 -7.022496223449707
788 -6.632773399353027
789 -6.721722602844238
790 -6.403103351593018
791 -6.036287784576416
792 -8.919631004333496
793 -8.012907028198242
794 -7.290550708770752
795 -7.464877128601074
796 -6.65506649017334
797 -9.064090728759766
798 -5.986257553100586
799 -9.06408977508545
800 -6.242951393127441
801 -8.943760871887207
802 -6.466509819030762
803 -7.197013854980469
804 -6.916808605194092
805 -6.8185248374938965
806 -6.721796989440918
807 -6.901952743530273
808 -6.30430793762207
809 -6.8862104415893555
810 -7.490567207336426
811 -9.064090728759766
812 -7.463921546936035
813 -6.573575973510742
814 -6.778242588043213
815 -7.911590099334717
816 -6.589474201202393
817 -7.256034851074219
818 -7.160734176635742
819 -6.634355545043945
820 -7.509685516357422
821 -6.58195686340332
822 -6.568385124206543
823 -6.566694259643555
824 -6.174736976623535
825 -6.662600517272949
826 -8.84786319732666
827 -6.0238847732543945
828 -6.746807098388672
829 -7.473431587219238
830 -6.697962760925293
831 -6.817394256591797
832 -6.395901203155518
833 -6.205582618713379
834 -6.316911697387695
835 -7.640244007110596
836 -7.378142356872559
837 -7.208339214324951
838 -6.358851909637451
839 -6.447370529174805
840 -6.56852388381958
841 -6.670515537261963
842 -6.849907875061035
843 -7.023983955383301
844 -6.344656944274902
845 -6.273788928985596
846 -7.377078056335449
847 -7.226713180541992
848 -6.377652645111084
849 -6.088772296905518
850 -6.6398091316223145
851 -6.669526100158691
852 -6.37898588180542
853 -6.456807613372803
854 -6.57834005355835
855 -5.977437973022461
856 -8.851164817810059
857 -7.609764575958252
858 -5.82426643371582
859 -6.418471336364746
860 -8.962706565856934
861 -7.415842056274414
862 -6.48980188369751
863 -6.121232032775879
864 -9.005505561828613
865 -6.647493362426758
866 -7.5193963050842285
867 -7.008118629455566
868 -8.770606994628906
869 -7.311371803283691
870 -9.064090728759766
871 -6.196755886077881
872 -6.6224045753479
873 -6.863062381744385
874 -6.899589538574219
875 -6.624396324157715
876 -7.608407974243164
877 -6.482047080993652
878 -6.570693492889404
879 -9.064090728759766
880 -7.750182151794434
881 -6.098169803619385
882 -6.738986015319824
883 -6.270298004150391
884 -6.457606792449951
885 -8.749149322509766
886 -8.639612197875977
887 -6.299347877502441
888 -6.564986228942871
889 -6.426419258117676
890 -9.064090728759766
891 -8.280759811401367
892 -6.383241653442383
893 -6.3134894371032715
894 -6.824156761169434
895 -6.119622230529785
896 -6.2479705810546875
897 -6.812363624572754
898 -6.09489631652832
899 -6.488200664520264
900 -7.461899757385254
901 -6.921726703643799
902 -6.591413974761963
903 -8.348814010620117
904 -6.806767463684082
905 -7.9538984298706055
906 -5.7665300369262695
907 -6.6290130615234375
908 -6.4083251953125
909 -7.15098237991333
910 -7.074614524841309
911 -7.471954345703125
912 -6.561625957489014
913 -6.615053176879883
914 -7.582996845245361
915 -6.821831226348877
916 -8.888727188110352
917 -6.435451507568359
918 -6.133023262023926
919 -9.026086807250977
920 -7.074112415313721
921 -8.389412879943848
922 -6.5931291580200195
923 -8.514728546142578
924 -6.905728340148926
925 -6.314633369445801
926 -6.694875717163086
927 -6.3718085289001465
928 -7.808594703674316
929 -6.288192272186279
930 -6.706374645233154
931 -5.851485252380371
932 -6.738103866577148
933 -9.06408977508545
934 -6.3051438331604
935 -6.127099514007568
936 -7.911935806274414
937 -6.530974864959717
938 -7.960910320281982
939 -7.813107490539551
940 -6.21042013168335
941 -7.14089298248291
942 -6.1684184074401855
943 -8.961821556091309
944 -6.405981063842773
945 -6.933682441711426
946 -6.601082801818848
947 -6.991855144500732
948 -6.542330265045166
949 -9.06408977508545
950 -7.892369270324707
951 -6.541787147521973
952 -6.0804572105407715
953 -6.113254547119141
954 -6.898909091949463
955 -8.59290885925293
956 -6.529170513153076
957 -7.283484935760498
958 -6.432043552398682
959 -6.494553565979004
960 -8.2221040725708
961 -6.443905353546143
962 -8.991116523742676
963 -6.971273899078369
964 -6.115312576293945
965 -6.639425277709961
966 -6.957301139831543
967 -7.27682638168335
968 -6.45234489440918
969 -7.14125394821167
970 -7.1115288734436035
971 -6.979589462280273
972 -7.187728404998779
973 -5.321792125701904
974 -6.30435037612915
975 -6.489108562469482
976 -6.406435966491699
977 -6.936819076538086
978 -6.228369235992432
979 -6.016109466552734
980 -6.856595993041992
981 -7.519398212432861
982 -6.674055576324463
983 -6.112037181854248
984 -6.498519420623779
985 -6.919571399688721
986 -5.798922538757324
987 -6.477257251739502
988 -6.62443733215332
989 -7.464022636413574
990 -8.65446949005127
991 -7.105246543884277
992 -6.5464606285095215
993 -6.433643341064453
994 -6.52653694152832
995 -8.81910228729248
996 -7.987307071685791
997 -9.064090728759766
998 -6.43597412109375
999 -9.064090728759766
