0 -4.9051737785339355
1 -5.109048843383789
2 -5.584214210510254
3 -5.545443534851074
4 -4.940324306488037
5 -7.435274124145508
6 -7.115668773651123
7 -6.844198226928711
8 -8.680008888244629
9 -7.387053489685059
10 -6.092630386352539
11 -6.181488513946533
12 -6.840888023376465
13 -6.704984188079834
14 -6.415576934814453
15 -9.064090728759766
16 -6.158143997192383
17 -6.352086067199707
18 -6.091568946838379
19 -9.017173767089844
20 -6.740728855133057
21 -5.987679481506348
22 -6.1566362380981445
23 -6.191344738006592
24 -6.1196513175964355
25 -6.629735946655273
26 -6.654313087463379
27 -8.982405662536621
28 -6.324833393096924
29 -7.294559955596924
30 -6.520736217498779
31 -8.658479690551758
32 -6.4938201904296875
33 -8.585693359375
34 -6.201275825500488
35 -7.612645626068115
36 -7.351783752441406
37 -9.064090728759766
38 -6.942239761352539
39 -6.994503974914551
40 -7.334797382354736
41 -6.963760852813721
42 -6.8267292976379395
43 -6.002758979797363
44 -7.005004405975342
45 -6.1011810302734375
46 -6.400606155395508
47 -6.774670600891113
48 -8.618435859680176
49 -6.795982360839844
50 -6.503685474395752
51 -7.013647079467773
52 -6.551242828369141
53 -9.064090728759766
54 -5.945193290710449
55 -6.154074192047119
56 -7.3014092445373535
57 -6.580926895141602
58 -5.9345479011535645
59 -6.846029281616211
60 -6.794960021972656
61 -6.935149669647217
62 -6.282573699951172
63 -6.074254035949707
64 -7.254368782043457
65 -7.554887294769287
66 -6.800399303436279
67 -8.696887969970703
68 -6.2543487548828125
69 -8.89830207824707
70 -6.9526472091674805
71 -6.06655216217041
72 -6.804701328277588
73 -6.406833648681641
74 -6.938754558563232
75 -6.402836799621582
76 -7.754532814025879
77 -6.825849533081055
78 -6.150537014007568
79 -6.736486911773682
80 -7.183591842651367
81 -6.314527988433838
82 -6.7296576499938965
83 -6.4508466720581055
84 -9.064091682434082
85 -6.56397008895874
86 -8.489418029785156
87 -6.601504802703857
88 -7.810272216796875
89 -6.41222620010376
90 -9.06408977508545
91 -6.753734111785889
92 -6.893645286560059
93 -6.967252731323242
94 -6.332213878631592
95 -7.987696170806885
96 -9.064090728759766
97 -6.707269191741943
98 -7.335073471069336
99 -6.775175094604492
100 -6.347363471984863
101 -5.958553314208984
102 -6.446194171905518
103 -6.346653938293457
104 -7.084827423095703
105 -6.5107421875
106 -6.155215263366699
107 -6.373185157775879
108 -7.086467742919922
109 -6.671354293823242
110 -6.866621971130371
111 -6.960926532745361
112 -6.795202255249023
113 -6.31538200378418
114 -7.768203258514404
115 -6.160845756530762
116 -7.231535911560059
117 -6.623750686645508
118 -8.957101821899414
119 -6.970486640930176
120 -6.904831886291504
121 -9.064090728759766
122 -6.89157772064209
123 -8.206557273864746
124 -6.705483913421631
125 -7.017546653747559
126 -7.690298080444336
127 -9.06408977508545
128 -6.79520320892334
129 -8.966458320617676
130 -5.9392805099487305
131 -7.327153205871582
132 -6.077988624572754
133 -8.034868240356445
134 -6.147932529449463
135 -7.554884910583496
136 -8.787877082824707
137 -5.89434814453125
138 -6.795793533325195
139 -9.06408977508545
140 -8.528326034545898
141 -5.828073501586914
142 -9.06408977508545
143 -7.233914375305176
144 -6.306171417236328
145 -8.609010696411133
146 -7.151745796203613
147 -6.703289985656738
148 -9.064090728759766
149 -6.864014625549316
150 -9.021188735961914
151 -9.06408977508545
152 -5.932524681091309
153 -6.5284104347229
154 -6.195822238922119
155 -8.71896743774414
156 -6.33752965927124
157 -8.397106170654297
158 -7.12140417098999
159 -7.369293689727783
160 -6.203054428100586
161 -6.840667247772217
162 -7.347303867340088
163 -6.373725891113281
164 -6.310001373291016
165 -8.860344886779785
166 -7.200840473175049
167 -6.784256935119629
168 -8.297507286071777
169 -9.064090728759766
170 -6.050017356872559
171 -7.4976959228515625
172 -8.319610595703125
173 -6.40864896774292
174 -6.360993385314941
175 -6.892427444458008
176 -8.907977104187012
177 -6.350841522216797
178 -7.975020408630371
179 -7.611568450927734
180 -6.62528133392334
181 -6.3847222328186035
182 -5.862368583679199
183 -6.13208532333374
184 -6.421733856201172
185 -6.061951637268066
186 -8.19445514678955
187 -6.237995624542236
188 -7.959829807281494
189 -7.111263275146484
190 -8.782596588134766
191 -6.111694812774658
192 -6.494307994842529
193 -9.064090728759766
194 -6.503561973571777
195 -6.534437656402588
196 -8.942749977111816
197 -6.406766414642334
198 -6.7879204750061035
199 -7.5446271896362305
200 -6.735874652862549
201 -6.318673610687256
202 -7.499880313873291
203 -6.364412307739258
204 -6.121606826782227
205 -6.317406177520752
206 -6.466821193695068
207 -6.769922256469727
208 -6.489503860473633
209 -6.224043846130371
210 -6.855803966522217
211 -8.483180046081543
212 -8.67985725402832
213 -7.148702144622803
214 -6.837954998016357
215 -8.980228424072266
216 -5.833547592163086
217 -8.869812965393066
218 -8.942411422729492
219 -6.1211419105529785
220 -8.544417381286621
221 -6.4472880363464355
222 -7.553361892700195
223 -6.547896385192871
224 -7.9723734855651855
225 -6.521387100219727
226 -6.7284698486328125
227 -6.02865743637085
228 -6.59979772567749
229 -8.19583797454834
230 -7.4275102615356445
231 -6.391674518585205
232 -6.817002773284912
233 -6.492057800292969
234 -6.080442905426025
235 -9.064090728759766
236 -7.227174282073975
237 -7.767923355102539
238 -8.060970306396484
239 -5.927002429962158
240 -6.941702365875244
241 -8.966870307922363
242 -6.780611991882324
243 -7.176446914672852
244 -6.048272132873535
245 -7.108104228973389
246 -9.001964569091797
247 -7.186724662780762
248 -7.145345211029053
249 -6.224081993103027
250 -5.871586322784424
251 -5.962089538574219
252 -7.264251708984375
253 -9.05856990814209
254 -6.503891944885254
255 -7.757324695587158
256 -7.332516193389893
257 -6.997385025024414
258 -6.6697587966918945
259 -6.720534324645996
260 -6.280280113220215
261 -6.426682472229004
262 -6.823702335357666
263 -9.064090728759766
264 -6.504099369049072
265 -5.910703659057617
266 -6.399721622467041
267 -8.944490432739258
268 -6.447765350341797
269 -6.476024627685547
270 -6.949895858764648
271 -9.06408977508545
272 -6.589569568634033
273 -7.025115966796875
274 -5.842914581298828
275 -7.941656589508057
276 -6.057147026062012
277 -6.190604209899902
278 -6.851583003997803
279 -6.591804027557373
280 -7.061886787414551
281 -6.078264236450195
282 -6.601419448852539
283 -6.472219467163086
284 -6.115351676940918
285 -6.79727840423584
286 -8.876031875610352
287 -8.897193908691406
288 -9.064090728759766
289 -6.261890411376953
290 -6.112672805786133
291 -7.596011161804199
292 -6.1508259773254395
293 -6.942665100097656
294 -6.5048441886901855
295 -8.57373046875
296 -6.396930694580078
297 -6.98030948638916
298 -6.351798057556152
299 -6.347577095031738
300 -6.582279682159424
301 -6.086855888366699
302 -6.473008155822754
303 -9.064090728759766
304 -6.314732551574707
305 -9.028434753417969
306 -6.845675945281982
307 -8.3693208694458
308 -6.357691287994385
309 -6.650218486785889
310 -6.473745822906494
311 -6.6472673416137695
312 -6.033763885498047
313 -6.7024688720703125
314 -6.649445533752441
315 -6.382519245147705
316 -8.973297119140625
317 -6.207829475402832
318 -6.747692108154297
319 -6.7303853034973145
320 -6.585816383361816
321 -7.481912136077881
322 -6.825117111206055
323 -9.039085388183594
324 -6.08598518371582
325 -6.774864673614502
326 -6.7852463722229
327 -8.62130355834961
328 -6.2017035484313965
329 -6.263431549072266
330 -6.162621974945068
331 -6.541925430297852
332 -6.778124809265137
333 -6.133418083190918
334 -6.75934362411499
335 -7.024715900421143
336 -6.0095624923706055
337 -7.8036370277404785
338 -6.601590156555176
339 -8.81520938873291
340 -8.833398818969727
341 -6.875532627105713
342 -9.061492919921875
343 -6.391533851623535
344 -6.41711950302124
345 -6.084216117858887
346 -6.521559238433838
347 -7.136614799499512
348 -6.034505367279053
349 -7.195432662963867
350 -6.695254325866699
351 -6.266420841217041
352 -6.658051013946533
353 -8.928173065185547
354 -6.320383548736572
355 -6.1327290534973145
356 -6.393784999847412
357 -6.46469259262085
358 -8.621450424194336
359 -7.919036865234375
360 -6.388726234436035
361 -8.648201942443848
362 -6.249926567077637
363 -7.729147434234619
364 -6.969253063201904
365 -6.355527877807617
366 -6.651482582092285
367 -7.206741809844971
368 -6.078890800476074
369 -7.062643051147461
370 -8.941725730895996
371 -6.472463130950928
372 -7.373077392578125
373 -6.660068511962891
374 -6.795140266418457
375 -6.420783042907715
376 -6.5755934715271
377 -6.921435356140137
378 -6.868733882904053
379 -5.942852020263672
380 -6.444925308227539
381 -9.064090728759766
382 -6.847938060760498
383 -6.608371734619141
384 -6.538878917694092
385 -6.627531051635742
386 -7.790955066680908
387 -8.692754745483398
388 -8.99826717376709
389 -6.4937028884887695
390 -6.3327555656433105
391 -6.472499370574951
392 -6.779535293579102
393 -9.064090728759766
394 -6.698022842407227
395 -6.165457725524902
396 -7.081920623779297
397 -8.63034439086914
398 -6.50408935546875
399 -6.636918067932129
400 -7.153362274169922
401 -6.582742691040039
402 -6.73104190826416
403 -6.799370765686035
404 -7.000559329986572
405 -6.076972484588623
406 -6.545963764190674
407 -6.816987991333008
408 -6.414720058441162
409 -6.860167980194092
410 -6.348239898681641
411 -7.027144432067871
412 -6.443758010864258
413 -6.512846946716309
414 -6.351025104522705
415 -6.727367877960205
416 -8.644022941589355
417 -6.9082794189453125
418 -8.659514427185059
419 -6.7624616622924805
420 -6.834465980529785
421 -8.036674499511719
422 -6.486728191375732
423 -6.690369606018066
424 -6.6615400314331055
425 -6.2614288330078125
426 -8.78007698059082
427 -6.083605766296387
428 -6.928702354431152
429 -6.72921085357666
430 -9.064091682434082
431 -6.615459442138672
432 -6.902845859527588
433 -8.392934799194336
434 -7.186302661895752
435 -6.4671173095703125
436 -8.94929313659668
437 -6.311446666717529
438 -6.554971218109131
439 -7.772030830383301
440 -6.746285915374756
441 -7.265467643737793
442 -6.576491355895996
443 -6.170041561126709
444 -8.954391479492188
445 -6.481564044952393
446 -7.811631679534912
447 -7.564355850219727
448 -6.586555480957031
449 -6.847248554229736
450 -6.484651565551758
451 -6.293880939483643
452 -6.616876602172852
453 -9.06408977508545
454 -8.42082405090332
455 -6.340785026550293
456 -6.280405044555664
457 -6.5106730461120605
458 -6.738967418670654
459 -9.018362045288086
460 -6.797448635101318
461 -5.968088626861572
462 -8.307150840759277
463 -6.688601970672607
464 -6.807150363922119
465 -8.335495948791504
466 -5.816341400146484
467 -8.881817817687988
468 -6.069711685180664
469 -6.922609329223633
470 -6.896917819976807
471 -8.152091979980469
472 -6.920578956604004
473 -8.054841041564941
474 -7.072953701019287
475 -7.7074480056762695
476 -5.9531450271606445
477 -8.56958293914795
478 -6.3425140380859375
479 -6.668074131011963
480 -5.861570358276367
481 -7.835862159729004
482 -6.601474761962891
483 -9.06408977508545
484 -6.29693078994751
485 -6.977278709411621
486 -6.364626884460449
487 -6.725310325622559
488 -8.21257209777832
489 -8.5822114944458
490 -6.443410873413086
491 -6.9938201904296875
492 -7.675917148590088
493 -6.262211322784424
494 -6.3178863525390625
495 -7.978906631469727
496 -8.812145233154297
497 -9.036906242370605
498 -7.289418697357178
499 -7.615933418273926
500 -7.523504734039307
501 -8.536029815673828
502 -6.212925910949707
503 -7.525292873382568
504 -6.524955749511719
505 -9.038175582885742
506 -5.96535587310791
507 -7.53070592880249
508 -7.024620056152344
509 -6.391463279724121
510 -6.248946666717529
511 -6.866193771362305
512 -6.365306854248047
513 -6.1261701583862305
514 -6.25499963760376
515 -6.230039596557617
516 -7.386805534362793
517 -6.424966812133789
518 -6.594773292541504
519 -7.132643222808838
520 -6.490983963012695
521 -6.256422519683838
522 -7.633278846740723
523 -7.546093463897705
524 -6.163790225982666
525 -6.981005668640137
526 -7.632205963134766
527 -6.327418327331543
528 -6.99556827545166
529 -8.809453964233398
530 -6.645811080932617
531 -8.6976900100708
532 -6.635807037353516
533 -6.27587890625
534 -6.446957588195801
535 -6.618797302246094
536 -6.651956081390381
537 -7.147575378417969
538 -6.708576202392578
539 -6.488462924957275
540 -8.745140075683594
541 -6.743009567260742
542 -8.603540420532227
543 -6.361443996429443
544 -6.303704738616943
545 -9.0039644241333
546 -8.003948211669922
547 -6.726963520050049
548 -7.040408134460449
549 -6.702507495880127
550 -6.609699726104736
551 -8.025518417358398
552 -8.780679702758789
553 -7.308483600616455
554 -6.666819095611572
555 -7.101650238037109
556 -6.288987159729004
557 -7.52054500579834
558 -6.346920490264893
559 -6.796170234680176
560 -6.6442670822143555
561 -9.064090728759766
562 -6.553590297698975
563 -9.064090728759766
564 -6.3598504066467285
565 -6.3578104972839355
566 -7.240626335144043
567 -8.649121284484863
568 -6.487669944763184
569 -6.829201698303223
570 -7.558081150054932
571 -6.480961799621582
572 -6.6322550773620605
573 -6.873238563537598
574 -6.218388557434082
575 -9.06408977508545
576 -8.722994804382324
577 -6.963621616363525
578 -7.2660298347473145
579 -6.405089378356934
580 -6.511165142059326
581 -6.194690704345703
582 -6.554465293884277
583 -7.631701469421387
584 -9.06408977508545
585 -6.795202732086182
586 -7.007667541503906
587 -6.836338520050049
588 -6.285490036010742
589 -6.584062576293945
590 -9.064090728759766
591 -9.064090728759766
592 -8.754916191101074
593 -9.011770248413086
594 -6.177165985107422
595 -6.6300859451293945
596 -9.064090728759766
597 -6.431136131286621
598 -6.220417022705078
599 -9.064090728759766
600 -6.874082565307617
601 -6.345304012298584
602 -8.543821334838867
603 -7.669803142547607
604 -6.923281192779541
605 -6.418585777282715
606 -6.334246635437012
607 -6.487793922424316
608 -6.334599494934082
609 -9.06408977508545
610 -8.971576690673828
611 -6.748558044433594
612 -6.944790840148926
613 -7.444363594055176
614 -6.757159233093262
615 -8.592269897460938
616 -7.206646919250488
617 -7.8351922035217285
618 -7.292901039123535
619 -6.288754940032959
620 -7.251948356628418
621 -6.6948652267456055
622 -7.80363655090332
623 -6.042223930358887
624 -9.064090728759766
625 -8.18410873413086
626 -6.601436138153076
627 -6.729691982269287
628 -6.763692855834961
629 -6.909873008728027
630 -6.2069597244262695
631 -6.59739351272583
632 -7.085757255554199
633 -7.194282531738281
634 -7.153541564941406
635 -6.200066566467285
636 -6.9994306564331055
637 -7.137613773345947
638 -7.447172164916992
639 -5.9905805587768555
640 -6.9463934898376465
641 -6.382949352264404
642 -7.530734539031982
643 -6.167337417602539
644 -6.521636962890625
645 -5.846947193145752
646 -6.570283889770508
647 -6.2193498611450195
648 -6.491849422454834
649 -7.244206428527832
650 -6.068103790283203
651 -5.999370574951172
652 -6.798432350158691
653 -7.120866298675537
654 -6.49021053314209
655 -6.770459175109863
656 -6.186526298522949
657 -6.20023250579834
658 -8.46365737915039
659 -8.893031120300293
660 -6.779385089874268
661 -6.462273597717285
662 -6.434852123260498
663 -8.823373794555664
664 -7.4360857009887695
665 -6.770844459533691
666 -6.055462837219238
667 -8.347816467285156
668 -6.683989524841309
669 -6.714550495147705
670 -7.1251606941223145
671 -7.989132881164551
672 -6.670032978057861
673 -6.538112163543701
674 -7.428493022918701
675 -6.103321552276611
676 -6.710560321807861
677 -6.309118747711182
678 -9.06408977508545
679 -8.93132209777832
680 -7.062885284423828
681 -7.131189346313477
682 -6.415333271026611
683 -8.592135429382324
684 -8.358786582946777
685 -6.279919147491455
686 -6.454969882965088
687 -8.281776428222656
688 -6.400222301483154
689 -8.435900688171387
690 -7.064396858215332
691 -6.899059295654297
692 -7.866255283355713
693 -6.671659469604492
694 -6.093388557434082
695 -6.535612106323242
696 -6.598886489868164
697 -6.914710998535156
698 -6.258169651031494
699 -6.371128082275391
700 -9.06408977508545
701 -7.311370849609375
702 -7.7259650230407715
703 -6.7921061515808105
704 -6.273087024688721
705 -5.953070163726807
706 -9.06408977508545
707 -7.389683723449707
708 -7.180704116821289
709 -6.309259414672852
710 -6.163424968719482
711 -7.225192546844482
712 -6.772095203399658
713 -6.3120646476745605
714 -7.517146110534668
715 -6.271413803100586
716 -6.254595756530762
717 -6.359210014343262
718 -7.939155101776123
719 -7.45591402053833
720 -9.064090728759766
721 -7.857093334197998
722 -6.094205379486084
723 -6.70900821685791
724 -7.015252113342285
725 -6.379585266113281
726 -6.43166971206665
727 -6.5395379066467285
728 -6.71460485458374
729 -6.067530155181885
730 -9.064090728759766
731 -7.071112155914307
732 -7.302886486053467
733 -6.5605621337890625
734 -6.698675632476807
735 -7.368715763092041
736 -7.579233169555664
737 -7.999987602233887
738 -6.716531753540039
739 -6.517534255981445
740 -7.5193963050842285
741 -6.489863872528076
742 -6.030235290527344
743 -8.924558639526367
744 -7.405698299407959
745 -6.8520402908325195
746 -7.723750591278076
747 -6.992388725280762
748 -8.448060035705566
749 -8.817724227905273
750 -6.2446184158325195
751 -6.8904314041137695
752 -6.618674278259277
753 -5.733258247375488
754 -6.851810455322266
755 -7.139535903930664
756 -6.3118791580200195
757 -9.064090728759766
758 -6.743117332458496
759 -6.661080837249756
760 -6.109882354736328
761 -6.549840927124023
762 -6.022661209106445
763 -6.469152927398682
764 -6.62691593170166
765 -6.54031229019165
766 -7.143897533416748
767 -7.536026477813721
768 -6.150930404663086
769 -6.588338851928711
770 -6.338642120361328
771 -6.135159492492676
772 -6.4346442222595215
773 -9.064091682434082
774 -5.978354454040527
775 -6.315057277679443
776 -6.330401420593262
777 -8.659555435180664
778 -6.405390739440918
779 -7.129729270935059
780 -9.051375389099121
781 -5.998934745788574
782 -6.719912528991699
783 -8.878687858581543
784 -6.034739017486572
785 -6.200432777404785
786 -6.589155673980713
787 -6.269156455993652
788 -6.597143173217773
789 -6.152680397033691
790 -6.795664310455322
791 -6.897167682647705
792 -6.4328083992004395
793 -6.1566362380981445
794 -8.999480247497559
795 -8.717055320739746
796 -6.508581161499023
797 -8.215587615966797
798 -6.156636714935303
799 -9.027362823486328
800 -8.981852531433105
801 -7.003698348999023
802 -7.021495819091797
803 -6.1763224601745605
804 -6.62245512008667
805 -6.9718523025512695
806 -9.064090728759766
807 -6.940374374389648
808 -6.679372310638428
809 -7.004453659057617
810 -7.065699577331543
811 -9.036499977111816
812 -8.821348190307617
813 -6.378072738647461
814 -6.185658931732178
815 -7.312483787536621
816 -7.52371883392334
817 -8.423513412475586
818 -6.432347297668457
819 -6.2042436599731445
820 -6.464899063110352
821 -7.529181957244873
822 -6.98137903213501
823 -7.081060886383057
824 -7.60959005355835
825 -6.334699630737305
826 -6.264267921447754
827 -7.027271270751953
828 -6.213105201721191
829 -8.598087310791016
830 -6.348310947418213
831 -6.278177261352539
832 -7.894350528717041
833 -9.06408977508545
834 -6.356948375701904
835 -8.19027042388916
836 -6.648699760437012
837 -6.298553466796875
838 -6.461030006408691
839 -6.228078842163086
840 -6.500095367431641
841 -7.395996570587158
842 -8.579313278198242
843 -9.06408977508545
844 -8.030071258544922
845 -8.295428276062012
846 -6.265803813934326
847 -8.992570877075195
848 -6.207841873168945
849 -7.672880172729492
850 -7.222760200500488
851 -7.043956756591797
852 -6.327923774719238
853 -8.73143482208252
854 -6.276847839355469
855 -6.733838081359863
856 -6.885943412780762
857 -6.763115882873535
858 -6.356609344482422
859 -6.861693859100342
860 -7.245417594909668
861 -6.364013195037842
862 -6.793840408325195
863 -9.004515647888184
864 -6.620319366455078
865 -6.886226177215576
866 -6.38234806060791
867 -6.570123195648193
868 -6.789037704467773
869 -8.03824520111084
870 -8.735574722290039
871 -6.14786434173584
872 -7.8113322257995605
873 -6.3236613273620605
874 -7.13914155960083
875 -6.055895805358887
876 -6.177934169769287
877 -6.187395095825195
878 -8.967519760131836
879 -8.669463157653809
880 -6.769710540771484
881 -8.620954513549805
882 -8.569856643676758
883 -7.5512847900390625
884 -6.5058207511901855
885 -6.077695846557617
886 -9.06408977508545
887 -9.05675983428955
888 -7.091601371765137
889 -9.064090728759766
890 -6.109601020812988
891 -7.450202465057373
892 -7.024930000305176
893 -6.674455642700195
894 -6.8067522048950195
895 -6.156636714935303
896 -6.30713415145874
897 -6.395110130310059
898 -7.6061787605285645
899 -6.9683732986450195
900 -6.052919864654541
901 -7.084538459777832
902 -6.508484840393066
903 -6.483015060424805
904 -8.102526664733887
905 -6.4398603439331055
906 -8.593278884887695
907 -6.399540901184082
908 -6.057093143463135
909 -6.809081554412842
910 -8.557092666625977
911 -6.298989772796631
912 -6.813353061676025
913 -6.498056888580322
914 -7.511998653411865
915 -6.0394978523254395
916 -6.094038963317871
917 -6.563185691833496
918 -6.437738418579102
919 -8.012693405151367
920 -6.4169721603393555
921 -6.4606547355651855
922 -6.647772789001465
923 -6.779019832611084
924 -6.932036876678467
925 -5.905909538269043
926 -8.872737884521484
927 -6.5228495597839355
928 -6.693568229675293
929 -7.590958118438721
930 -6.1904191970825195
931 -6.930584907531738
932 -6.734112739562988
933 -6.136274337768555
934 -6.752006530761719
935 -7.430232048034668
936 -7.735354423522949
937 -6.846737384796143
938 -6.556628227233887
939 -9.064090728759766
940 -8.26446533203125
941 -6.063788890838623
942 -6.259119987487793
943 -6.216409683227539
944 -6.173458099365234
945 -8.990317344665527
946 -6.398846626281738
947 -6.156636714935303
948 -7.084447383880615
949 -6.431192398071289
950 -6.09858512878418
951 -7.0229172706604
952 -6.108119010925293
953 -6.666286945343018
954 -9.052437782287598
955 -6.5591654777526855
956 -7.008108139038086
957 -7.1366071701049805
958 -6.544515609741211
959 -8.745981216430664
960 -9.06408977508545
961 -6.156636714935303
962 -6.651090621948242
963 -6.668117523193359
964 -7.127969741821289
965 -6.843378067016602
966 -5.990082740783691
967 -6.851032257080078
968 -8.373917579650879
969 -7.216310024261475
970 -6.140648365020752
971 -6.838035583496094
972 -6.211861610412598
973 -7.050870418548584
974 -8.127267837524414
975 -6.649373531341553
976 -6.33461332321167
977 -7.1921186447143555
978 -9.064090728759766
979 -6.244773864746094
980 -6.73670768737793
981 -7.8036370277404785
982 -6.51882266998291
983 -6.421588897705078
984 -6.663374900817871
985 -9.064090728759766
986 -6.546194553375244
987 -6.25811767578125
988 -7.208274841308594
989 -6.598596096038818
990 -6.851015090942383
991 -6.49874210357666
992 -6.21584939956665
993 -6.275938987731934
994 -6.489346504211426
995 -6.26047420501709
996 -6.81508731842041
997 -6.632357597351074
998 -7.537520885467529
999 -8.931158065795898
