0 -5.730382919311523
1 -5.472206115722656
2 -5.350817680358887
3 -5.000984191894531
4 -5.607718467712402
5 -6.358928680419922
6 -6.177334308624268
7 -8.73486042022705
8 -6.455559253692627
9 -6.869343280792236
10 -6.633760452270508
11 -6.414061546325684
12 -6.565456390380859
13 -7.5548858642578125
14 -8.96992015838623
15 -6.157538414001465
16 -6.182566165924072
17 -6.214366912841797
18 -6.679399490356445
19 -6.924835681915283
20 -8.585139274597168
21 -6.097407341003418
22 -7.5193986892700195
23 -6.860473155975342
24 -6.976970672607422
25 -5.948566436767578
26 -6.380852699279785
27 -8.063535690307617
28 -6.228403091430664
29 -5.901115417480469
30 -6.434162139892578
31 -7.0439300537109375
32 -7.514963626861572
33 -6.669910430908203
34 -6.6775617599487305
35 -8.687389373779297
36 -9.064090728759766
37 -8.62414836883545
38 -5.889608383178711
39 -6.403327941894531
40 -6.554652214050293
41 -9.006311416625977
42 -6.692523002624512
43 -6.497625827789307
44 -6.286400318145752
45 -6.159515380859375
46 -8.999465942382812
47 -7.362025260925293
48 -6.658236026763916
49 -8.075599670410156
50 -6.233522415161133
51 -6.590034008026123
52 -7.4344964027404785
53 -8.969204902648926
54 -6.211466312408447
55 -6.852397918701172
56 -9.064090728759766
57 -6.359719276428223
58 -6.328817844390869
59 -6.948531627655029
60 -6.22561502456665
61 -7.167710781097412
62 -6.364772319793701
63 -6.525080680847168
64 -6.25669002532959
65 -6.356075286865234
66 -6.880075454711914
67 -5.806884765625
68 -6.712010383605957
69 -6.730595111846924
70 -6.872077941894531
71 -5.996250152587891
72 -7.174820423126221
73 -7.439691066741943
74 -6.899831771850586
75 -6.917068004608154
76 -6.659996032714844
77 -6.157718658447266
78 -6.696805953979492
79 -6.34523344039917
80 -9.064090728759766
81 -9.040088653564453
82 -9.045202255249023
83 -7.254946708679199
84 -6.682399272918701
85 -6.850251197814941
86 -7.664374351501465
87 -6.4849066734313965
88 -6.192544937133789
89 -5.931585311889648
90 -5.832191467285156
91 -8.643067359924316
92 -9.026511192321777
93 -8.75236988067627
94 -6.044314384460449
95 -7.6263885498046875
96 -7.010333061218262
97 -7.013788223266602
98 -6.44728946685791
99 -5.932142734527588
100 -6.28576135635376
101 -6.221223831176758
102 -8.066900253295898
103 -6.32977819442749
104 -6.574894905090332
105 -6.12282133102417
106 -7.357454776763916
107 -6.35947847366333
108 -6.847341060638428
109 -6.674021244049072
110 -8.46207332611084
111 -9.064090728759766
112 -6.381875514984131
113 -7.179182052612305
114 -6.396243572235107
115 -6.065213203430176
116 -7.311370849609375
117 -8.859930038452148
118 -6.2659687995910645
119 -8.717182159423828
120 -6.357296466827393
121 -6.519588470458984
122 -8.562416076660156
123 -6.295886993408203
124 -9.06408977508545
125 -8.417137145996094
126 -6.045114040374756
127 -6.362530708312988
128 -6.791054725646973
129 -8.439032554626465
130 -6.101479530334473
131 -6.81331205368042
132 -6.80209493637085
133 -9.048857688903809
134 -6.221704483032227
135 -6.266351699829102
136 -6.131350517272949
137 -6.634900093078613
138 -6.473674774169922
139 -5.879377841949463
140 -6.2358293533325195
141 -6.225861549377441
142 -6.738536357879639
143 -6.810299873352051
144 -6.5029616355896
145 -6.478863716125488
146 -7.803837776184082
147 -5.932524681091309
148 -8.6414213180542
149 -7.410421371459961
150 -7.069296360015869
151 -5.886714935302734
152 -8.44835090637207
153 -7.311041355133057
154 -6.339461326599121
155 -7.569935321807861
156 -6.7693939208984375
157 -6.628538131713867
158 -7.359901428222656
159 -6.555087089538574
160 -7.097427845001221
161 -7.173169136047363
162 -7.192733287811279
163 -7.700509071350098
164 -6.554348945617676
165 -9.064090728759766
166 -8.573369979858398
167 -9.064090728759766
168 -6.220439910888672
169 -7.226276874542236
170 -7.884928226470947
171 -6.652090549468994
172 -7.845072269439697
173 -6.15378999710083
174 -7.941953659057617
175 -8.9845552444458
176 -6.826841831207275
177 -6.768624305725098
178 -7.712619781494141
179 -6.557896614074707
180 -7.2007622718811035
181 -6.820930004119873
182 -6.989907264709473
183 -7.586129188537598
184 -6.444840431213379
185 -6.283379554748535
186 -6.236788272857666
187 -9.06408977508545
188 -8.999523162841797
189 -7.56425666809082
190 -7.584075450897217
191 -7.6128716468811035
192 -6.451276779174805
193 -6.641838073730469
194 -6.208034992218018
195 -8.646830558776855
196 -6.539330959320068
197 -9.029930114746094
198 -8.739776611328125
199 -6.942671775817871
200 -6.883734703063965
201 -6.750982761383057
202 -9.064090728759766
203 -7.573793411254883
204 -7.173168182373047
205 -6.605403900146484
206 -7.049382209777832
207 -8.5020751953125
208 -5.727549076080322
209 -6.98490571975708
210 -6.318822860717773
211 -7.095887184143066
212 -6.581746578216553
213 -6.081862449645996
214 -7.016775131225586
215 -6.884880542755127
216 -6.460068225860596
217 -6.903051376342773
218 -6.820636749267578
219 -6.382171630859375
220 -6.024085998535156
221 -6.573380947113037
222 -6.9977126121521
223 -6.523080825805664
224 -6.313808441162109
225 -6.267672538757324
226 -9.012388229370117
227 -6.386068344116211
228 -7.295243263244629
229 -6.648146629333496
230 -6.453258514404297
231 -8.792025566101074
232 -7.467085838317871
233 -8.048493385314941
234 -9.064090728759766
235 -9.064090728759766
236 -7.241844177246094
237 -6.805314064025879
238 -6.142347812652588
239 -6.173213958740234
240 -7.486701488494873
241 -6.572047710418701
242 -6.450807571411133
243 -8.87424373626709
244 -6.413366317749023
245 -6.346108436584473
246 -6.585094451904297
247 -7.012518882751465
248 -7.362201690673828
249 -7.203704833984375
250 -6.974556922912598
251 -8.138763427734375
252 -7.116492748260498
253 -9.064090728759766
254 -6.5773420333862305
255 -6.340320587158203
256 -6.062075614929199
257 -6.898481369018555
258 -6.539076805114746
259 -6.1944732666015625
260 -6.675286293029785
261 -9.06408977508545
262 -6.319852828979492
263 -7.254593372344971
264 -7.189200401306152
265 -7.461270809173584
266 -6.233585357666016
267 -7.428223609924316
268 -6.561927795410156
269 -8.597759246826172
270 -6.241015434265137
271 -9.006436347961426
272 -6.263379096984863
273 -9.020801544189453
274 -8.776214599609375
275 -8.203938484191895
276 -6.902372360229492
277 -6.074410915374756
278 -8.755058288574219
279 -6.1217498779296875
280 -6.567275524139404
281 -7.2260589599609375
282 -7.261192321777344
283 -6.7438201904296875
284 -6.804649353027344
285 -7.99831485748291
286 -6.975189208984375
287 -8.546121597290039
288 -7.9483795166015625
289 -6.507627010345459
290 -6.942370414733887
291 -6.737267971038818
292 -7.4815897941589355
293 -8.41913890838623
294 -6.461686134338379
295 -8.971818923950195
296 -7.437619209289551
297 -7.97969388961792
298 -7.367376327514648
299 -8.997598648071289
300 -9.01451587677002
301 -6.721562385559082
302 -6.968011856079102
303 -6.329503059387207
304 -6.703572750091553
305 -6.375515460968018
306 -6.496476650238037
307 -6.247779846191406
308 -6.658892631530762
309 -6.429566383361816
310 -7.321033954620361
311 -6.266345024108887
312 -5.955686569213867
313 -6.519874572753906
314 -8.233039855957031
315 -6.151962757110596
316 -6.192920684814453
317 -6.62094783782959
318 -6.805011749267578
319 -7.97733736038208
320 -6.4539055824279785
321 -7.171621799468994
322 -5.974133491516113
323 -6.3915629386901855
324 -7.940813064575195
325 -6.951386451721191
326 -6.990417003631592
327 -8.615357398986816
328 -9.021832466125488
329 -6.958624362945557
330 -7.175632953643799
331 -7.519397735595703
332 -6.654593467712402
333 -8.925077438354492
334 -7.553008079528809
335 -6.359093189239502
336 -7.32265567779541
337 -5.963916301727295
338 -6.764240264892578
339 -9.064090728759766
340 -6.329683303833008
341 -7.2461676597595215
342 -6.563257694244385
343 -5.910938262939453
344 -6.996720314025879
345 -7.129985809326172
346 -6.543347358703613
347 -7.383489608764648
348 -6.982480049133301
349 -7.494033336639404
350 -6.85384464263916
351 -6.324870586395264
352 -6.296514987945557
353 -6.60162353515625
354 -6.023601531982422
355 -6.114676475524902
356 -7.332831382751465
357 -7.146918296813965
358 -9.047786712646484
359 -6.302127361297607
360 -7.4720048904418945
361 -6.564661026000977
362 -7.486030578613281
363 -6.545050144195557
364 -7.95311975479126
365 -7.146420478820801
366 -6.363763809204102
367 -6.7127580642700195
368 -6.135725975036621
369 -6.623233795166016
370 -6.961422920227051
371 -9.06408977508545
372 -6.586062431335449
373 -9.064090728759766
374 -8.552877426147461
375 -9.06408977508545
376 -7.35693883895874
377 -6.159426689147949
378 -6.746734619140625
379 -6.319254398345947
380 -6.5178632736206055
381 -8.739319801330566
382 -6.975886344909668
383 -6.777987003326416
384 -6.4162139892578125
385 -6.558791160583496
386 -7.336325645446777
387 -6.236629486083984
388 -7.519396781921387
389 -9.064090728759766
390 -8.467240333557129
391 -6.795137405395508
392 -6.844773769378662
393 -6.197657585144043
394 -7.178048133850098
395 -5.97379207611084
396 -8.963903427124023
397 -6.131443023681641
398 -7.346395015716553
399 -6.264169692993164
400 -5.815642833709717
401 -7.28608512878418
402 -8.926056861877441
403 -5.666848182678223
404 -8.52464771270752
405 -5.952746391296387
406 -6.577024936676025
407 -6.8351335525512695
408 -6.107251167297363
409 -6.269150257110596
410 -7.9428558349609375
411 -6.287034511566162
412 -6.6292033195495605
413 -7.962887287139893
414 -6.943509101867676
415 -8.949141502380371
416 -5.964521884918213
417 -6.631911754608154
418 -6.3276214599609375
419 -7.8337249755859375
420 -6.626976013183594
421 -6.511918067932129
422 -6.650028228759766
423 -6.513011455535889
424 -6.880488395690918
425 -6.558755874633789
426 -6.462512969970703
427 -6.732324123382568
428 -6.54591178894043
429 -7.671894073486328
430 -8.620635986328125
431 -6.120708465576172
432 -8.532670974731445
433 -7.03433895111084
434 -6.415524005889893
435 -6.884637355804443
436 -6.594579219818115
437 -6.7864460945129395
438 -6.651132106781006
439 -7.898839950561523
440 -6.809189796447754
441 -6.708701133728027
442 -6.5726823806762695
443 -9.04626750946045
444 -6.171041011810303
445 -7.760799407958984
446 -8.180994033813477
447 -5.807995796203613
448 -7.951334476470947
449 -6.521787166595459
450 -6.551209449768066
451 -6.818307399749756
452 -7.0108137130737305
453 -5.742288589477539
454 -6.190140724182129
455 -7.120591640472412
456 -6.547455310821533
457 -7.618402004241943
458 -7.162871360778809
459 -6.162988662719727
460 -9.064090728759766
461 -6.445539474487305
462 -6.230200290679932
463 -6.40174674987793
464 -6.6142072677612305
465 -6.549856185913086
466 -7.26495885848999
467 -7.535016059875488
468 -8.647188186645508
469 -7.942610740661621
470 -6.133423805236816
471 -6.3166279792785645
472 -7.7200398445129395
473 -6.199397563934326
474 -6.831656455993652
475 -9.036551475524902
476 -7.62042760848999
477 -7.991641521453857
478 -9.06408977508545
479 -8.84284782409668
480 -9.06408977508545
481 -8.028042793273926
482 -7.131689548492432
483 -8.251235008239746
484 -8.986655235290527
485 -6.7420244216918945
486 -7.679327964782715
487 -6.7593584060668945
488 -6.595561504364014
489 -7.674281120300293
490 -8.009941101074219
491 -6.345736980438232
492 -6.51003360748291
493 -6.061102867126465
494 -7.284412860870361
495 -6.125336647033691
496 -6.563047409057617
497 -6.217371940612793
498 -8.523974418640137
499 -7.001430034637451
500 -6.602478981018066
501 -6.7011637687683105
502 -6.4467997550964355
503 -7.736690998077393
504 -8.51832389831543
505 -6.737410545349121
506 -9.064090728759766
507 -9.06408977508545
508 -7.287346839904785
509 -6.367636680603027
510 -6.504661560058594
511 -7.8142194747924805
512 -6.499471187591553
513 -8.028118133544922
514 -6.480789661407471
515 -7.071956157684326
516 -7.2916975021362305
517 -6.00908088684082
518 -8.2139253616333
519 -9.064090728759766
520 -6.16401481628418
521 -7.041141033172607
522 -6.107859134674072
523 -6.658025741577148
524 -6.454667091369629
525 -8.51229476928711
526 -9.06408977508545
527 -7.3617119789123535
528 -6.933809757232666
529 -7.607069492340088
530 -6.280498027801514
531 -6.178164005279541
532 -7.598094463348389
533 -8.669694900512695
534 -7.157510280609131
535 -6.954375743865967
536 -6.523019790649414
537 -6.35312032699585
538 -7.222646236419678
539 -6.856918811798096
540 -7.452197074890137
541 -6.519104957580566
542 -7.184320449829102
543 -8.85566520690918
544 -7.44764518737793
545 -8.881388664245605
546 -8.770183563232422
547 -6.515266418457031
548 -6.226936340332031
549 -7.1370134353637695
550 -8.371378898620605
551 -8.12087345123291
552 -7.757231712341309
553 -5.797417640686035
554 -7.496178150177002
555 -6.890380859375
556 -6.25697135925293
557 -7.680858612060547
558 -6.367523670196533
559 -8.707976341247559
560 -8.563087463378906
561 -6.898634910583496
562 -6.35839319229126
563 -6.222343444824219
564 -6.161202430725098
565 -6.461015701293945
566 -5.891778945922852
567 -6.824587345123291
568 -8.007588386535645
569 -7.80363655090332
570 -6.264990329742432
571 -6.381067752838135
572 -6.639996528625488
573 -7.337217330932617
574 -6.389567852020264
575 -5.693192958831787
576 -6.754209518432617
577 -6.211539268493652
578 -6.396460056304932
579 -9.064090728759766
580 -6.603235244750977
581 -7.503006458282471
582 -6.297117710113525
583 -6.156636714935303
584 -7.712887763977051
585 -7.292417526245117
586 -6.224600791931152
587 -6.21258544921875
588 -5.962998390197754
589 -5.9930267333984375
590 -6.285914421081543
591 -7.398410797119141
592 -6.5492119789123535
593 -6.131739616394043
594 -6.360563278198242
595 -6.4993696212768555
596 -6.4244914054870605
597 -6.708544731140137
598 -6.296359062194824
599 -6.074609756469727
600 -5.791017532348633
601 -7.08922004699707
602 -6.242191314697266
603 -9.06408977508545
604 -6.541897296905518
605 -6.670009613037109
606 -8.303020477294922
607 -6.992490291595459
608 -6.339635848999023
609 -7.726409435272217
610 -6.922600746154785
611 -6.70344877243042
612 -8.322263717651367
613 -8.465882301330566
614 -6.6019511222839355
615 -8.038448333740234
616 -7.912353515625
617 -6.823480606079102
618 -7.481947898864746
619 -8.687652587890625
620 -6.761691093444824
621 -9.064090728759766
622 -8.652708053588867
623 -6.555599212646484
624 -6.308279037475586
625 -6.080059051513672
626 -6.369585037231445
627 -7.521359920501709
628 -6.439234256744385
629 -6.347078800201416
630 -7.2887091636657715
631 -6.120722770690918
632 -6.15278434753418
633 -6.939722537994385
634 -6.112483978271484
635 -7.021092414855957
636 -6.331888198852539
637 -7.149173736572266
638 -6.679283142089844
639 -6.271139621734619
640 -6.847053527832031
641 -6.493127822875977
642 -9.045340538024902
643 -6.620086669921875
644 -6.347421646118164
645 -7.4166107177734375
646 -6.204543113708496
647 -6.119195938110352
648 -8.705920219421387
649 -7.031055450439453
650 -7.337578773498535
651 -6.009767532348633
652 -6.100984573364258
653 -7.033434867858887
654 -6.461537837982178
655 -6.578121185302734
656 -7.51109504699707
657 -6.264589309692383
658 -8.697099685668945
659 -6.222629547119141
660 -7.911924839019775
661 -6.48606538772583
662 -6.5333075523376465
663 -6.311664581298828
664 -6.2248215675354
665 -6.698904991149902
666 -6.240894317626953
667 -7.266883373260498
668 -6.973373889923096
669 -6.217895030975342
670 -7.297429084777832
671 -6.180331230163574
672 -6.899657249450684
673 -6.957304000854492
674 -6.678530216217041
675 -6.918181896209717
676 -8.513510704040527
677 -6.546060562133789
678 -6.865144729614258
679 -7.360077857971191
680 -7.122605800628662
681 -6.449856758117676
682 -9.064090728759766
683 -6.234850883483887
684 -6.110077857971191
685 -9.064090728759766
686 -6.190505504608154
687 -7.408838748931885
688 -6.71920108795166
689 -8.953262329101562
690 -8.507525444030762
691 -6.677133560180664
692 -7.5454254150390625
693 -6.300464630126953
694 -7.116847515106201
695 -6.274526119232178
696 -6.695650100708008
697 -7.280897617340088
698 -9.035758018493652
699 -6.770519256591797
700 -8.766947746276855
701 -9.06408977508545
702 -8.362970352172852
703 -7.349338054656982
704 -6.836493492126465
705 -6.600987434387207
706 -7.519398212432861
707 -8.094334602355957
708 -8.4983491897583
709 -6.663290500640869
710 -6.71756649017334
711 -6.571643829345703
712 -9.060128211975098
713 -8.465256690979004
714 -9.06408977508545
715 -6.503113269805908
716 -6.392247200012207
717 -6.167632102966309
718 -6.251913547515869
719 -8.414104461669922
720 -7.413747310638428
721 -9.06408977508545
722 -8.057015419006348
723 -6.350200653076172
724 -6.355433464050293
725 -6.214839458465576
726 -6.158893585205078
727 -7.6979570388793945
728 -7.1449079513549805
729 -6.968060493469238
730 -6.90989351272583
731 -9.064090728759766
732 -6.972286224365234
733 -9.051322937011719
734 -5.700549125671387
735 -6.073119640350342
736 -9.064090728759766
737 -6.374984264373779
738 -6.100584983825684
739 -6.420128345489502
740 -6.825361251831055
741 -9.039621353149414
742 -6.829397201538086
743 -6.128338813781738
744 -6.925647735595703
745 -6.438153266906738
746 -6.460116863250732
747 -9.035146713256836
748 -6.159575462341309
749 -6.995464324951172
750 -8.6226167678833
751 -7.296534061431885
752 -7.506196975708008
753 -7.1296162605285645
754 -6.481217384338379
755 -7.144562244415283
756 -6.713454723358154
757 -7.042012691497803
758 -6.121201992034912
759 -8.115785598754883
760 -6.557470321655273
761 -6.392538547515869
762 -6.658097267150879
763 -6.293871879577637
764 -6.660580158233643
765 -7.391912460327148
766 -7.39821720123291
767 -9.010233879089355
768 -6.800332069396973
769 -6.229580402374268
770 -7.579150199890137
771 -6.076491355895996
772 -6.806400775909424
773 -6.9504714012146
774 -6.495735168457031
775 -6.44228982925415
776 -6.136073112487793
777 -6.653071403503418
778 -8.329893112182617
779 -6.7880706787109375
780 -6.355216026306152
781 -6.913362503051758
782 -6.309754371643066
783 -6.3746562004089355
784 -7.0550737380981445
785 -6.622067451477051
786 -8.135814666748047
787 -7.19040584564209
788 -8.571126937866211
789 -6.282778263092041
790 -7.221290111541748
791 -6.234728813171387
792 -6.450711727142334
793 -6.567995071411133
794 -6.375718116760254
795 -7.621219635009766
796 -6.427879333496094
797 -6.584778308868408
798 -7.115169525146484
799 -6.377246856689453
800 -7.080623149871826
801 -6.7088446617126465
802 -7.5150299072265625
803 -7.677633762359619
804 -8.187766075134277
805 -7.201106548309326
806 -6.15135383605957
807 -6.7982497215271
808 -6.367761135101318
809 -6.463947296142578
810 -6.942089557647705
811 -6.369760036468506
812 -9.064090728759766
813 -6.537339687347412
814 -8.870134353637695
815 -6.736049652099609
816 -6.18372917175293
817 -6.40362548828125
818 -6.343945503234863
819 -6.525002479553223
820 -6.815767765045166
821 -8.924800872802734
822 -6.784034729003906
823 -8.00454044342041
824 -9.00414752960205
825 -6.01991081237793
826 -6.459306716918945
827 -9.064090728759766
828 -6.867367744445801
829 -8.749202728271484
830 -7.231490612030029
831 -8.281086921691895
832 -7.0924882888793945
833 -6.432888984680176
834 -6.4749298095703125
835 -8.802064895629883
836 -8.980972290039062
837 -8.959698677062988
838 -7.422162055969238
839 -7.181818008422852
840 -6.929693222045898
841 -6.934693813323975
842 -6.728519916534424
843 -5.927392959594727
844 -7.554886341094971
845 -8.099387168884277
846 -7.428159713745117
847 -8.005973815917969
848 -8.279964447021484
849 -6.882065296173096
850 -6.268168926239014
851 -6.348232269287109
852 -8.434808731079102
853 -8.000564575195312
854 -6.531461238861084
855 -6.174708843231201
856 -7.279148101806641
857 -8.587699890136719
858 -7.2470550537109375
859 -7.11958122253418
860 -7.40522575378418
861 -7.821341037750244
862 -7.193774700164795
863 -6.297924041748047
864 -6.427687644958496
865 -6.852964401245117
866 -5.8774614334106445
867 -6.914281845092773
868 -8.425247192382812
869 -6.421967506408691
870 -6.619917869567871
871 -7.000709533691406
872 -6.611250400543213
873 -6.3453474044799805
874 -6.828892230987549
875 -6.547585487365723
876 -6.957417011260986
877 -6.990870952606201
878 -6.436379432678223
879 -6.399929046630859
880 -6.702597618103027
881 -6.328642845153809
882 -8.665177345275879
883 -7.410378456115723
884 -9.06408977508545
885 -6.661283493041992
886 -9.06408977508545
887 -5.998991966247559
888 -8.52015495300293
889 -7.218124866485596
890 -9.064090728759766
891 -6.362480163574219
892 -6.817660331726074
893 -6.684136867523193
894 -8.744355201721191
895 -6.304845333099365
896 -8.851631164550781
897 -5.940925598144531
898 -7.391629219055176
899 -6.430520057678223
900 -7.037920951843262
901 -5.9635210037231445
902 -6.715299606323242
903 -7.2847371101379395
904 -8.771514892578125
905 -9.064090728759766
906 -7.25474739074707
907 -7.133742809295654
908 -8.034711837768555
909 -6.397446632385254
910 -6.56778621673584
911 -6.739466667175293
912 -6.267332077026367
913 -6.170475006103516
914 -6.5986433029174805
915 -8.156915664672852
916 -6.6373701095581055
917 -6.370200157165527
918 -6.114234924316406
919 -7.722640037536621
920 -6.227981090545654
921 -6.386102676391602
922 -6.481632232666016
923 -5.832076072692871
924 -6.163714408874512
925 -7.248273849487305
926 -7.399296283721924
927 -6.815779685974121
928 -6.8433003425598145
929 -6.855456352233887
930 -6.705933094024658
931 -6.60770845413208
932 -7.258186340332031
933 -6.87306022644043
934 -6.580407619476318
935 -6.71823787689209
936 -6.235285758972168
937 -6.407754421234131
938 -6.9119462966918945
939 -6.61456823348999
940 -5.984446048736572
941 -6.326399803161621
942 -9.064090728759766
943 -6.138672828674316
944 -6.367480278015137
945 -8.509066581726074
946 -6.19880485534668
947 -7.621220111846924
948 -6.824561595916748
949 -6.116145133972168
950 -6.688356399536133
951 -6.849916934967041
952 -6.136955261230469
953 -7.275871753692627
954 -8.773126602172852
955 -6.321096897125244
956 -8.54109001159668
957 -6.334542274475098
958 -6.309736728668213
959 -6.795572280883789
960 -8.792481422424316
961 -6.543467044830322
962 -6.6125006675720215
963 -6.650894641876221
964 -9.064091682434082
965 -6.4465413093566895
966 -7.351027965545654
967 -7.4047956466674805
968 -6.317713737487793
969 -7.427475452423096
970 -7.042275905609131
971 -6.409013748168945
972 -7.908161640167236
973 -6.723308086395264
974 -7.274754047393799
975 -7.612590789794922
976 -8.236814498901367
977 -7.554886817932129
978 -6.673818111419678
979 -6.0310444831848145
980 -9.034599304199219
981 -6.508457183837891
982 -8.935431480407715
983 -8.01724624633789
984 -7.781095027923584
985 -7.0261359214782715
986 -7.33900260925293
987 -6.709954261779785
988 -7.270229339599609
989 -7.5439133644104
990 -6.379817962646484
991 -7.298766613006592
992 -6.352077007293701
993 -6.5338568687438965
994 -9.051094055175781
995 -6.299051284790039
996 -8.997740745544434
997 -8.319454193115234
998 -7.207468509674072
999 -8.595873832702637
