0 -8.113290786743164
1 -7.739692687988281
2 -7.947219371795654
3 -7.837798118591309
4 -9.064067840576172
5 -7.864807605743408
6 -9.064058303833008
7 -7.804870128631592
8 -7.597286224365234
9 -9.064045906066895
10 -9.064081192016602
11 -9.064062118530273
12 -9.064075469970703
13 -9.064087867736816
14 -9.064083099365234
15 -7.645254611968994
16 -9.064061164855957
17 -9.06408405303955
18 -9.064078330993652
19 -7.47382116317749
20 -7.899112224578857
21 -9.064047813415527
22 -9.06407356262207
23 -9.0640869140625
24 -9.064067840576172
25 -7.905331611633301
26 -7.73411750793457
27 -7.62247371673584
28 -9.064090728759766
29 -9.064075469970703
30 -9.064077377319336
31 -9.064090728759766
32 -7.90538215637207
33 -9.064059257507324
34 -9.06406021118164
35 -9.064070701599121
36 -9.064085006713867
37 -7.804877281188965
38 -9.064072608947754
39 -9.064080238342285
40 -7.566277027130127
41 -7.837897300720215
42 -9.064090728759766
43 -7.782850742340088
44 -8.060063362121582
45 -7.515890598297119
46 -7.437363147735596
47 -9.06408405303955
48 -8.007891654968262
49 -7.645164966583252
50 -9.064080238342285
51 -9.064064979553223
52 -9.064077377319336
53 -7.4185791015625
54 -9.064080238342285
55 -7.905420780181885
56 -9.064085006713867
57 -9.064079284667969
58 -9.064065933227539
59 -7.837920188903809
60 -7.905368804931641
61 -7.804872512817383
62 -7.569629669189453
63 -9.064038276672363
64 -9.064085960388184
65 -9.064062118530273
66 -9.064071655273438
67 -9.06408405303955
68 -9.064078330993652
69 -7.690716743469238
70 -7.645257949829102
71 -9.064088821411133
72 -9.064054489135742
73 -7.566677093505859
74 -8.113293647766113
75 -9.064077377319336
76 -9.064074516296387
77 -9.064064979553223
78 -9.064081192016602
79 -9.064085960388184
80 -7.837889194488525
81 -9.064065933227539
82 -9.064090728759766
83 -7.739099502563477
84 -9.064079284667969
85 -7.520365238189697
86 -8.113283157348633
87 -9.064080238342285
88 -9.064078330993652
89 -7.7617669105529785
90 -9.06406021118164
91 -7.796919345855713
92 -7.672013282775879
93 -7.796967506408691
94 -9.064085006713867
95 -9.06407642364502
96 -9.064048767089844
97 -9.064079284667969
98 -7.645261764526367
99 -9.064067840576172
100 -8.05871295928955
101 -9.064079284667969
102 -9.064078330993652
103 -9.064080238342285
104 -7.473796844482422
105 -7.580503940582275
106 -8.059988975524902
107 -9.064079284667969
108 -9.064090728759766
109 -9.064083099365234
110 -9.064072608947754
111 -9.064080238342285
112 -9.06406307220459
113 -8.060033798217773
114 -7.994150161743164
115 -9.064072608947754
116 -9.064081192016602
117 -9.064081192016602
118 -8.113120079040527
119 -7.804840564727783
120 -7.864799499511719
121 -9.064067840576172
122 -7.864801406860352
123 -9.064048767089844
124 -7.78000020980835
125 -9.064082145690918
126 -9.064087867736816
127 -7.79960298538208
128 -7.80488395690918
129 -9.064090728759766
130 -7.58922815322876
131 -7.570188522338867
132 -7.7482757568359375
133 -9.064087867736816
134 -9.064080238342285
135 -9.06407356262207
136 -7.541009902954102
137 -9.064090728759766
138 -9.064081192016602
139 -9.064085006713867
140 -9.064090728759766
141 -7.9054059982299805
142 -9.064078330993652
143 -7.4240922927856445
144 -9.064064979553223
145 -9.063833236694336
146 -7.732669830322266
147 -7.902395725250244
148 -9.064085006713867
149 -7.41509485244751
150 -7.632490158081055
151 -9.064064025878906
152 -9.06407356262207
153 -9.0640869140625
154 -9.064080238342285
155 -8.113296508789062
156 -7.864343166351318
157 -9.064083099365234
158 -7.6110920906066895
159 -9.064074516296387
160 -7.804874420166016
161 -9.064090728759766
162 -9.064078330993652
163 -9.06407356262207
164 -9.064059257507324
165 -9.06405258178711
166 -7.633119106292725
167 -9.06406021118164
168 -9.0640869140625
169 -7.676826477050781
170 -9.06408405303955
171 -9.064083099365234
172 -9.064078330993652
173 -9.064074516296387
174 -7.633296966552734
175 -9.064057350158691
176 -8.113295555114746
177 -9.064062118530273
178 -9.064079284667969
179 -9.064064025878906
180 -9.064055442810059
181 -8.113292694091797
182 -9.0640869140625
183 -9.06408405303955
184 -9.064081192016602
185 -9.064041137695312
186 -7.613231182098389
187 -9.064090728759766
188 -7.738157749176025
189 -7.569602966308594
190 -7.415097236633301
191 -9.06407356262207
192 -9.064056396484375
193 -9.064064979553223
194 -7.549190998077393
195 -7.905418395996094
196 -7.3124308586120605
197 -9.064090728759766
198 -9.064070701599121
199 -9.06406021118164
200 -9.064090728759766
201 -9.064038276672363
202 -7.632720470428467
203 -7.738189697265625
204 -7.915650367736816
205 -7.89907693862915
206 -7.852834224700928
207 -7.8026227951049805
208 -9.064083099365234
209 -7.633131980895996
210 -9.064087867736816
211 -9.064087867736816
212 -8.11323356628418
213 -9.063838958740234
214 -7.606422424316406
215 -9.064058303833008
216 -9.064090728759766
217 -7.722562789916992
218 -9.064043998718262
219 -8.11328411102295
220 -9.064082145690918
221 -9.064090728759766
222 -9.064056396484375
223 -9.06407356262207
224 -7.625983238220215
225 -9.031688690185547
226 -9.064078330993652
227 -9.064083099365234
228 -9.064081192016602
229 -9.064042091369629
230 -9.064079284667969
231 -7.676656246185303
232 -7.671992301940918
233 -7.5513763427734375
234 -9.064071655273438
235 -7.947197914123535
236 -7.602221965789795
237 -7.6574811935424805
238 -9.064042091369629
239 -9.064065933227539
240 -9.064083099365234
241 -9.064083099365234
242 -9.064083099365234
243 -9.064077377319336
244 -7.2850565910339355
245 -9.064090728759766
246 -7.4699201583862305
247 -9.064051628112793
248 -8.113288879394531
249 -9.064079284667969
250 -9.064082145690918
251 -9.064082145690918
252 -9.064078330993652
253 -7.748242378234863
254 -7.602414131164551
255 -9.064071655273438
256 -7.61322546005249
257 -7.902266502380371
258 -7.8647918701171875
259 -9.064085960388184
260 -9.064061164855957
261 -9.06408405303955
262 -9.064087867736816
263 -9.064074516296387
264 -9.064080238342285
265 -9.064048767089844
266 -9.064082145690918
267 -9.064062118530273
268 -9.064038276672363
269 -9.064062118530273
270 -9.06408977508545
271 -9.06406307220459
272 -7.741336345672607
273 -7.402181625366211
274 -7.665297508239746
275 -9.064074516296387
276 -7.843853950500488
277 -9.064083099365234
278 -9.064083099365234
279 -8.059884071350098
280 -9.06408977508545
281 -9.0640869140625
282 -9.064080238342285
283 -7.779996395111084
284 -9.064087867736816
285 -9.06407356262207
286 -9.064075469970703
287 -9.064065933227539
288 -9.064071655273438
289 -9.064080238342285
290 -9.060043334960938
291 -9.064087867736816
292 -9.064071655273438
293 -7.905420780181885
294 -9.064042091369629
295 -9.064061164855957
296 -9.064085960388184
297 -9.06408405303955
298 -7.796904563903809
299 -9.06406307220459
300 -9.064083099365234
301 -7.423912048339844
302 -9.064080238342285
303 -9.064082145690918
304 -9.064079284667969
305 -9.0640869140625
306 -8.060052871704102
307 -9.064071655273438
308 -9.064075469970703
309 -9.064081192016602
310 -9.064065933227539
311 -9.064050674438477
312 -9.064077377319336
313 -7.905417442321777
314 -9.064071655273438
315 -9.064081192016602
316 -9.056539535522461
317 -9.06406307220459
318 -9.064066886901855
319 -9.064083099365234
320 -7.580444812774658
321 -9.064079284667969
322 -7.864790439605713
323 -9.064075469970703
324 -9.06407642364502
325 -8.113263130187988
326 -9.064040184020996
327 -7.8379034996032715
328 -7.598942756652832
329 -7.904569625854492
330 -9.064066886901855
331 -7.6495513916015625
332 -9.064062118530273
333 -9.06401538848877
334 -7.529032230377197
335 -9.064044952392578
336 -9.064088821411133
337 -7.4150896072387695
338 -7.905416488647461
339 -9.064081192016602
340 -7.804873466491699
341 -9.06408405303955
342 -7.804879188537598
343 -8.050933837890625
344 -7.804814338684082
345 -9.064078330993652
346 -7.500334739685059
347 -7.675617694854736
348 -9.06407356262207
349 -9.064065933227539
350 -9.064050674438477
351 -9.06408405303955
352 -7.898467063903809
353 -7.657455921173096
354 -9.06405258178711
355 -9.064064979553223
356 -7.5804619789123535
357 -7.390818119049072
358 -9.0640869140625
359 -9.064082145690918
360 -9.064082145690918
361 -7.798745155334473
362 -9.06406021118164
363 -7.381706237792969
364 -9.064082145690918
365 -9.064079284667969
366 -9.06407642364502
367 -7.566387176513672
368 -9.064068794250488
369 -9.064085006713867
370 -9.064085960388184
371 -7.804635047912598
372 -9.064077377319336
373 -8.113300323486328
374 -9.064059257507324
375 -9.064077377319336
376 -9.064067840576172
377 -9.064067840576172
378 -9.064058303833008
379 -7.725442886352539
380 -7.683781623840332
381 -9.064085006713867
382 -9.064043998718262
383 -9.064081192016602
384 -9.064078330993652
385 -9.064082145690918
386 -9.064083099365234
387 -9.064083099365234
388 -9.064044952392578
389 -9.064047813415527
390 -9.064042091369629
391 -7.6558637619018555
392 -7.675997257232666
393 -7.708895683288574
394 -9.064079284667969
395 -9.064083099365234
396 -9.06408405303955
397 -9.06407642364502
398 -9.064080238342285
399 -7.415085315704346
400 -9.064046859741211
401 -7.837860584259033
402 -9.064088821411133
403 -9.064079284667969
404 -7.714621067047119
405 -7.540413856506348
406 -9.064064979553223
407 -7.568984508514404
408 -7.761009693145752
409 -7.77937650680542
410 -9.064082145690918
411 -9.064090728759766
412 -9.064059257507324
413 -9.064047813415527
414 -7.4369401931762695
415 -9.064044952392578
416 -9.064080238342285
417 -7.711935997009277
418 -7.802663803100586
419 -9.064065933227539
420 -9.064078330993652
421 -8.060050964355469
422 -9.064083099365234
423 -9.064080238342285
424 -7.412583351135254
425 -7.540713787078857
426 -7.737814903259277
427 -7.9841790199279785
428 -9.06408405303955
429 -9.064075469970703
430 -7.843858242034912
431 -9.064090728759766
432 -9.064064979553223
433 -9.064085006713867
434 -7.687273025512695
435 -9.0640869140625
436 -7.69063138961792
437 -7.8647780418396
438 -9.064069747924805
439 -9.064079284667969
440 -9.063883781433105
441 -9.064082145690918
442 -7.899104118347168
443 -7.632697582244873
444 -7.864801406860352
445 -9.064085006713867
446 -7.947187423706055
447 -7.864798545837402
448 -7.391748428344727
449 -7.629584312438965
450 -9.064082145690918
451 -9.06408405303955
452 -9.064074516296387
453 -7.606502532958984
454 -7.625227928161621
455 -9.064058303833008
456 -9.064090728759766
457 -7.802671909332275
458 -9.064082145690918
459 -9.064061164855957
460 -9.064090728759766
461 -9.064082145690918
462 -7.798739433288574
463 -9.064080238342285
464 -9.064059257507324
465 -7.606499671936035
466 -9.06407642364502
467 -7.316930770874023
468 -9.064090728759766
469 -9.064069747924805
470 -9.064080238342285
471 -9.06408977508545
472 -7.86479377746582
473 -7.725569248199463
474 -9.064075469970703
475 -9.064074516296387
476 -7.905426025390625
477 -9.064062118530273
478 -7.902434349060059
479 -9.0640869140625
480 -9.064066886901855
481 -9.06407642364502
482 -9.064080238342285
483 -7.903872489929199
484 -7.524073600769043
485 -9.06408405303955
486 -7.500276565551758
487 -9.064081192016602
488 -8.060017585754395
489 -9.06405258178711
490 -7.761699199676514
491 -9.06405258178711
492 -9.064085960388184
493 -7.800042152404785
494 -7.415097236633301
495 -7.598851680755615
496 -9.064072608947754
497 -9.062583923339844
498 -9.06408977508545
499 -7.720754623413086
500 -7.761685848236084
501 -9.06408405303955
502 -7.898818016052246
503 -7.673707485198975
504 -9.064085960388184
505 -9.064090728759766
506 -9.064083099365234
507 -7.795958518981934
508 -9.064081192016602
509 -7.864795684814453
510 -9.064090728759766
511 -7.904504776000977
512 -9.064037322998047
513 -7.903020858764648
514 -9.064087867736816
515 -9.064080238342285
516 -9.06405258178711
517 -9.064064979553223
518 -9.064082145690918
519 -9.06407642364502
520 -9.064083099365234
521 -9.064051628112793
522 -9.0640869140625
523 -9.064079284667969
524 -9.064083099365234
525 -7.602470397949219
526 -8.060054779052734
527 -9.064079284667969
528 -7.532947063446045
529 -7.796889781951904
530 -7.739765644073486
531 -7.864793300628662
532 -7.721981048583984
533 -9.064077377319336
534 -9.064090728759766
535 -9.064080238342285
536 -9.064043998718262
537 -9.064081192016602
538 -8.059897422790527
539 -9.06406307220459
540 -9.064087867736816
541 -7.598378658294678
542 -9.064080238342285
543 -9.064045906066895
544 -9.064087867736816
545 -7.288242816925049
546 -8.059890747070312
547 -9.064082145690918
548 -9.064078330993652
549 -9.06407642364502
550 -9.064083099365234
551 -9.06407642364502
552 -9.063836097717285
553 -7.636021614074707
554 -9.064070701599121
555 -8.113298416137695
556 -9.064090728759766
557 -9.064080238342285
558 -9.063974380493164
559 -7.748256683349609
560 -8.11329460144043
561 -9.064053535461426
562 -9.064083099365234
563 -9.064090728759766
564 -9.063682556152344
565 -9.064067840576172
566 -7.699712753295898
567 -9.064067840576172
568 -7.8378825187683105
569 -9.064080238342285
570 -9.064079284667969
571 -9.06407356262207
572 -9.064080238342285
573 -9.06407356262207
574 -7.946684837341309
575 -9.064056396484375
576 -9.064077377319336
577 -9.064071655273438
578 -9.064083099365234
579 -7.80487585067749
580 -7.645101070404053
581 -9.064067840576172
582 -9.06408405303955
583 -7.864805221557617
584 -9.064078330993652
585 -9.064082145690918
586 -9.06407642364502
587 -9.064054489135742
588 -9.064042091369629
589 -7.804870128631592
590 -9.06408405303955
591 -9.064083099365234
592 -9.064083099365234
593 -9.064087867736816
594 -9.064056396484375
595 -7.5772175788879395
596 -9.064077377319336
597 -9.064085006713867
598 -7.673778533935547
599 -7.915618896484375
600 -9.064080238342285
601 -7.903009414672852
602 -9.064070701599121
603 -9.064064025878906
604 -9.064072608947754
605 -9.064069747924805
606 -7.947011470794678
607 -9.064087867736816
608 -7.905398368835449
609 -7.905401706695557
610 -7.625710964202881
611 -9.064083099365234
612 -9.064069747924805
613 -9.064027786254883
614 -8.11329460144043
615 -7.7042155265808105
616 -7.905414581298828
617 -9.064072608947754
618 -7.905406951904297
619 -9.064079284667969
620 -8.113297462463379
621 -9.064079284667969
622 -9.064085960388184
623 -7.88752555847168
624 -7.748557090759277
625 -9.064080238342285
626 -7.71195125579834
627 -9.06407642364502
628 -9.06407356262207
629 -9.064069747924805
630 -9.064070701599121
631 -9.064079284667969
632 -9.064078330993652
633 -7.761781692504883
634 -9.064044952392578
635 -7.52969217300415
636 -7.424099922180176
637 -9.064067840576172
638 -9.064065933227539
639 -9.064053535461426
640 -7.864786624908447
641 -9.064058303833008
642 -7.560640811920166
643 -9.064069747924805
644 -9.064079284667969
645 -7.798720359802246
646 -7.625197410583496
647 -7.888016700744629
648 -7.623035430908203
649 -7.529575347900391
650 -9.064065933227539
651 -7.5658721923828125
652 -9.064078330993652
653 -9.06408977508545
654 -7.864799976348877
655 -9.064056396484375
656 -7.738192558288574
657 -9.064071655273438
658 -9.064082145690918
659 -9.064083099365234
660 -8.113289833068848
661 -8.060038566589355
662 -7.671997547149658
663 -9.064058303833008
664 -7.79696798324585
665 -7.613204002380371
666 -9.064082145690918
667 -7.592689037322998
668 -9.064046859741211
669 -7.837831020355225
670 -9.06407642364502
671 -9.064041137695312
672 -7.837738990783691
673 -9.064085006713867
674 -9.06408977508545
675 -9.064080238342285
676 -7.905392169952393
677 -9.0640869140625
678 -9.064077377319336
679 -7.905426979064941
680 -9.06408405303955
681 -7.796938419342041
682 -9.06408405303955
683 -9.064085006713867
684 -9.064090728759766
685 -7.798717498779297
686 -8.113296508789062
687 -7.837899208068848
688 -9.064079284667969
689 -9.064080238342285
690 -9.064081192016602
691 -7.711958885192871
692 -7.804861545562744
693 -9.064083099365234
694 -9.064081192016602
695 -9.064056396484375
696 -9.06408977508545
697 -9.064067840576172
698 -9.064055442810059
699 -7.802561283111572
700 -9.064072608947754
701 -9.06408405303955
702 -7.804864406585693
703 -9.064072608947754
704 -9.064080238342285
705 -9.06407642364502
706 -9.064083099365234
707 -9.064067840576172
708 -9.064083099365234
709 -9.06408977508545
710 -9.064078330993652
711 -9.064085960388184
712 -9.064087867736816
713 -7.3546857833862305
714 -7.804863929748535
715 -7.659224987030029
716 -9.064082145690918
717 -7.585292816162109
718 -9.064041137695312
719 -7.708779335021973
720 -8.113286018371582
721 -9.064070701599121
722 -8.060041427612305
723 -9.064078330993652
724 -9.064072608947754
725 -9.064064025878906
726 -7.905359745025635
727 -7.915044784545898
728 -9.064062118530273
729 -9.064064025878906
730 -7.797601699829102
731 -9.064083099365234
732 -9.064078330993652
733 -7.438921928405762
734 -9.064082145690918
735 -8.060053825378418
736 -7.864809036254883
737 -7.678326606750488
738 -9.064085006713867
739 -9.064080238342285
740 -7.606180191040039
741 -9.064083099365234
742 -9.064087867736816
743 -9.06406021118164
744 -8.108795166015625
745 -7.67678689956665
746 -9.064077377319336
747 -9.06408977508545
748 -7.837711811065674
749 -8.000300407409668
750 -7.464395046234131
751 -9.0640869140625
752 -7.761693000793457
753 -8.060043334960938
754 -9.064067840576172
755 -7.864808082580566
756 -9.064070701599121
757 -9.064068794250488
758 -9.064090728759766
759 -7.976055145263672
760 -9.06407356262207
761 -9.064047813415527
762 -9.06405258178711
763 -9.064081192016602
764 -7.566542148590088
765 -7.802656173706055
766 -7.553256988525391
767 -9.064070701599121
768 -9.064071655273438
769 -9.06408405303955
770 -7.70935583114624
771 -7.864798545837402
772 -9.064042091369629
773 -7.5145344734191895
774 -7.80487585067749
775 -8.059926986694336
776 -9.06408977508545
777 -9.06408405303955
778 -9.064078330993652
779 -9.064080238342285
780 -8.11329460144043
781 -9.064024925231934
782 -9.064077377319336
783 -9.064055442810059
784 -9.06406021118164
785 -9.064072608947754
786 -7.5989603996276855
787 -9.064056396484375
788 -9.064070701599121
789 -9.064075469970703
790 -9.06407642364502
791 -8.060056686401367
792 -7.538029670715332
793 -9.064064979553223
794 -9.064075469970703
795 -7.798733711242676
796 -9.064081192016602
797 -9.064081192016602
798 -7.598932266235352
799 -9.064083099365234
800 -9.064079284667969
801 -9.064085006713867
802 -7.7039408683776855
803 -7.9024271965026855
804 -9.06405258178711
805 -9.064081192016602
806 -9.06406307220459
807 -7.6720194816589355
808 -9.064041137695312
809 -9.064081192016602
810 -7.779996395111084
811 -9.064079284667969
812 -9.064087867736816
813 -8.008015632629395
814 -7.6719970703125
815 -7.798742771148682
816 -8.113295555114746
817 -7.734160423278809
818 -9.064079284667969
819 -9.064070701599121
820 -9.064085006713867
821 -7.902919292449951
822 -9.064085960388184
823 -7.76169490814209
824 -9.064075469970703
825 -7.392311096191406
826 -9.064018249511719
827 -9.06408977508545
828 -9.064083099365234
829 -7.9054036140441895
830 -9.062928199768066
831 -9.064090728759766
832 -9.064081192016602
833 -7.905352592468262
834 -9.06403636932373
835 -7.915615081787109
836 -7.915226459503174
837 -9.064064025878906
838 -9.064082145690918
839 -7.623417854309082
840 -9.064058303833008
841 -7.590273857116699
842 -9.064080238342285
843 -9.064078330993652
844 -7.63642692565918
845 -9.064083099365234
846 -9.064077377319336
847 -7.798735618591309
848 -9.064078330993652
849 -9.06408405303955
850 -9.064090728759766
851 -7.8512797355651855
852 -7.802580833435059
853 -7.619528770446777
854 -7.437394618988037
855 -9.064075469970703
856 -9.064043045043945
857 -8.060049057006836
858 -7.400694370269775
859 -9.064083099365234
860 -7.8048601150512695
861 -7.6221160888671875
862 -9.064065933227539
863 -9.064061164855957
864 -9.064081192016602
865 -7.532449722290039
866 -9.063691139221191
867 -9.064048767089844
868 -9.064085006713867
869 -9.064079284667969
870 -9.064083099365234
871 -7.690715312957764
872 -9.06405258178711
873 -9.064081192016602
874 -7.864801406860352
875 -9.064071655273438
876 -9.064085006713867
877 -7.798739910125732
878 -9.064085006713867
879 -9.064083099365234
880 -9.064090728759766
881 -9.064085006713867
882 -9.064057350158691
883 -7.738188743591309
884 -7.905413627624512
885 -9.064050674438477
886 -7.837874889373779
887 -9.064066886901855
888 -9.064081192016602
889 -9.064072608947754
890 -7.646297454833984
891 -9.0640869140625
892 -9.064078330993652
893 -9.064081192016602
894 -9.064058303833008
895 -7.588519096374512
896 -9.064077377319336
897 -9.064085960388184
898 -9.06407642364502
899 -7.9024224281311035
900 -9.064055442810059
901 -9.064077377319336
902 -9.064064025878906
903 -9.064019203186035
904 -7.601565361022949
905 -9.064030647277832
906 -7.454131603240967
907 -7.58664083480835
908 -7.685275077819824
909 -7.837866306304932
910 -9.064090728759766
911 -7.79933500289917
912 -9.06405258178711
913 -9.064078330993652
914 -9.064090728759766
915 -7.779967784881592
916 -7.683716773986816
917 -9.064077377319336
918 -9.064085960388184
919 -7.804866313934326
920 -8.059951782226562
921 -9.064078330993652
922 -9.064079284667969
923 -7.748222827911377
924 -7.64518928527832
925 -9.064075469970703
926 -9.064079284667969
927 -7.804868698120117
928 -9.064081192016602
929 -7.864798545837402
930 -9.06315803527832
931 -7.798724174499512
932 -9.064077377319336
933 -9.064067840576172
934 -7.052371501922607
935 -7.655864238739014
936 -7.779989719390869
937 -9.064078330993652
938 -7.710670471191406
939 -9.064080238342285
940 -7.761505603790283
941 -7.738001346588135
942 -7.570362091064453
943 -9.06407642364502
944 -9.064075469970703
945 -9.06408405303955
946 -7.837822914123535
947 -9.064062118530273
948 -7.661818027496338
949 -7.633281230926514
950 -9.064064025878906
951 -7.761687755584717
952 -7.904614448547363
953 -7.864791393280029
954 -9.064083099365234
955 -9.064085960388184
956 -7.79874324798584
957 -8.060049057006836
958 -9.06407356262207
959 -7.804867267608643
960 -7.899010181427002
961 -7.904589653015137
962 -9.028909683227539
963 -8.113295555114746
964 -9.064041137695312
965 -7.6132636070251465
966 -9.06406307220459
967 -9.06408977508545
968 -7.903026103973389
969 -9.064078330993652
970 -9.064090728759766
971 -9.064081192016602
972 -9.064080238342285
973 -9.064090728759766
974 -7.356895923614502
975 -9.064074516296387
976 -9.06405258178711
977 -7.424103736877441
978 -9.064042091369629
979 -7.905386924743652
980 -9.064082145690918
981 -7.891915798187256
982 -7.6132493019104
983 -8.060063362121582
984 -7.714723110198975
985 -7.798704147338867
986 -7.761699199676514
987 -9.06408405303955
988 -9.064072608947754
989 -9.064083099365234
990 -9.0640869140625
991 -8.060039520263672
992 -9.064075469970703
993 -9.064083099365234
994 -9.064077377319336
995 -9.063998222351074
996 -9.064055442810059
997 -7.9155354499816895
998 -9.064070701599121
999 -9.064070701599121
