0 -5.366623878479004
1 -5.342789173126221
2 -5.198591709136963
3 -5.709184646606445
4 -4.97194242477417
5 -6.448986053466797
6 -6.283982753753662
7 -6.552767276763916
8 -6.012829303741455
9 -6.705648422241211
10 -6.447362899780273
11 -5.953307628631592
12 -7.0010857582092285
13 -7.7224225997924805
14 -5.928780555725098
15 -6.066634178161621
16 -9.032660484313965
17 -6.321754455566406
18 -8.537681579589844
19 -8.304872512817383
20 -6.070810317993164
21 -6.642306327819824
22 -8.360713005065918
23 -6.561493873596191
24 -9.030739784240723
25 -7.105133056640625
26 -6.884352207183838
27 -7.8036370277404785
28 -8.759382247924805
29 -8.531643867492676
30 -6.860501289367676
31 -6.314569473266602
32 -6.000411510467529
33 -6.1566362380981445
34 -6.799558639526367
35 -7.577155590057373
36 -6.216090679168701
37 -7.621219158172607
38 -8.092415809631348
39 -8.829505920410156
40 -6.994844436645508
41 -6.704627990722656
42 -6.405071258544922
43 -7.071097373962402
44 -7.621220588684082
45 -5.951290130615234
46 -7.867218017578125
47 -7.515997409820557
48 -9.064090728759766
49 -6.88019323348999
50 -7.7785749435424805
51 -6.471554756164551
52 -6.7129106521606445
53 -7.537559509277344
54 -6.757143020629883
55 -6.563108444213867
56 -6.987470626831055
57 -6.319499969482422
58 -7.834877967834473
59 -7.8036370277404785
60 -5.900496959686279
61 -7.513511657714844
62 -7.085540771484375
63 -9.020218849182129
64 -6.321406364440918
65 -6.670022010803223
66 -6.046018600463867
67 -6.5350847244262695
68 -8.45064640045166
69 -8.407331466674805
70 -7.369620323181152
71 -8.06954288482666
72 -6.094915390014648
73 -6.22468376159668
74 -8.135814666748047
75 -6.825736045837402
76 -5.906925678253174
77 -7.009393692016602
78 -6.38399600982666
79 -6.616223335266113
80 -5.752777576446533
81 -6.656578540802002
82 -6.680418968200684
83 -6.468025207519531
84 -7.007016658782959
85 -6.467167854309082
86 -6.869632720947266
87 -7.865090370178223
88 -8.754907608032227
89 -8.674665451049805
90 -7.313226699829102
91 -8.436936378479004
92 -6.3638014793396
93 -7.12479305267334
94 -7.390511989593506
95 -8.111712455749512
96 -6.1295084953308105
97 -7.3227338790893555
98 -8.810639381408691
99 -6.144655227661133
100 -7.024435997009277
101 -7.604953765869141
102 -6.819150924682617
103 -6.909231185913086
104 -6.6953816413879395
105 -6.515790939331055
106 -6.738646507263184
107 -6.183053493499756
108 -8.219554901123047
109 -6.378336429595947
110 -6.509323596954346
111 -7.908502101898193
112 -6.355235576629639
113 -6.09654426574707
114 -7.792496204376221
115 -6.114490509033203
116 -6.683083534240723
117 -8.1488618850708
118 -6.3689680099487305
119 -7.451035499572754
120 -8.340157508850098
121 -6.462315082550049
122 -7.274677276611328
123 -7.564255714416504
124 -6.14128303527832
125 -7.69517183303833
126 -6.724991798400879
127 -6.748876094818115
128 -6.6771697998046875
129 -7.285947799682617
130 -8.317584991455078
131 -8.021172523498535
132 -8.597454071044922
133 -6.025503635406494
134 -6.482791423797607
135 -8.57654857635498
136 -6.846617698669434
137 -8.601438522338867
138 -6.217134475708008
139 -7.29250431060791
140 -9.036192893981934
141 -6.595345497131348
142 -7.219776153564453
143 -6.178906440734863
144 -6.6197333335876465
145 -6.663820266723633
146 -5.924944877624512
147 -5.90711784362793
148 -8.342646598815918
149 -7.503880023956299
150 -7.2001423835754395
151 -9.064090728759766
152 -5.854674339294434
153 -8.768634796142578
154 -5.88580846786499
155 -6.574594974517822
156 -6.882244110107422
157 -6.661365985870361
158 -8.530693054199219
159 -6.99594783782959
160 -7.27280330657959
161 -6.249818801879883
162 -6.3338236808776855
163 -8.492218971252441
164 -9.007208824157715
165 -6.738250732421875
166 -7.745319366455078
167 -6.584472179412842
168 -8.71919059753418
169 -7.54251766204834
170 -8.771878242492676
171 -6.4131669998168945
172 -6.223062515258789
173 -8.405517578125
174 -6.192479610443115
175 -7.092921733856201
176 -8.179488182067871
177 -6.655940532684326
178 -8.353416442871094
179 -5.93125057220459
180 -7.943427085876465
181 -6.254497528076172
182 -6.973233699798584
183 -7.01629114151001
184 -7.70641565322876
185 -6.531106472015381
186 -6.608537673950195
187 -6.734281539916992
188 -8.749250411987305
189 -6.255199432373047
190 -6.495874404907227
191 -7.2189435958862305
192 -6.86599588394165
193 -8.735013961791992
194 -8.001751899719238
195 -9.06408977508545
196 -6.622897148132324
197 -7.992999076843262
198 -6.623300552368164
199 -9.064090728759766
200 -6.744191646575928
201 -7.435687065124512
202 -6.721338272094727
203 -6.241094589233398
204 -6.6342620849609375
205 -7.456366539001465
206 -8.42026424407959
207 -7.913846969604492
208 -6.595486640930176
209 -7.2460713386535645
210 -6.815396785736084
211 -7.023873805999756
212 -8.712206840515137
213 -6.153857231140137
214 -6.366133213043213
215 -6.808535099029541
216 -6.555709362030029
217 -7.671603202819824
218 -7.530053615570068
219 -5.983484745025635
220 -8.073399543762207
221 -5.834368705749512
222 -6.743832588195801
223 -6.583768367767334
224 -6.6771392822265625
225 -6.93268346786499
226 -6.76850700378418
227 -6.208573341369629
228 -8.563488960266113
229 -6.92213249206543
230 -7.127781391143799
231 -6.247580051422119
232 -9.064090728759766
233 -6.6700334548950195
234 -7.3830718994140625
235 -8.490055084228516
236 -6.245770454406738
237 -8.01374340057373
238 -6.280941486358643
239 -7.348464488983154
240 -6.684294700622559
241 -8.77191162109375
242 -6.2184648513793945
243 -7.926723480224609
244 -8.629337310791016
245 -7.749568939208984
246 -6.995479106903076
247 -6.668338775634766
248 -6.4307403564453125
249 -6.235901832580566
250 -6.1936492919921875
251 -6.812141418457031
252 -7.522468090057373
253 -6.312296390533447
254 -6.7810163497924805
255 -6.670149803161621
256 -6.3027424812316895
257 -6.489593505859375
258 -9.064091682434082
259 -8.093513488769531
260 -6.171445846557617
261 -6.165177822113037
262 -6.469357490539551
263 -7.554885387420654
264 -7.256966590881348
265 -8.993633270263672
266 -8.404088973999023
267 -7.187811374664307
268 -7.204858779907227
269 -7.647629261016846
270 -7.01269006729126
271 -7.064184665679932
272 -6.4874701499938965
273 -6.276639938354492
274 -6.284201622009277
275 -7.920175075531006
276 -8.072958946228027
277 -6.157484531402588
278 -6.789118766784668
279 -6.779602527618408
280 -9.003397941589355
281 -7.31137228012085
282 -6.382391929626465
283 -6.4299635887146
284 -7.074098587036133
285 -6.704327583312988
286 -6.928351402282715
287 -6.063338756561279
288 -8.531023979187012
289 -6.392451286315918
290 -8.9803466796875
291 -5.96768856048584
292 -9.064090728759766
293 -6.347527503967285
294 -6.624444007873535
295 -6.7805585861206055
296 -6.065258026123047
297 -6.277034282684326
298 -7.096823692321777
299 -6.673186302185059
300 -6.474493980407715
301 -6.926624298095703
302 -6.190321922302246
303 -8.717557907104492
304 -6.904773712158203
305 -5.981913089752197
306 -7.336204528808594
307 -6.552613735198975
308 -7.127313137054443
309 -6.196547508239746
310 -6.2678961753845215
311 -6.211947917938232
312 -7.380980968475342
313 -6.351287364959717
314 -6.247060775756836
315 -8.486660957336426
316 -6.751734733581543
317 -8.537140846252441
318 -6.5227861404418945
319 -6.601052284240723
320 -7.728240489959717
321 -8.584524154663086
322 -6.578124046325684
323 -6.325857162475586
324 -9.064090728759766
325 -6.437340259552002
326 -9.002938270568848
327 -7.998747825622559
328 -6.195869445800781
329 -5.947729110717773
330 -9.064090728759766
331 -9.06408977508545
332 -6.941702842712402
333 -9.064090728759766
334 -6.610043525695801
335 -5.888751983642578
336 -9.064090728759766
337 -7.254450798034668
338 -8.12087345123291
339 -6.768707275390625
340 -6.74608850479126
341 -6.251513481140137
342 -7.796365737915039
343 -8.173994064331055
344 -7.8259687423706055
345 -6.5362138748168945
346 -6.224216938018799
347 -8.033018112182617
348 -7.406176567077637
349 -6.519582271575928
350 -8.967632293701172
351 -6.611312389373779
352 -6.367063522338867
353 -6.36797571182251
354 -6.351749897003174
355 -6.707509994506836
356 -8.362515449523926
357 -6.163203716278076
358 -6.485045433044434
359 -8.869763374328613
360 -6.380307197570801
361 -7.0577287673950195
362 -6.685549259185791
363 -6.660293102264404
364 -6.691751480102539
365 -8.004593849182129
366 -6.483954429626465
367 -8.706287384033203
368 -6.752840042114258
369 -6.6030144691467285
370 -6.817862510681152
371 -6.874074935913086
372 -8.551838874816895
373 -7.482992172241211
374 -8.149855613708496
375 -6.79940938949585
376 -6.348777770996094
377 -8.63326358795166
378 -6.322686195373535
379 -6.751407146453857
380 -8.429718971252441
381 -8.47574520111084
382 -6.558335304260254
383 -7.4981489181518555
384 -7.691860198974609
385 -8.809937477111816
386 -6.248805046081543
387 -6.859078407287598
388 -6.090978622436523
389 -7.190407752990723
390 -6.455772399902344
391 -6.413341522216797
392 -6.564362525939941
393 -6.558807373046875
394 -8.394134521484375
395 -8.653514862060547
396 -6.579150199890137
397 -6.714027404785156
398 -8.95584774017334
399 -7.949881076812744
400 -7.266026496887207
401 -8.722789764404297
402 -7.4211812019348145
403 -7.508278846740723
404 -6.4615373611450195
405 -6.670033931732178
406 -7.397714614868164
407 -6.193060398101807
408 -6.067456245422363
409 -8.043673515319824
410 -6.444500923156738
411 -5.965303897857666
412 -8.451764106750488
413 -6.280013084411621
414 -7.458929538726807
415 -8.86637020111084
416 -6.602798938751221
417 -6.323746681213379
418 -7.106850624084473
419 -6.7225236892700195
420 -6.212276458740234
421 -7.0171895027160645
422 -9.064090728759766
423 -6.356740951538086
424 -7.01802921295166
425 -9.06408977508545
426 -6.3774847984313965
427 -7.238272190093994
428 -5.918715000152588
429 -7.643657684326172
430 -5.927953243255615
431 -9.064090728759766
432 -7.160880088806152
433 -6.415785789489746
434 -8.474602699279785
435 -6.366650104522705
436 -7.45015287399292
437 -6.464787006378174
438 -8.183378219604492
439 -7.3646650314331055
440 -6.404014587402344
441 -6.575535297393799
442 -7.54128885269165
443 -6.188310146331787
444 -7.258047580718994
445 -8.250118255615234
446 -6.832281112670898
447 -7.663302421569824
448 -6.428483963012695
449 -7.973504066467285
450 -9.064090728759766
451 -6.9599175453186035
452 -6.933196067810059
453 -6.73927116394043
454 -7.192010879516602
455 -5.919003486633301
456 -8.96225357055664
457 -6.654348850250244
458 -8.30049991607666
459 -6.252498626708984
460 -7.496829986572266
461 -6.21846866607666
462 -6.366478443145752
463 -6.90108585357666
464 -8.930293083190918
465 -6.488709449768066
466 -6.420022010803223
467 -6.7156267166137695
468 -8.437877655029297
469 -8.551081657409668
470 -6.659150123596191
471 -6.93203067779541
472 -8.44848918914795
473 -6.141558647155762
474 -6.9079108238220215
475 -6.751937389373779
476 -7.519397735595703
477 -7.851546287536621
478 -8.94926643371582
479 -9.064090728759766
480 -6.286226272583008
481 -6.681492328643799
482 -6.538435935974121
483 -6.655874252319336
484 -6.515913963317871
485 -6.465702056884766
486 -6.7704267501831055
487 -8.725019454956055
488 -6.5142412185668945
489 -6.972601413726807
490 -6.461808204650879
491 -5.7451066970825195
492 -6.393917083740234
493 -5.9585442543029785
494 -6.406189441680908
495 -7.896398067474365
496 -6.166187763214111
497 -6.010556221008301
498 -8.692474365234375
499 -6.180924415588379
500 -8.51207447052002
501 -6.371795177459717
502 -6.673072814941406
503 -7.236352920532227
504 -6.868221282958984
505 -7.111205101013184
506 -6.78096866607666
507 -6.272321701049805
508 -6.603833198547363
509 -9.06408977508545
510 -5.774292469024658
511 -7.074320316314697
512 -6.099358558654785
513 -6.340947151184082
514 -7.438832759857178
515 -6.247102737426758
516 -6.331336498260498
517 -6.946362495422363
518 -6.622838497161865
519 -7.523012161254883
520 -7.489047050476074
521 -9.016336441040039
522 -6.150595664978027
523 -6.632112503051758
524 -6.064411640167236
525 -6.1391754150390625
526 -8.908109664916992
527 -6.792430877685547
528 -7.151898384094238
529 -6.2377424240112305
530 -6.815154075622559
531 -9.064090728759766
532 -6.324387550354004
533 -6.787296772003174
534 -8.383634567260742
535 -8.662602424621582
536 -6.523317813873291
537 -6.010913372039795
538 -6.422198295593262
539 -6.206496238708496
540 -7.06843376159668
541 -6.839508056640625
542 -7.033975124359131
543 -6.684222221374512
544 -6.507712364196777
545 -6.507874488830566
546 -7.29539680480957
547 -6.682689666748047
548 -8.968842506408691
549 -8.14148235321045
550 -7.187493801116943
551 -7.79320764541626
552 -6.881400108337402
553 -8.062511444091797
554 -7.201165199279785
555 -6.351030349731445
556 -6.55002498626709
557 -7.441692352294922
558 -7.050172805786133
559 -8.999041557312012
560 -6.7586469650268555
561 -5.923629283905029
562 -7.621220111846924
563 -7.810078144073486
564 -6.772366523742676
565 -6.76874303817749
566 -9.064090728759766
567 -8.520671844482422
568 -6.687891960144043
569 -9.064090728759766
570 -6.669053077697754
571 -7.107174873352051
572 -6.326820373535156
573 -8.638246536254883
574 -7.171395778656006
575 -7.315102577209473
576 -6.796063423156738
577 -6.631412029266357
578 -6.849559307098389
579 -7.5401434898376465
580 -7.221437454223633
581 -7.574364185333252
582 -8.060111999511719
583 -7.5820441246032715
584 -6.341503620147705
585 -7.24673318862915
586 -7.447175025939941
587 -8.44665813446045
588 -6.572848320007324
589 -6.043507099151611
590 -8.67088794708252
591 -6.672438621520996
592 -6.871730804443359
593 -6.295159816741943
594 -8.697708129882812
595 -6.7435994148254395
596 -8.833009719848633
597 -8.030261993408203
598 -6.48299503326416
599 -8.840219497680664
600 -6.302214622497559
601 -6.797859191894531
602 -9.064090728759766
603 -6.960404396057129
604 -8.99405288696289
605 -7.174962997436523
606 -6.865262031555176
607 -6.403825759887695
608 -6.675762176513672
609 -6.32004976272583
610 -7.110491752624512
611 -6.369228839874268
612 -6.010826110839844
613 -8.222552299499512
614 -6.765880584716797
615 -6.9417033195495605
616 -6.8544416427612305
617 -6.619444370269775
618 -6.450777053833008
619 -6.775201797485352
620 -7.76463508605957
621 -6.0739240646362305
622 -6.521268844604492
623 -8.25358772277832
624 -6.14250373840332
625 -8.219282150268555
626 -7.440171718597412
627 -7.166902542114258
628 -6.757652282714844
629 -6.591686248779297
630 -7.363133907318115
631 -6.194283962249756
632 -6.5457892417907715
633 -6.57075309753418
634 -7.386632442474365
635 -8.520271301269531
636 -6.441959857940674
637 -8.581390380859375
638 -6.2955546379089355
639 -6.656505107879639
640 -7.524598121643066
641 -6.547377586364746
642 -8.99528980255127
643 -5.77067232131958
644 -6.38516092300415
645 -8.86591625213623
646 -6.897332191467285
647 -6.984787940979004
648 -5.996951103210449
649 -7.51939582824707
650 -6.137236595153809
651 -6.427862167358398
652 -6.575008392333984
653 -6.778969764709473
654 -8.403664588928223
655 -6.346407890319824
656 -6.006500244140625
657 -8.659592628479004
658 -6.587199687957764
659 -6.786517143249512
660 -6.729127883911133
661 -6.0942230224609375
662 -6.932464599609375
663 -6.225190162658691
664 -8.143762588500977
665 -7.107859134674072
666 -7.01548957824707
667 -7.410838603973389
668 -8.76246452331543
669 -7.036426544189453
670 -7.020687580108643
671 -6.66234827041626
672 -6.470187664031982
673 -6.294399738311768
674 -6.554033279418945
675 -6.223397254943848
676 -6.237799644470215
677 -9.021764755249023
678 -5.87884521484375
679 -7.763155937194824
680 -6.462915420532227
681 -8.209882736206055
682 -6.396322250366211
683 -6.244492530822754
684 -6.117922306060791
685 -6.4873528480529785
686 -9.040018081665039
687 -6.420331954956055
688 -6.750690460205078
689 -6.982036590576172
690 -6.285807132720947
691 -6.31297492980957
692 -7.068802356719971
693 -6.444314479827881
694 -7.099357604980469
695 -6.265044689178467
696 -6.542139530181885
697 -8.248716354370117
698 -6.040764331817627
699 -5.99277400970459
700 -6.663123607635498
701 -7.102287292480469
702 -5.761295795440674
703 -7.34312105178833
704 -7.35779333114624
705 -6.249444007873535
706 -6.139528274536133
707 -6.629573822021484
708 -6.539438247680664
709 -6.404154300689697
710 -7.162217140197754
711 -6.236512184143066
712 -6.53610897064209
713 -6.875148773193359
714 -5.866930961608887
715 -7.367136478424072
716 -6.9828081130981445
717 -6.671474456787109
718 -6.420302391052246
719 -6.994562149047852
720 -6.2058424949646
721 -6.756261825561523
722 -6.206303596496582
723 -7.778201580047607
724 -6.636366844177246
725 -8.283495903015137
726 -6.890196800231934
727 -6.726009845733643
728 -6.4230637550354
729 -6.248051166534424
730 -7.113503456115723
731 -7.7557454109191895
732 -7.601036548614502
733 -8.12641716003418
734 -6.468932628631592
735 -6.148923397064209
736 -6.71073579788208
737 -6.419223308563232
738 -8.527749061584473
739 -6.3405866622924805
740 -6.302559852600098
741 -6.273571014404297
742 -6.300515174865723
743 -8.699751853942871
744 -5.94538688659668
745 -6.395646095275879
746 -6.366856098175049
747 -7.135033130645752
748 -9.064090728759766
749 -9.025603294372559
750 -6.195335865020752
751 -6.958876132965088
752 -8.646490097045898
753 -6.115275859832764
754 -7.260253429412842
755 -6.547168254852295
756 -7.130858898162842
757 -7.914046287536621
758 -6.778253555297852
759 -6.113677501678467
760 -6.136950492858887
761 -6.436312675476074
762 -6.563276290893555
763 -5.706620216369629
764 -6.579458236694336
765 -6.324913024902344
766 -7.106137752532959
767 -8.507331848144531
768 -5.823312759399414
769 -6.93797492980957
770 -8.309551239013672
771 -6.856018543243408
772 -7.179059982299805
773 -8.264891624450684
774 -6.784305572509766
775 -6.693967342376709
776 -6.582812786102295
777 -8.92562198638916
778 -6.708616733551025
779 -7.295138359069824
780 -6.061545372009277
781 -6.302496910095215
782 -6.5546088218688965
783 -8.609604835510254
784 -6.137881278991699
785 -9.064090728759766
786 -6.747528076171875
787 -6.683614730834961
788 -8.989675521850586
789 -8.872259140014648
790 -8.536445617675781
791 -8.551366806030273
792 -8.624112129211426
793 -6.416135311126709
794 -7.372722148895264
795 -7.879698276519775
796 -8.44211483001709
797 -6.737603187561035
798 -7.368072509765625
799 -7.173168182373047
800 -6.099573612213135
801 -6.2228803634643555
802 -6.409976959228516
803 -6.3495330810546875
804 -6.658787727355957
805 -7.595895290374756
806 -7.087303161621094
807 -7.058382987976074
808 -6.622343063354492
809 -6.127797603607178
810 -7.516818523406982
811 -8.950922012329102
812 -7.864843845367432
813 -7.996826648712158
814 -7.899470329284668
815 -8.934738159179688
816 -9.064090728759766
817 -6.785367488861084
818 -6.923113822937012
819 -6.848726749420166
820 -6.148472785949707
821 -6.863467693328857
822 -9.064090728759766
823 -6.542086124420166
824 -8.359904289245605
825 -7.413869857788086
826 -6.407608985900879
827 -8.280776977539062
828 -9.064091682434082
829 -6.317167282104492
830 -6.41573429107666
831 -6.767570972442627
832 -7.078646183013916
833 -8.93714714050293
834 -7.803636074066162
835 -6.446859836578369
836 -8.901741027832031
837 -6.421639442443848
838 -9.064090728759766
839 -8.940347671508789
840 -8.742515563964844
841 -6.914756774902344
842 -7.283076763153076
843 -6.570281028747559
844 -6.710066318511963
845 -8.587570190429688
846 -6.852604389190674
847 -6.923728942871094
848 -6.622223854064941
849 -9.06408977508545
850 -6.897471904754639
851 -6.957772731781006
852 -6.2889204025268555
853 -6.831267356872559
854 -6.5521392822265625
855 -7.294951438903809
856 -6.2632951736450195
857 -6.881914138793945
858 -6.529667377471924
859 -6.9417033195495605
860 -7.147040367126465
861 -6.54781436920166
862 -6.024428367614746
863 -7.509763717651367
864 -6.650553226470947
865 -7.36376953125
866 -6.3483500480651855
867 -6.442049980163574
868 -8.767754554748535
869 -7.336033821105957
870 -6.601814270019531
871 -9.028738975524902
872 -7.373963356018066
873 -6.208719253540039
874 -6.354020118713379
875 -7.142408847808838
876 -8.55006217956543
877 -6.455559730529785
878 -6.5881805419921875
879 -8.265934944152832
880 -6.5401458740234375
881 -6.750451564788818
882 -6.292665481567383
883 -6.5236687660217285
884 -7.480752468109131
885 -8.480744361877441
886 -5.928314208984375
887 -6.22157096862793
888 -6.3945817947387695
889 -7.1623759269714355
890 -8.54721450805664
891 -6.579245567321777
892 -9.039375305175781
893 -6.816470623016357
894 -7.673328399658203
895 -6.333499908447266
896 -6.483191013336182
897 -6.414435863494873
898 -6.3074870109558105
899 -6.4652814865112305
900 -6.591327667236328
901 -8.724184036254883
902 -9.04201889038086
903 -6.382663726806641
904 -7.227531433105469
905 -6.531047821044922
906 -7.431807518005371
907 -6.347616672515869
908 -7.928441047668457
909 -6.443218231201172
910 -9.064090728759766
911 -6.756309509277344
912 -6.195080757141113
913 -6.251380920410156
914 -6.603285789489746
915 -6.8355207443237305
916 -6.707850456237793
917 -8.014766693115234
918 -7.918846130371094
919 -6.20952033996582
920 -6.348502159118652
921 -7.094015121459961
922 -6.195831298828125
923 -7.925122261047363
924 -6.769286155700684
925 -9.064090728759766
926 -6.456918239593506
927 -6.311160564422607
928 -6.8852152824401855
929 -6.568207740783691
930 -7.669678211212158
931 -7.133055210113525
932 -6.633201599121094
933 -6.611802577972412
934 -6.359968185424805
935 -6.69514274597168
936 -6.627441883087158
937 -8.469029426574707
938 -6.680797576904297
939 -6.794277667999268
940 -7.341047763824463
941 -7.587506294250488
942 -5.961414337158203
943 -7.986237525939941
944 -6.8198699951171875
945 -6.258679389953613
946 -6.576153755187988
947 -6.621704578399658
948 -6.06975793838501
949 -6.70588493347168
950 -6.679586887359619
951 -6.409483909606934
952 -6.75826358795166
953 -9.064090728759766
954 -7.335323810577393
955 -6.176809787750244
956 -6.679551124572754
957 -7.818807601928711
958 -6.74500036239624
959 -8.354040145874023
960 -7.687744617462158
961 -6.578006744384766
962 -6.344494819641113
963 -6.051875114440918
964 -7.031325340270996
965 -9.0006742477417
966 -6.578888893127441
967 -5.884496688842773
968 -6.446652412414551
969 -6.478201866149902
970 -6.57328462600708
971 -9.064090728759766
972 -8.33967113494873
973 -6.396522521972656
974 -9.06408977508545
975 -8.11937141418457
976 -6.443185806274414
977 -7.82960319519043
978 -6.4832329750061035
979 -6.230780601501465
980 -7.041337966918945
981 -6.19538688659668
982 -9.005141258239746
983 -6.433516502380371
984 -6.3506317138671875
985 -6.472661018371582
986 -6.2142744064331055
987 -8.57092571258545
988 -6.39971923828125
989 -8.525070190429688
990 -6.587240219116211
991 -7.140791893005371
992 -6.490200042724609
993 -6.5091552734375
994 -6.835874557495117
995 -6.454022407531738
996 -5.956286907196045
997 -7.0458149909973145
998 -8.39216423034668
999 -9.043864250183105
