0 -8.11328411102295
1 -8.113293647766113
2 -8.11329174041748
3 -7.796903133392334
4 -7.32470703125
5 -7.445336818695068
6 -9.064056396484375
7 -8.060059547424316
8 -7.565873146057129
9 -8.060051918029785
10 -9.06407642364502
11 -9.064068794250488
12 -7.57493257522583
13 -7.661068916320801
14 -8.113292694091797
15 -9.064081192016602
16 -9.064050674438477
17 -8.060009956359863
18 -9.064090728759766
19 -9.064078330993652
20 -9.06408405303955
21 -9.064072608947754
22 -7.905402660369873
23 -9.064061164855957
24 -9.064081192016602
25 -7.802611827850342
26 -7.864788055419922
27 -7.804870128631592
28 -9.064064025878906
29 -7.499866485595703
30 -9.064072608947754
31 -7.658956527709961
32 -7.798732757568359
33 -7.708897113800049
34 -9.064064025878906
35 -7.415085792541504
36 -9.064056396484375
37 -9.064066886901855
38 -9.064082145690918
39 -9.064064025878906
40 -9.0640869140625
41 -9.064075469970703
42 -7.565852165222168
43 -9.064072608947754
44 -9.064090728759766
45 -9.064074516296387
46 -9.064083099365234
47 -9.06406307220459
48 -7.415099143981934
49 -7.864792346954346
50 -9.064083099365234
51 -9.064059257507324
52 -7.8026323318481445
53 -9.064081192016602
54 -9.064055442810059
55 -7.568617820739746
56 -9.064059257507324
57 -9.06408405303955
58 -9.06407642364502
59 -7.5514140129089355
60 -7.535709381103516
61 -9.064078330993652
62 -9.064083099365234
63 -9.064071655273438
64 -7.802628517150879
65 -9.064085960388184
66 -7.568971157073975
67 -7.905418395996094
68 -7.547362327575684
69 -9.064079284667969
70 -9.064071655273438
71 -9.064054489135742
72 -7.864796161651611
73 -7.904524803161621
74 -7.6216583251953125
75 -7.738194942474365
76 -7.864798069000244
77 -9.064080238342285
78 -7.80487060546875
79 -9.064068794250488
80 -9.06407642364502
81 -7.83714485168457
82 -7.837862014770508
83 -9.064067840576172
84 -9.064078330993652
85 -7.864808082580566
86 -9.0640869140625
87 -7.903022766113281
88 -7.804872512817383
89 -9.06407642364502
90 -9.0640869140625
91 -7.686794757843018
92 -9.0640869140625
93 -9.064078330993652
94 -9.064044952392578
95 -7.864802837371826
96 -7.761684894561768
97 -7.64629602432251
98 -7.526233196258545
99 -9.064065933227539
100 -9.064078330993652
101 -9.064072608947754
102 -9.064085960388184
103 -9.064083099365234
104 -7.90194845199585
105 -9.064082145690918
106 -9.064044952392578
107 -9.064079284667969
108 -7.622519493103027
109 -9.064064979553223
110 -9.064069747924805
111 -7.523777484893799
112 -9.064067840576172
113 -7.779988765716553
114 -9.064079284667969
115 -9.064079284667969
116 -9.064020156860352
117 -9.06407356262207
118 -9.06407356262207
119 -9.06405258178711
120 -7.802530288696289
121 -9.064062118530273
122 -7.735586643218994
123 -7.864800930023193
124 -9.064090728759766
125 -9.064040184020996
126 -8.059844017028809
127 -7.73915958404541
128 -7.2102203369140625
129 -9.064079284667969
130 -9.064091682434082
131 -9.064088821411133
132 -9.064050674438477
133 -9.064043998718262
134 -7.606492519378662
135 -9.064067840576172
136 -9.064077377319336
137 -9.064059257507324
138 -9.064087867736816
139 -7.566462993621826
140 -9.064082145690918
141 -9.064081192016602
142 -8.06005859375
143 -7.175947189331055
144 -7.623401641845703
145 -8.05976390838623
146 -9.0640287399292
147 -9.064056396484375
148 -7.904618263244629
149 -9.064081192016602
150 -9.064064025878906
151 -9.064079284667969
152 -7.415102005004883
153 -7.8378119468688965
154 -9.064078330993652
155 -9.064090728759766
156 -9.064075469970703
157 -7.802586555480957
158 -9.06408405303955
159 -9.064080238342285
160 -9.064055442810059
161 -9.064068794250488
162 -9.064085006713867
163 -7.8987579345703125
164 -9.064077377319336
165 -7.643344402313232
166 -9.063885688781738
167 -7.804718494415283
168 -7.915640830993652
169 -9.064071655273438
170 -8.05727767944336
171 -9.064023971557617
172 -7.657485008239746
173 -9.064090728759766
174 -7.677321434020996
175 -7.626542568206787
176 -7.796899795532227
177 -7.565842628479004
178 -7.6528544425964355
179 -7.415099620819092
180 -9.064074516296387
181 -9.064083099365234
182 -9.064053535461426
183 -9.0640869140625
184 -9.064072608947754
185 -7.864785671234131
186 -9.06408405303955
187 -9.064085006713867
188 -7.544497489929199
189 -9.063986778259277
190 -9.016684532165527
191 -9.064046859741211
192 -9.064053535461426
193 -9.064079284667969
194 -7.622681140899658
195 -9.064081192016602
196 -9.064056396484375
197 -9.064041137695312
198 -9.064061164855957
199 -7.8048601150512695
200 -9.064080238342285
201 -9.064046859741211
202 -9.064090728759766
203 -9.063552856445312
204 -7.9027180671691895
205 -9.064062118530273
206 -9.064082145690918
207 -9.064078330993652
208 -9.06408977508545
209 -7.738012790679932
210 -9.06402587890625
211 -9.064046859741211
212 -9.064083099365234
213 -9.0640869140625
214 -9.064050674438477
215 -8.113300323486328
216 -9.064055442810059
217 -8.06005859375
218 -7.273896217346191
219 -9.064068794250488
220 -9.06406021118164
221 -9.064088821411133
222 -7.905367851257324
223 -7.780004501342773
224 -7.798736572265625
225 -9.06407356262207
226 -9.06393051147461
227 -7.798727989196777
228 -7.795314788818359
229 -9.064077377319336
230 -9.064075469970703
231 -9.064082145690918
232 -7.7799835205078125
233 -7.738154411315918
234 -7.904475212097168
235 -9.0640869140625
236 -7.904520034790039
237 -8.060050964355469
238 -7.9020233154296875
239 -7.415101051330566
240 -7.864786148071289
241 -9.064078330993652
242 -9.064059257507324
243 -9.064082145690918
244 -7.7042036056518555
245 -9.0640869140625
246 -9.0640869140625
247 -9.064082145690918
248 -7.887327671051025
249 -9.06407356262207
250 -8.06004810333252
251 -9.06408977508545
252 -7.602364540100098
253 -9.064047813415527
254 -7.798728942871094
255 -9.064090728759766
256 -9.064081192016602
257 -8.060053825378418
258 -7.802631378173828
259 -7.456107139587402
260 -9.0640869140625
261 -9.064090728759766
262 -9.06252670288086
263 -7.804866790771484
264 -9.06407642364502
265 -7.532883167266846
266 -9.064053535461426
267 -8.060054779052734
268 -7.711951732635498
269 -7.902266979217529
270 -9.064056396484375
271 -7.804867267608643
272 -9.064070701599121
273 -9.0640287399292
274 -9.064072608947754
275 -9.064079284667969
276 -9.064048767089844
277 -7.734135150909424
278 -8.113297462463379
279 -9.064062118530273
280 -9.06406021118164
281 -9.063419342041016
282 -9.064070701599121
283 -9.064062118530273
284 -9.064080238342285
285 -9.064054489135742
286 -9.064070701599121
287 -9.064090728759766
288 -9.064082145690918
289 -8.057273864746094
290 -7.780003547668457
291 -7.690724849700928
292 -9.064075469970703
293 -9.064062118530273
294 -7.673735618591309
295 -9.06407642364502
296 -9.064081192016602
297 -9.06408977508545
298 -7.802611351013184
299 -9.064069747924805
300 -9.064066886901855
301 -7.804869651794434
302 -8.059818267822266
303 -9.06405258178711
304 -7.796884059906006
305 -8.060047149658203
306 -9.064044952392578
307 -8.113285064697266
308 -7.739114761352539
309 -9.064042091369629
310 -9.06408405303955
311 -9.064068794250488
312 -9.064056396484375
313 -8.060051918029785
314 -9.064050674438477
315 -9.064040184020996
316 -9.06408977508545
317 -9.064071655273438
318 -9.064068794250488
319 -7.4150848388671875
320 -9.0640869140625
321 -8.060062408447266
322 -7.738165855407715
323 -7.837865352630615
324 -9.064090728759766
325 -7.798464775085449
326 -7.707289218902588
327 -8.060050010681152
328 -9.064090728759766
329 -7.905416011810303
330 -9.063933372497559
331 -9.063529014587402
332 -7.630448818206787
333 -9.064078330993652
334 -9.064048767089844
335 -9.064081192016602
336 -7.658973693847656
337 -9.064083099365234
338 -7.738194465637207
339 -9.064085006713867
340 -9.064074516296387
341 -9.06407356262207
342 -7.804145336151123
343 -9.064082145690918
344 -9.064064979553223
345 -9.0640869140625
346 -9.064061164855957
347 -9.064082145690918
348 -7.76177978515625
349 -9.064087867736816
350 -7.904001235961914
351 -9.0640869140625
352 -9.064056396484375
353 -8.060054779052734
354 -9.064072608947754
355 -7.739109039306641
356 -7.645196914672852
357 -7.864802837371826
358 -9.064064025878906
359 -9.064043998718262
360 -9.06402587890625
361 -9.064077377319336
362 -9.064044952392578
363 -9.064075469970703
364 -9.064068794250488
365 -9.06408977508545
366 -7.646304130554199
367 -9.064090728759766
368 -7.796947956085205
369 -9.06407642364502
370 -7.795679569244385
371 -7.796945095062256
372 -7.56695032119751
373 -7.5692925453186035
374 -9.064085960388184
375 -7.415094375610352
376 -9.064085006713867
377 -7.905418395996094
378 -7.9053802490234375
379 -7.6320390701293945
380 -9.064082145690918
381 -9.0640869140625
382 -7.65587854385376
383 -9.064071655273438
384 -9.06407356262207
385 -9.064085006713867
386 -9.064079284667969
387 -7.864807605743408
388 -7.864809036254883
389 -9.064064025878906
390 -7.905425071716309
391 -9.064083099365234
392 -9.064085006713867
393 -9.064083099365234
394 -9.064085006713867
395 -7.614675521850586
396 -7.837884902954102
397 -9.064085960388184
398 -7.720537185668945
399 -7.864808082580566
400 -7.732799530029297
401 -9.064082145690918
402 -9.064078330993652
403 -9.064069747924805
404 -7.529685974121094
405 -7.3923258781433105
406 -7.322266578674316
407 -9.064055442810059
408 -9.064085960388184
409 -9.064074516296387
410 -9.064051628112793
411 -9.064067840576172
412 -9.064090728759766
413 -9.064083099365234
414 -9.064055442810059
415 -9.064044952392578
416 -9.064082145690918
417 -8.059814453125
418 -7.902259826660156
419 -9.064056396484375
420 -7.569604873657227
421 -9.064064025878906
422 -9.0640869140625
423 -7.661840915679932
424 -8.060053825378418
425 -9.064055442810059
426 -9.06407642364502
427 -7.897905349731445
428 -9.064077377319336
429 -9.06407356262207
430 -9.064085006713867
431 -8.11329460144043
432 -7.895454406738281
433 -7.837886333465576
434 -9.064087867736816
435 -9.064081192016602
436 -9.064057350158691
437 -7.138034820556641
438 -9.064075469970703
439 -7.802637100219727
440 -7.780008316040039
441 -9.063576698303223
442 -9.06408405303955
443 -9.06406021118164
444 -7.317798614501953
445 -7.8048787117004395
446 -9.064078330993652
447 -9.0640869140625
448 -9.064081192016602
449 -9.064083099365234
450 -9.064019203186035
451 -8.113276481628418
452 -8.060009956359863
453 -9.064077377319336
454 -9.064081192016602
455 -9.064044952392578
456 -9.06408977508545
457 -7.424102306365967
458 -9.064070701599121
459 -9.06405258178711
460 -9.064077377319336
461 -8.060056686401367
462 -7.378875732421875
463 -7.804873943328857
464 -7.549045562744141
465 -9.0640869140625
466 -9.064088821411133
467 -9.064085960388184
468 -9.064077377319336
469 -9.06407356262207
470 -9.06407642364502
471 -7.5658087730407715
472 -7.710679054260254
473 -9.064082145690918
474 -7.523559093475342
475 -9.064046859741211
476 -9.064085960388184
477 -8.060059547424316
478 -9.064046859741211
479 -9.064053535461426
480 -7.569011688232422
481 -9.064087867736816
482 -9.064070701599121
483 -7.618458271026611
484 -9.064081192016602
485 -7.837900638580322
486 -9.06406021118164
487 -7.632674217224121
488 -7.846299171447754
489 -9.064062118530273
490 -9.064085960388184
491 -9.06408405303955
492 -9.06407642364502
493 -7.676729679107666
494 -9.064080238342285
495 -9.064085960388184
496 -9.064087867736816
497 -9.064078330993652
498 -8.007267951965332
499 -7.748265266418457
500 -9.064055442810059
501 -9.064056396484375
502 -9.06408977508545
503 -7.798730373382568
504 -7.543148994445801
505 -7.415102005004883
506 -9.064053535461426
507 -9.064071655273438
508 -9.064059257507324
509 -7.293702125549316
510 -7.627401351928711
511 -9.06407356262207
512 -9.064081192016602
513 -9.064082145690918
514 -9.064081192016602
515 -9.064040184020996
516 -9.064080238342285
517 -8.113296508789062
518 -7.567456245422363
519 -7.988086223602295
520 -9.063985824584961
521 -9.064077377319336
522 -9.064085006713867
523 -9.064070701599121
524 -9.064090728759766
525 -7.798725605010986
526 -7.633115768432617
527 -9.064075469970703
528 -7.41509485244751
529 -7.549706935882568
530 -9.06408405303955
531 -7.80250358581543
532 -7.613256454467773
533 -7.897498607635498
534 -9.064050674438477
535 -9.064074516296387
536 -9.064077377319336
537 -9.064079284667969
538 -8.113290786743164
539 -7.657471179962158
540 -9.064079284667969
541 -9.064082145690918
542 -9.06408405303955
543 -8.05975341796875
544 -9.064059257507324
545 -9.0640869140625
546 -9.064074516296387
547 -9.06406021118164
548 -9.064077377319336
549 -7.574954986572266
550 -7.8378705978393555
551 -9.064075469970703
552 -7.947169303894043
553 -9.064051628112793
554 -9.064082145690918
555 -7.798731803894043
556 -7.889133453369141
557 -9.064078330993652
558 -9.064081192016602
559 -9.064074516296387
560 -9.064085960388184
561 -9.064079284667969
562 -9.064074516296387
563 -9.064072608947754
564 -7.529773712158203
565 -9.064057350158691
566 -7.58674955368042
567 -9.064045906066895
568 -8.06005859375
569 -7.734127998352051
570 -9.064068794250488
571 -9.064082145690918
572 -9.064072608947754
573 -9.06408405303955
574 -7.798734188079834
575 -7.602296352386475
576 -9.06407356262207
577 -7.864804267883301
578 -9.064062118530273
579 -9.064067840576172
580 -9.064075469970703
581 -9.064090728759766
582 -9.064068794250488
583 -9.064090728759766
584 -7.904911041259766
585 -9.06407356262207
586 -7.602336883544922
587 -9.064077377319336
588 -9.064080238342285
589 -9.064079284667969
590 -7.600162029266357
591 -9.06407356262207
592 -7.4644389152526855
593 -7.390119552612305
594 -9.064075469970703
595 -7.6294145584106445
596 -9.064085006713867
597 -9.06408405303955
598 -9.064043045043945
599 -9.064083099365234
600 -9.064077377319336
601 -9.064070701599121
602 -9.064043998718262
603 -9.064067840576172
604 -9.064071655273438
605 -9.064038276672363
606 -9.064088821411133
607 -9.064047813415527
608 -7.798733234405518
609 -9.064061164855957
610 -8.483123779296875
611 -9.064054489135742
612 -7.905336856842041
613 -9.064045906066895
614 -9.064045906066895
615 -7.645257949829102
616 -9.064042091369629
617 -9.064072608947754
618 -9.064077377319336
619 -7.779994010925293
620 -7.901835918426514
621 -9.064077377319336
622 -7.779995441436768
623 -7.5669474601745605
624 -9.064041137695312
625 -9.064074516296387
626 -9.064080238342285
627 -9.064087867736816
628 -9.064054489135742
629 -7.54559326171875
630 -9.064058303833008
631 -9.064080238342285
632 -9.06406021118164
633 -9.064057350158691
634 -9.064048767089844
635 -9.064041137695312
636 -9.06406021118164
637 -9.064037322998047
638 -9.06408977508545
639 -9.06408977508545
640 -9.064075469970703
641 -9.064078330993652
642 -9.064080238342285
643 -9.064042091369629
644 -7.415638446807861
645 -9.064067840576172
646 -9.06408405303955
647 -9.064081192016602
648 -9.064080238342285
649 -9.064075469970703
650 -7.541292190551758
651 -8.113292694091797
652 -9.064081192016602
653 -7.307318687438965
654 -7.86480188369751
655 -9.064077377319336
656 -9.064050674438477
657 -9.064077377319336
658 -9.064044952392578
659 -9.064075469970703
660 -7.555814743041992
661 -7.798733711242676
662 -9.064085960388184
663 -7.798722743988037
664 -9.064059257507324
665 -7.899106979370117
666 -9.064083099365234
667 -9.0640869140625
668 -8.060066223144531
669 -8.05974292755127
670 -9.064046859741211
671 -8.113286972045898
672 -9.064090728759766
673 -7.905391216278076
674 -7.896905422210693
675 -7.6023712158203125
676 -9.064071655273438
677 -9.064071655273438
678 -9.064078330993652
679 -8.059510231018066
680 -9.064081192016602
681 -9.064078330993652
682 -9.064057350158691
683 -9.064075469970703
684 -9.064064025878906
685 -7.985570430755615
686 -7.864798069000244
687 -9.064072608947754
688 -9.0640869140625
689 -9.064064979553223
690 -9.064058303833008
691 -9.064054489135742
692 -9.064079284667969
693 -7.560666561126709
694 -8.00705623626709
695 -9.064047813415527
696 -9.0640869140625
697 -9.064078330993652
698 -7.732758045196533
699 -9.064090728759766
700 -9.064040184020996
701 -9.06408977508545
702 -7.9054155349731445
703 -9.064069747924805
704 -9.064078330993652
705 -9.064079284667969
706 -7.870909690856934
707 -7.8378825187683105
708 -7.732753753662109
709 -7.5353312492370605
710 -9.064070701599121
711 -9.064057350158691
712 -7.587925434112549
713 -9.064081192016602
714 -9.06406021118164
715 -7.636754512786865
716 -8.113298416137695
717 -9.064046859741211
718 -7.586700439453125
719 -9.06408405303955
720 -7.837873458862305
721 -9.064041137695312
722 -7.543776512145996
723 -9.064078330993652
724 -9.064035415649414
725 -7.734168529510498
726 -7.577193260192871
727 -9.064078330993652
728 -9.064082145690918
729 -7.864798069000244
730 -7.915647029876709
731 -7.499600887298584
732 -9.064090728759766
733 -8.113300323486328
734 -9.06406307220459
735 -9.06396770477295
736 -7.798725128173828
737 -7.837808609008789
738 -9.064074516296387
739 -7.321497440338135
740 -7.605726718902588
741 -8.059972763061523
742 -7.8025994300842285
743 -9.06396770477295
744 -9.064077377319336
745 -7.995776176452637
746 -9.06408405303955
747 -9.064059257507324
748 -9.06406307220459
749 -7.798742294311523
750 -9.064087867736816
751 -9.06408405303955
752 -7.905428886413574
753 -8.06005859375
754 -7.804830074310303
755 -9.064083099365234
756 -9.064071655273438
757 -9.064058303833008
758 -9.06408405303955
759 -9.064075469970703
760 -9.064072608947754
761 -9.064081192016602
762 -9.064044952392578
763 -7.798729419708252
764 -8.11191177368164
765 -7.6024556159973145
766 -9.064074516296387
767 -7.717776298522949
768 -7.71069860458374
769 -9.064035415649414
770 -9.064059257507324
771 -7.796901702880859
772 -8.060056686401367
773 -9.06408977508545
774 -9.064085960388184
775 -7.7734575271606445
776 -7.587891101837158
777 -7.76168155670166
778 -7.734125137329102
779 -9.064068794250488
780 -7.415097236633301
781 -9.064077377319336
782 -7.602270126342773
783 -8.113283157348633
784 -9.064068794250488
785 -7.588240146636963
786 -9.064071655273438
787 -7.41510009765625
788 -9.064079284667969
789 -7.7391180992126465
790 -7.902414798736572
791 -7.433932781219482
792 -7.725406646728516
793 -7.77998685836792
794 -9.064079284667969
795 -7.9053850173950195
796 -9.064080238342285
797 -9.06407356262207
798 -7.9156317710876465
799 -7.9471821784973145
800 -9.064083099365234
801 -7.629083156585693
802 -9.06408977508545
803 -9.064041137695312
804 -7.645254611968994
805 -9.064085960388184
806 -7.798742294311523
807 -9.064078330993652
808 -9.064090728759766
809 -9.06405258178711
810 -7.371711730957031
811 -7.714992523193359
812 -9.064034461975098
813 -9.064085006713867
814 -7.657444000244141
815 -9.064079284667969
816 -9.064090728759766
817 -7.672028541564941
818 -7.748281002044678
819 -7.779967784881592
820 -9.064082145690918
821 -9.06407642364502
822 -7.6756205558776855
823 -9.063815116882324
824 -7.4240851402282715
825 -9.064087867736816
826 -7.60237979888916
827 -9.064056396484375
828 -7.535670280456543
829 -9.064067840576172
830 -9.06404972076416
831 -9.064083099365234
832 -7.667789459228516
833 -7.672009468078613
834 -9.064064979553223
835 -9.064057350158691
836 -7.514631271362305
837 -7.761595726013184
838 -8.006715774536133
839 -7.675626277923584
840 -9.064071655273438
841 -7.8647990226745605
842 -9.0640869140625
843 -9.064079284667969
844 -9.064090728759766
845 -7.7826433181762695
846 -9.064082145690918
847 -7.837873458862305
848 -9.063589096069336
849 -9.064072608947754
850 -7.544933319091797
851 -9.064047813415527
852 -9.064085960388184
853 -9.064068794250488
854 -9.064079284667969
855 -7.661691188812256
856 -9.064083099365234
857 -9.064058303833008
858 -7.580037593841553
859 -7.6452717781066895
860 -7.864802360534668
861 -7.902411937713623
862 -9.064069747924805
863 -9.064085960388184
864 -9.064081192016602
865 -7.622102737426758
866 -8.112956047058105
867 -9.064033508300781
868 -9.064054489135742
869 -9.064090728759766
870 -7.710432052612305
871 -9.06407642364502
872 -9.064079284667969
873 -7.905396938323975
874 -7.804880142211914
875 -9.064046859741211
876 -7.675628662109375
877 -7.70881986618042
878 -8.060064315795898
879 -9.064071655273438
880 -9.06408405303955
881 -9.064083099365234
882 -7.673750877380371
883 -9.064079284667969
884 -9.064087867736816
885 -7.606497764587402
886 -7.899101257324219
887 -9.064053535461426
888 -9.064081192016602
889 -9.064065933227539
890 -9.064064979553223
891 -9.064083099365234
892 -9.064064025878906
893 -7.888609886169434
894 -7.796936988830566
895 -9.064074516296387
896 -9.06407642364502
897 -7.511143207550049
898 -9.064083099365234
899 -9.064090728759766
900 -9.06407356262207
901 -9.06408405303955
902 -9.064064025878906
903 -9.063848495483398
904 -9.064082145690918
905 -9.064085960388184
906 -9.064043045043945
907 -7.676703453063965
908 -9.064078330993652
909 -9.064078330993652
910 -7.532843112945557
911 -7.473766326904297
912 -9.064088821411133
913 -8.113292694091797
914 -9.064045906066895
915 -7.502915859222412
916 -9.064055442810059
917 -7.732763290405273
918 -9.064066886901855
919 -9.06404972076416
920 -7.904476165771484
921 -9.064069747924805
922 -8.060049057006836
923 -7.54269552230835
924 -9.064080238342285
925 -7.529776573181152
926 -7.415098667144775
927 -9.064071655273438
928 -9.064066886901855
929 -7.80487585067749
930 -9.064082145690918
931 -9.064069747924805
932 -9.064078330993652
933 -9.064083099365234
934 -9.064080238342285
935 -7.589207172393799
936 -9.064013481140137
937 -9.06408977508545
938 -7.796924591064453
939 -7.796948432922363
940 -9.06400203704834
941 -9.064080238342285
942 -9.064081192016602
943 -9.064081192016602
944 -7.73816442489624
945 -9.064087867736816
946 -9.064058303833008
947 -7.710686683654785
948 -9.064042091369629
949 -7.903027057647705
950 -8.059966087341309
951 -9.064081192016602
952 -9.06408405303955
953 -7.441145896911621
954 -9.064077377319336
955 -9.064083099365234
956 -9.064071655273438
957 -8.11329460144043
958 -7.904612064361572
959 -9.064068794250488
960 -9.064078330993652
961 -9.064047813415527
962 -7.41002893447876
963 -9.06407356262207
964 -7.904615879058838
965 -8.055645942687988
966 -7.493971824645996
967 -7.645166397094727
968 -9.064090728759766
969 -9.064083099365234
970 -8.059325218200684
971 -7.69072961807251
972 -8.356682777404785
973 -9.064083099365234
974 -9.06407642364502
975 -7.673859596252441
976 -9.064043045043945
977 -9.064055442810059
978 -9.06407642364502
979 -9.064072608947754
980 -7.534370422363281
981 -9.064080238342285
982 -9.064066886901855
983 -9.064077377319336
984 -9.064067840576172
985 -7.625229835510254
986 -7.6689558029174805
987 -7.90537166595459
988 -7.738152027130127
989 -9.064061164855957
990 -8.11329174041748
991 -9.064075469970703
992 -7.59320068359375
993 -7.544756889343262
994 -9.06407356262207
995 -7.864792823791504
996 -7.454582691192627
997 -8.102343559265137
998 -7.67201566696167
999 -9.064090728759766
