0 -5.269974708557129
1 -5.235545635223389
2 -5.784934043884277
3 -5.249783992767334
4 -5.744767189025879
5 -9.064090728759766
6 -6.656922817230225
7 -6.704504013061523
8 -7.34704065322876
9 -6.989409923553467
10 -8.742552757263184
11 -6.331123352050781
12 -9.004983901977539
13 -6.730188846588135
14 -6.85267448425293
15 -5.982447624206543
16 -9.064090728759766
17 -6.737032413482666
18 -7.149218559265137
19 -6.427002429962158
20 -8.505607604980469
21 -6.10353422164917
22 -6.576029300689697
23 -5.9223833084106445
24 -8.293567657470703
25 -7.130583763122559
26 -6.410337448120117
27 -6.541512489318848
28 -6.150321960449219
29 -8.5541353225708
30 -6.798171043395996
31 -7.106210231781006
32 -6.50649356842041
33 -6.45369815826416
34 -5.628392696380615
35 -6.693459510803223
36 -7.3645782470703125
37 -7.554884910583496
38 -6.542980194091797
39 -6.520270347595215
40 -6.262674808502197
41 -6.009459018707275
42 -6.846529006958008
43 -7.872591972351074
44 -7.191004276275635
45 -6.734500408172607
46 -6.181934356689453
47 -6.619453430175781
48 -6.78375244140625
49 -6.392962455749512
50 -6.6963677406311035
51 -6.814254283905029
52 -7.151626110076904
53 -9.015609741210938
54 -6.087576866149902
55 -6.660009860992432
56 -6.801831245422363
57 -9.064090728759766
58 -6.444393157958984
59 -5.775749206542969
60 -5.644079208374023
61 -6.56011438369751
62 -7.311372756958008
63 -7.5193963050842285
64 -6.453906059265137
65 -6.670620918273926
66 -7.177827835083008
67 -8.499895095825195
68 -7.6377458572387695
69 -7.519398212432861
70 -6.411781311035156
71 -7.587043762207031
72 -6.534616470336914
73 -9.064090728759766
74 -9.064090728759766
75 -7.449182510375977
76 -6.689421653747559
77 -6.798259735107422
78 -6.379064559936523
79 -6.377607345581055
80 -8.523176193237305
81 -9.064090728759766
82 -9.064090728759766
83 -6.973412990570068
84 -6.738709449768066
85 -6.402185440063477
86 -7.600923538208008
87 -8.440937042236328
88 -6.656339645385742
89 -6.493652820587158
90 -7.925957202911377
91 -5.976670265197754
92 -6.479228973388672
93 -9.064090728759766
94 -6.736433029174805
95 -9.064090728759766
96 -6.813126087188721
97 -7.485203266143799
98 -7.906625270843506
99 -6.520570755004883
100 -8.030447006225586
101 -5.908342361450195
102 -6.484537601470947
103 -6.374922275543213
104 -7.109526634216309
105 -6.353107452392578
106 -8.970227241516113
107 -6.65725040435791
108 -6.9620208740234375
109 -6.678821086883545
110 -6.802281856536865
111 -6.648781776428223
112 -6.993313789367676
113 -6.405374526977539
114 -6.62532377243042
115 -6.00643253326416
116 -7.03334903717041
117 -8.548760414123535
118 -6.332177639007568
119 -6.735280513763428
120 -8.116240501403809
121 -6.645991325378418
122 -6.176271915435791
123 -6.530869483947754
124 -6.646030426025391
125 -6.88480281829834
126 -8.639842987060547
127 -6.874641418457031
128 -7.393136024475098
129 -7.80363655090332
130 -6.650905609130859
131 -6.502737998962402
132 -7.146121978759766
133 -6.674826622009277
134 -6.804810523986816
135 -8.446601867675781
136 -7.784832954406738
137 -7.1275315284729
138 -6.394232273101807
139 -6.451343536376953
140 -6.8563127517700195
141 -6.095520496368408
142 -6.473986625671387
143 -6.264095306396484
144 -8.700553894042969
145 -6.29378604888916
146 -5.922274589538574
147 -6.228880882263184
148 -5.970650672912598
149 -8.728682518005371
150 -8.064706802368164
151 -7.952314853668213
152 -6.45590353012085
153 -5.9681291580200195
154 -6.439996242523193
155 -6.54733419418335
156 -6.387287616729736
157 -8.583305358886719
158 -7.689713954925537
159 -7.431946277618408
160 -6.550324440002441
161 -6.754897117614746
162 -7.552026271820068
163 -6.105135440826416
164 -8.749364852905273
165 -8.518589973449707
166 -6.641048908233643
167 -5.91661262512207
168 -9.064090728759766
169 -8.000988960266113
170 -7.629419326782227
171 -7.840078830718994
172 -8.602141380310059
173 -6.305822372436523
174 -6.454067230224609
175 -7.623185157775879
176 -6.0677056312561035
177 -6.876297473907471
178 -7.197636604309082
179 -7.506765842437744
180 -8.559422492980957
181 -7.976107597351074
182 -6.308459281921387
183 -7.834543704986572
184 -7.834142208099365
185 -6.38853645324707
186 -6.985877513885498
187 -6.62420654296875
188 -6.175354957580566
189 -6.323110580444336
190 -5.9831719398498535
191 -8.407755851745605
192 -6.958761692047119
193 -7.749880313873291
194 -6.474191665649414
195 -6.46242618560791
196 -6.358084678649902
197 -7.960906505584717
198 -8.566520690917969
199 -7.014966011047363
200 -7.610233306884766
201 -8.060469627380371
202 -6.866539001464844
203 -7.152683258056641
204 -6.865769386291504
205 -8.555176734924316
206 -8.420016288757324
207 -8.424161911010742
208 -9.064090728759766
209 -6.485245704650879
210 -5.826616287231445
211 -7.229446887969971
212 -8.554009437561035
213 -6.449592590332031
214 -6.509349346160889
215 -8.848822593688965
216 -7.0878190994262695
217 -8.35364055633545
218 -5.628035545349121
219 -6.6700334548950195
220 -7.060543060302734
221 -8.464216232299805
222 -8.039539337158203
223 -6.63930606842041
224 -6.687575340270996
225 -7.507037162780762
226 -6.104096412658691
227 -6.418705940246582
228 -5.794991493225098
229 -8.92166805267334
230 -6.001895904541016
231 -6.6559600830078125
232 -6.703516960144043
233 -7.008029937744141
234 -7.856815338134766
235 -6.514164924621582
236 -6.189464569091797
237 -9.064090728759766
238 -7.730500221252441
239 -6.916012287139893
240 -6.551487922668457
241 -6.02311897277832
242 -9.064090728759766
243 -6.889991760253906
244 -9.06408977508545
245 -6.265418529510498
246 -8.144906044006348
247 -8.081623077392578
248 -7.5861968994140625
249 -7.073812961578369
250 -5.944912910461426
251 -6.772258758544922
252 -6.563143730163574
253 -6.22669792175293
254 -7.932977199554443
255 -6.353486061096191
256 -6.06396484375
257 -6.040191650390625
258 -6.469563007354736
259 -6.132222652435303
260 -7.011898994445801
261 -6.819075584411621
262 -8.775449752807617
263 -7.88847541809082
264 -8.128059387207031
265 -9.064090728759766
266 -6.4649763107299805
267 -6.171860694885254
268 -7.682545185089111
269 -6.9191389083862305
270 -6.753638744354248
271 -6.898929119110107
272 -6.250787734985352
273 -6.246946811676025
274 -7.394090175628662
275 -7.6076531410217285
276 -6.705554008483887
277 -7.5271382331848145
278 -6.620249271392822
279 -6.51357889175415
280 -8.427050590515137
281 -9.06408977508545
282 -6.595344066619873
283 -6.586626052856445
284 -8.025226593017578
285 -9.06408977508545
286 -8.951276779174805
287 -7.424095630645752
288 -8.544280052185059
289 -6.789385795593262
290 -8.27755355834961
291 -6.99451208114624
292 -7.370236873626709
293 -7.364686012268066
294 -7.343656063079834
295 -6.760311126708984
296 -9.064090728759766
297 -6.6535444259643555
298 -6.236170291900635
299 -7.753046035766602
300 -5.8088154792785645
301 -8.320625305175781
302 -6.534397125244141
303 -8.11937141418457
304 -8.7417631149292
305 -6.15333366394043
306 -8.554195404052734
307 -6.2366838455200195
308 -6.134090900421143
309 -6.397196292877197
310 -7.597079753875732
311 -6.208000659942627
312 -7.505509376525879
313 -6.9688944816589355
314 -6.301593780517578
315 -8.203749656677246
316 -6.795421123504639
317 -6.025689125061035
318 -6.237194061279297
319 -7.345800399780273
320 -6.039391040802002
321 -6.490594863891602
322 -6.187723159790039
323 -6.470461845397949
324 -7.564884185791016
325 -6.586391448974609
326 -8.033294677734375
327 -8.725231170654297
328 -5.934331893920898
329 -6.752524375915527
330 -8.344657897949219
331 -6.106019973754883
332 -7.427469253540039
333 -8.569995880126953
334 -7.571896076202393
335 -6.6646881103515625
336 -7.109203338623047
337 -9.064090728759766
338 -6.614424705505371
339 -6.232786178588867
340 -7.6049275398254395
341 -6.381069660186768
342 -6.195966720581055
343 -8.795367240905762
344 -8.02291202545166
345 -6.996655464172363
346 -6.173281669616699
347 -8.556131362915039
348 -6.489831447601318
349 -6.869425296783447
350 -8.017314910888672
351 -7.805487155914307
352 -7.563121795654297
353 -6.2684645652771
354 -6.165779113769531
355 -6.4982590675354
356 -9.064090728759766
357 -6.753827095031738
358 -6.086358070373535
359 -7.161944389343262
360 -6.449968338012695
361 -8.197174072265625
362 -8.184849739074707
363 -6.958674907684326
364 -6.183934211730957
365 -8.799284934997559
366 -6.515063762664795
367 -7.244173526763916
368 -6.61896276473999
369 -7.125917911529541
370 -7.179546356201172
371 -9.064090728759766
372 -6.785583972930908
373 -6.321125507354736
374 -6.303864479064941
375 -7.408896446228027
376 -6.431772232055664
377 -6.219712734222412
378 -6.640517234802246
379 -7.963164806365967
380 -8.757381439208984
381 -6.452322006225586
382 -8.98617172241211
383 -6.141855716705322
384 -8.72568130493164
385 -7.6765241622924805
386 -9.022186279296875
387 -6.2980194091796875
388 -8.511646270751953
389 -6.107278823852539
390 -6.507631301879883
391 -6.795844554901123
392 -6.637929916381836
393 -8.381219863891602
394 -6.664966583251953
395 -6.899933815002441
396 -6.948357582092285
397 -5.823814392089844
398 -7.480791091918945
399 -5.911736965179443
400 -6.701131820678711
401 -6.067811489105225
402 -6.7511138916015625
403 -6.12237548828125
404 -7.621220111846924
405 -6.592645645141602
406 -6.374104022979736
407 -8.825676918029785
408 -6.620657444000244
409 -8.038525581359863
410 -6.099881172180176
411 -6.487819671630859
412 -6.946287155151367
413 -7.21579647064209
414 -6.438483238220215
415 -6.364307880401611
416 -7.5548858642578125
417 -6.203464508056641
418 -7.849081516265869
419 -6.344686985015869
420 -7.061514854431152
421 -7.580267429351807
422 -9.064090728759766
423 -6.875266075134277
424 -8.799922943115234
425 -6.9172444343566895
426 -9.064090728759766
427 -6.245303630828857
428 -6.425642967224121
429 -6.534602165222168
430 -8.343825340270996
431 -6.420065879821777
432 -6.389556407928467
433 -8.22054672241211
434 -6.353766441345215
435 -6.468201160430908
436 -8.529088973999023
437 -8.120872497558594
438 -9.029167175292969
439 -6.349015712738037
440 -8.737150192260742
441 -8.225561141967773
442 -6.457706451416016
443 -6.080440044403076
444 -6.435903549194336
445 -6.79655122756958
446 -6.2951860427856445
447 -7.2241926193237305
448 -8.282227516174316
449 -6.023846626281738
450 -7.350076675415039
451 -6.7268218994140625
452 -5.967581748962402
453 -6.29531717300415
454 -6.791088104248047
455 -7.5193963050842285
456 -6.603355407714844
457 -6.896021842956543
458 -6.144622802734375
459 -7.269937515258789
460 -6.363471031188965
461 -7.571310997009277
462 -6.81602144241333
463 -7.035703182220459
464 -6.687285900115967
465 -6.31601619720459
466 -6.251679420471191
467 -6.958084583282471
468 -6.77720832824707
469 -8.624530792236328
470 -7.3948283195495605
471 -6.464483737945557
472 -7.172497749328613
473 -6.5461649894714355
474 -6.091322898864746
475 -6.450411319732666
476 -8.763056755065918
477 -6.198442459106445
478 -8.032398223876953
479 -8.477246284484863
480 -6.818544387817383
481 -8.60751724243164
482 -9.007455825805664
483 -6.018454551696777
484 -6.922630786895752
485 -6.920966625213623
486 -6.20277214050293
487 -8.823596000671387
488 -6.248988151550293
489 -6.718398094177246
490 -6.6255621910095215
491 -6.437210559844971
492 -6.18690299987793
493 -6.403873443603516
494 -7.2240309715271
495 -6.907358646392822
496 -7.828014373779297
497 -6.382474422454834
498 -7.312584400177002
499 -6.833668231964111
500 -6.115787029266357
501 -7.100691318511963
502 -6.498665809631348
503 -7.780889987945557
504 -6.101515293121338
505 -6.096859931945801
506 -6.9269022941589355
507 -7.73659610748291
508 -6.4774932861328125
509 -6.714890480041504
510 -7.00190544128418
511 -6.627025127410889
512 -6.773463726043701
513 -6.276102066040039
514 -9.064090728759766
515 -6.532512664794922
516 -8.73481273651123
517 -6.791409492492676
518 -6.983530044555664
519 -6.5266923904418945
520 -6.506895065307617
521 -6.222324371337891
522 -6.396917343139648
523 -9.064090728759766
524 -6.07863712310791
525 -5.992074012756348
526 -8.768507957458496
527 -6.3596320152282715
528 -6.642730712890625
529 -6.8952836990356445
530 -7.003660678863525
531 -6.725443363189697
532 -6.0051469802856445
533 -6.840960502624512
534 -7.905910015106201
535 -6.332554817199707
536 -6.312138557434082
537 -6.419956207275391
538 -7.794118881225586
539 -7.460206031799316
540 -6.201667785644531
541 -6.0416460037231445
542 -6.380361557006836
543 -6.235883712768555
544 -5.879497528076172
545 -7.320837020874023
546 -8.972033500671387
547 -6.407050132751465
548 -7.231752872467041
549 -6.657357215881348
550 -6.405718803405762
551 -8.920080184936523
552 -6.753921985626221
553 -6.378424644470215
554 -6.678182601928711
555 -8.301422119140625
556 -6.444498062133789
557 -9.064090728759766
558 -6.423788070678711
559 -6.339311599731445
560 -7.793186664581299
561 -6.358993053436279
562 -7.120445728302002
563 -6.4053215980529785
564 -7.3696088790893555
565 -8.790011405944824
566 -6.626182556152344
567 -8.358935356140137
568 -7.297037601470947
569 -7.9364333152771
570 -7.094942092895508
571 -6.548031806945801
572 -8.411404609680176
573 -7.743569850921631
574 -6.41297721862793
575 -7.211191654205322
576 -6.29163122177124
577 -7.337603569030762
578 -6.991772174835205
579 -6.13880729675293
580 -6.674695014953613
581 -6.459883689880371
582 -7.006951332092285
583 -6.637886047363281
584 -7.80363655090332
585 -6.251040458679199
586 -8.541366577148438
587 -6.1102986335754395
588 -6.003284454345703
589 -8.899236679077148
590 -6.423727035522461
591 -8.826539993286133
592 -9.03256607055664
593 -6.969959259033203
594 -6.110644340515137
595 -6.725045204162598
596 -5.947494029998779
597 -7.519398212432861
598 -9.044916152954102
599 -6.898926734924316
600 -7.728575706481934
601 -6.349061965942383
602 -7.945913314819336
603 -6.755135536193848
604 -6.4865570068359375
605 -8.822122573852539
606 -8.981289863586426
607 -6.503406524658203
608 -6.662087917327881
609 -7.452805519104004
610 -7.160956382751465
611 -6.31281852722168
612 -6.27885627746582
613 -6.161328315734863
614 -8.942425727844238
615 -6.450750827789307
616 -6.169005393981934
617 -7.2906036376953125
618 -6.772939682006836
619 -9.003035545349121
620 -8.690220832824707
621 -6.828779697418213
622 -9.023859024047852
623 -6.315784931182861
624 -7.278103351593018
625 -9.064090728759766
626 -6.371009349822998
627 -6.006583213806152
628 -7.0783162117004395
629 -8.734086990356445
630 -8.969959259033203
631 -6.548829555511475
632 -6.726199150085449
633 -6.198457717895508
634 -7.051336288452148
635 -6.64501953125
636 -6.597889423370361
637 -9.064090728759766
638 -6.1866536140441895
639 -6.63027286529541
640 -9.064090728759766
641 -5.820633411407471
642 -6.575105667114258
643 -8.129855155944824
644 -6.411550998687744
645 -6.724314212799072
646 -6.1425371170043945
647 -6.57389497756958
648 -9.064090728759766
649 -6.350279808044434
650 -5.889276027679443
651 -6.331643581390381
652 -6.272509574890137
653 -6.268113613128662
654 -6.530092239379883
655 -8.127359390258789
656 -6.548616409301758
657 -9.003252029418945
658 -7.519396781921387
659 -6.6147990226745605
660 -6.143387794494629
661 -7.103699207305908
662 -6.283172130584717
663 -6.891395568847656
664 -6.047588348388672
665 -6.071638107299805
666 -6.9421539306640625
667 -6.633943557739258
668 -8.936920166015625
669 -8.872864723205566
670 -9.064090728759766
671 -6.713993072509766
672 -8.559537887573242
673 -6.198251724243164
674 -6.763741493225098
675 -6.935452461242676
676 -6.39177942276001
677 -6.594581127166748
678 -6.44500732421875
679 -6.446152210235596
680 -5.867152214050293
681 -6.253904342651367
682 -6.400501728057861
683 -6.448351860046387
684 -8.183161735534668
685 -6.1566362380981445
686 -6.605105400085449
687 -8.381134033203125
688 -6.189221382141113
689 -9.064090728759766
690 -6.206112861633301
691 -6.217789649963379
692 -7.5054121017456055
693 -9.06408977508545
694 -6.314617156982422
695 -7.554886817932129
696 -6.572518825531006
697 -6.858397483825684
698 -7.465912818908691
699 -6.531532287597656
700 -6.221678733825684
701 -9.064090728759766
702 -6.364053726196289
703 -7.667583465576172
704 -6.71575403213501
705 -6.189197540283203
706 -6.104681968688965
707 -8.740508079528809
708 -6.723813533782959
709 -6.544325351715088
710 -7.269853115081787
711 -9.064090728759766
712 -6.348638534545898
713 -8.984671592712402
714 -6.826303482055664
715 -8.346847534179688
716 -9.064090728759766
717 -7.131190299987793
718 -7.373862266540527
719 -7.049430847167969
720 -6.760268211364746
721 -6.508984565734863
722 -6.840865612030029
723 -6.460424423217773
724 -8.995366096496582
725 -6.5087785720825195
726 -8.718032836914062
727 -8.040799140930176
728 -6.085628986358643
729 -9.034595489501953
730 -6.005792617797852
731 -6.401457786560059
732 -8.83112621307373
733 -6.683990478515625
734 -6.146944999694824
735 -6.140807151794434
736 -6.325039863586426
737 -6.341007232666016
738 -6.4054975509643555
739 -8.863842010498047
740 -6.702749729156494
741 -6.742947578430176
742 -6.820247650146484
743 -8.716798782348633
744 -6.888039588928223
745 -6.434055328369141
746 -6.307480335235596
747 -7.0321855545043945
748 -6.383087158203125
749 -6.4616899490356445
750 -7.7321319580078125
751 -8.061891555786133
752 -8.44526195526123
753 -6.332262992858887
754 -6.208501815795898
755 -7.23340368270874
756 -7.603300094604492
757 -6.319692611694336
758 -7.47533655166626
759 -7.220096111297607
760 -6.62061071395874
761 -6.177417755126953
762 -6.680511951446533
763 -8.826399803161621
764 -6.411594390869141
765 -6.166934967041016
766 -6.997745037078857
767 -8.921113014221191
768 -7.385677814483643
769 -6.449550151824951
770 -8.03049373626709
771 -6.47817325592041
772 -7.978949069976807
773 -6.901551246643066
774 -6.7883453369140625
775 -6.683870315551758
776 -9.064090728759766
777 -6.321661949157715
778 -7.404962062835693
779 -7.8738017082214355
780 -8.250093460083008
781 -6.4402289390563965
782 -7.25446081161499
783 -7.96530818939209
784 -6.437509536743164
785 -5.986270904541016
786 -7.85793924331665
787 -6.096317291259766
788 -8.342655181884766
789 -6.523899555206299
790 -7.711300373077393
791 -6.483122825622559
792 -6.2305097579956055
793 -7.554478168487549
794 -7.816433429718018
795 -6.557589530944824
796 -8.213235855102539
797 -6.480700492858887
798 -6.961150169372559
799 -6.878474235534668
800 -8.223301887512207
801 -7.7722392082214355
802 -6.1037468910217285
803 -6.721762657165527
804 -8.110590934753418
805 -6.731206893920898
806 -6.497206687927246
807 -6.622919082641602
808 -8.702054023742676
809 -6.61627197265625
810 -8.442354202270508
811 -7.744889259338379
812 -6.093605041503906
813 -8.026030540466309
814 -6.72743034362793
815 -8.051102638244629
816 -7.295422554016113
817 -8.247596740722656
818 -6.711475372314453
819 -6.827893257141113
820 -9.03591537475586
821 -7.225033760070801
822 -6.737030029296875
823 -7.227597236633301
824 -7.300469398498535
825 -6.871518135070801
826 -6.217790603637695
827 -6.946451663970947
828 -6.6990838050842285
829 -8.187385559082031
830 -6.404857158660889
831 -9.06408977508545
832 -7.672158241271973
833 -9.010382652282715
834 -6.51737117767334
835 -6.732415199279785
836 -6.753427028656006
837 -6.29456901550293
838 -6.801924228668213
839 -9.06408977508545
840 -6.11201286315918
841 -5.992180824279785
842 -6.965197563171387
843 -6.495181560516357
844 -8.123016357421875
845 -6.3686203956604
846 -6.1566362380981445
847 -6.348196029663086
848 -8.708047866821289
849 -6.589230060577393
850 -9.012821197509766
851 -6.10228157043457
852 -6.664838790893555
853 -6.438705921173096
854 -6.52535343170166
855 -6.447575092315674
856 -8.149945259094238
857 -7.494330883026123
858 -7.443276882171631
859 -6.771907806396484
860 -6.344997406005859
861 -6.731002330780029
862 -8.34976863861084
863 -8.450662612915039
864 -9.06408977508545
865 -7.414669990539551
866 -6.245776653289795
867 -6.441648006439209
868 -9.064090728759766
869 -6.5946784019470215
870 -6.181948661804199
871 -6.863123893737793
872 -6.159242630004883
873 -6.111737251281738
874 -6.298863887786865
875 -6.37421989440918
876 -7.758760929107666
877 -6.1484293937683105
878 -6.606008052825928
879 -6.551114082336426
880 -8.700779914855957
881 -6.3374176025390625
882 -7.356815338134766
883 -7.373791694641113
884 -6.318641662597656
885 -6.900588035583496
886 -7.306370258331299
887 -6.438022613525391
888 -6.445509910583496
889 -6.3866167068481445
890 -6.705609321594238
891 -7.356138229370117
892 -7.393121719360352
893 -6.635690212249756
894 -5.980360984802246
895 -6.419074058532715
896 -6.422542572021484
897 -9.06408977508545
898 -6.201647758483887
899 -7.5193986892700195
900 -7.311371326446533
901 -6.488772392272949
902 -6.108838081359863
903 -6.694028854370117
904 -8.566615104675293
905 -6.778993606567383
906 -6.3894829750061035
907 -6.511268615722656
908 -8.729732513427734
909 -6.826850414276123
910 -7.27930212020874
911 -5.992767810821533
912 -7.570466041564941
913 -5.98576545715332
914 -7.216893196105957
915 -7.323072910308838
916 -6.017236709594727
917 -6.868990898132324
918 -6.253586769104004
919 -6.351314067840576
920 -6.627744197845459
921 -6.4495062828063965
922 -6.5736284255981445
923 -8.963556289672852
924 -6.43109655380249
925 -6.467440128326416
926 -5.853721618652344
927 -7.026259899139404
928 -8.621439933776855
929 -7.106229305267334
930 -5.925715446472168
931 -5.92177677154541
932 -6.6078667640686035
933 -6.3209052085876465
934 -9.064090728759766
935 -7.378545761108398
936 -6.606882095336914
937 -8.002809524536133
938 -5.981902122497559
939 -6.354619026184082
940 -8.930694580078125
941 -6.379054069519043
942 -5.957554817199707
943 -7.001598834991455
944 -7.183164119720459
945 -8.563724517822266
946 -9.064090728759766
947 -7.174992084503174
948 -5.588242053985596
949 -6.493602275848389
950 -6.1054887771606445
951 -6.111532211303711
952 -8.969550132751465
953 -6.488609313964844
954 -6.735227584838867
955 -6.287473678588867
956 -5.855792999267578
957 -6.049344539642334
958 -7.311370372772217
959 -6.727517127990723
960 -7.291746616363525
961 -8.628582000732422
962 -8.641164779663086
963 -7.118297576904297
964 -8.463288307189941
965 -9.064090728759766
966 -6.457472801208496
967 -6.259753227233887
968 -6.721980094909668
969 -9.06408977508545
970 -9.054627418518066
971 -9.06408977508545
972 -6.4462995529174805
973 -6.871869087219238
974 -6.343782424926758
975 -6.411087989807129
976 -6.874079704284668
977 -7.063297748565674
978 -8.71230697631836
979 -8.489946365356445
980 -6.360091209411621
981 -7.311371803283691
982 -6.162914276123047
983 -7.261909484863281
984 -7.455606460571289
985 -7.800197124481201
986 -7.289989471435547
987 -6.359243869781494
988 -5.985520362854004
989 -6.182703018188477
990 -6.701876640319824
991 -6.594496726989746
992 -6.906748294830322
993 -6.320521354675293
994 -6.771655559539795
995 -6.442924976348877
996 -7.056391716003418
997 -7.701593399047852
998 -7.3134684562683105
999 -7.217165946960449
