0 -9.064080238342285
1 -7.622105598449707
2 -9.064046859741211
3 -7.902287483215332
4 -7.902370452880859
5 -9.064082145690918
6 -9.064083099365234
7 -9.06407356262207
8 -7.645274639129639
9 -7.644979000091553
10 -9.064074516296387
11 -9.064087867736816
12 -9.064068794250488
13 -7.7150044441223145
14 -7.738156795501709
15 -9.064078330993652
16 -7.798723220825195
17 -9.064079284667969
18 -7.761672496795654
19 -8.060046195983887
20 -7.623312473297119
21 -9.064085960388184
22 -7.63676643371582
23 -9.064064025878906
24 -7.810642719268799
25 -9.064077377319336
26 -8.113296508789062
27 -7.802523136138916
28 -7.70729923248291
29 -7.8379011154174805
30 -9.064058303833008
31 -7.837913990020752
32 -7.424097061157227
33 -9.064090728759766
34 -9.064066886901855
35 -7.90462064743042
36 -7.655889511108398
37 -9.06407642364502
38 -7.864806175231934
39 -9.064083099365234
40 -9.064082145690918
41 -9.064087867736816
42 -9.06407642364502
43 -9.064090728759766
44 -9.0640869140625
45 -9.064083099365234
46 -9.064054489135742
47 -9.064078330993652
48 -9.064085006713867
49 -7.804871559143066
50 -9.06407356262207
51 -9.064079284667969
52 -9.064090728759766
53 -7.905405044555664
54 -9.064074516296387
55 -7.904541015625
56 -7.625973701477051
57 -9.064068794250488
58 -9.064065933227539
59 -9.064085006713867
60 -8.113293647766113
61 -7.775623321533203
62 -7.672039031982422
63 -9.064069747924805
64 -9.064070701599121
65 -9.06408977508545
66 -7.779973030090332
67 -9.064080238342285
68 -9.064065933227539
69 -9.064055442810059
70 -9.064081192016602
71 -9.06407642364502
72 -9.063926696777344
73 -7.470422744750977
74 -7.7538018226623535
75 -7.779996871948242
76 -8.060066223144531
77 -7.646270275115967
78 -9.064085960388184
79 -9.06408977508545
80 -8.060052871704102
81 -7.451225757598877
82 -7.738180160522461
83 -7.864800930023193
84 -9.06408405303955
85 -7.51271915435791
86 -9.064080238342285
87 -9.06405258178711
88 -9.064079284667969
89 -9.064078330993652
90 -8.113295555114746
91 -9.06407356262207
92 -7.8885345458984375
93 -7.566949367523193
94 -9.064077377319336
95 -9.064081192016602
96 -7.392339706420898
97 -7.864791393280029
98 -7.519641399383545
99 -9.06408405303955
100 -9.06407356262207
101 -9.064081192016602
102 -9.06406021118164
103 -7.864800930023193
104 -7.864793300628662
105 -9.064085960388184
106 -9.063907623291016
107 -9.064043998718262
108 -8.060038566589355
109 -7.864807605743408
110 -9.064080238342285
111 -9.064070701599121
112 -7.66372013092041
113 -9.064082145690918
114 -9.064082145690918
115 -7.613252639770508
116 -9.064069747924805
117 -8.060044288635254
118 -7.415093421936035
119 -9.064082145690918
120 -9.064081192016602
121 -7.80487060546875
122 -7.798727035522461
123 -9.064078330993652
124 -9.064079284667969
125 -9.064074516296387
126 -9.064078330993652
127 -9.064056396484375
128 -9.064034461975098
129 -8.008023262023926
130 -9.064081192016602
131 -9.064079284667969
132 -7.672033786773682
133 -7.796970844268799
134 -9.064074516296387
135 -9.064085006713867
136 -9.064079284667969
137 -9.06408405303955
138 -7.2744975090026855
139 -9.064075469970703
140 -9.064080238342285
141 -9.064085006713867
142 -9.064075469970703
143 -7.391644477844238
144 -9.064090728759766
145 -9.064067840576172
146 -9.064079284667969
147 -7.50293493270874
148 -9.064067840576172
149 -9.064064025878906
150 -7.54952335357666
151 -9.06408405303955
152 -9.06406021118164
153 -9.064087867736816
154 -7.32226037979126
155 -9.06407356262207
156 -9.064090728759766
157 -7.665290355682373
158 -9.06405258178711
159 -9.064079284667969
160 -7.7418389320373535
161 -7.532739162445068
162 -9.064083099365234
163 -9.064071655273438
164 -9.064090728759766
165 -7.905404090881348
166 -9.064066886901855
167 -7.64520263671875
168 -9.064064025878906
169 -9.064034461975098
170 -7.632702350616455
171 -8.008009910583496
172 -9.064075469970703
173 -7.804860591888428
174 -9.064085960388184
175 -7.392053604125977
176 -7.711945056915283
177 -9.064078330993652
178 -8.113296508789062
179 -9.064071655273438
180 -9.064057350158691
181 -7.613249778747559
182 -9.06408405303955
183 -9.064062118530273
184 -9.06406021118164
185 -9.064069747924805
186 -9.064083099365234
187 -7.8647990226745605
188 -7.779987335205078
189 -7.903012752532959
190 -7.588001728057861
191 -7.902352333068848
192 -7.665249824523926
193 -9.064072608947754
194 -9.064056396484375
195 -9.064090728759766
196 -7.659228324890137
197 -7.780003070831299
198 -9.064050674438477
199 -9.064081192016602
200 -9.06407642364502
201 -9.064085960388184
202 -9.064082145690918
203 -9.064087867736816
204 -9.064057350158691
205 -7.804876804351807
206 -7.804876327514648
207 -7.565861701965332
208 -9.06408405303955
209 -9.064062118530273
210 -9.064079284667969
211 -7.370070934295654
212 -7.780002593994141
213 -9.064071655273438
214 -9.06408977508545
215 -9.064085006713867
216 -9.064090728759766
217 -9.061640739440918
218 -9.064082145690918
219 -8.060042381286621
220 -9.064079284667969
221 -9.0640869140625
222 -9.064043045043945
223 -9.064074516296387
224 -9.064090728759766
225 -9.064046859741211
226 -8.112578392028809
227 -9.064079284667969
228 -9.064085006713867
229 -7.18184757232666
230 -9.064065933227539
231 -9.064078330993652
232 -9.064054489135742
233 -7.552332401275635
234 -9.064061164855957
235 -9.064053535461426
236 -8.113279342651367
237 -9.064044952392578
238 -9.064059257507324
239 -7.6433539390563965
240 -7.748147010803223
241 -9.064081192016602
242 -9.06407356262207
243 -7.837863922119141
244 -9.06408977508545
245 -7.657459735870361
246 -7.573958396911621
247 -9.064081192016602
248 -9.064055442810059
249 -9.064071655273438
250 -7.138004779815674
251 -9.064057350158691
252 -9.06408405303955
253 -7.676670074462891
254 -9.064082145690918
255 -9.064075469970703
256 -7.645251750946045
257 -9.06407642364502
258 -7.41510009765625
259 -8.05991268157959
260 -7.353152751922607
261 -7.802609443664551
262 -8.113285064697266
263 -9.064043998718262
264 -9.06408405303955
265 -9.06406307220459
266 -7.802648067474365
267 -9.064079284667969
268 -7.8378496170043945
269 -7.899094581604004
270 -7.58694314956665
271 -9.064068794250488
272 -7.8026652336120605
273 -7.8647942543029785
274 -9.064083099365234
275 -7.864800930023193
276 -7.415098667144775
277 -7.904575347900391
278 -9.064080238342285
279 -9.064071655273438
280 -9.064078330993652
281 -9.064065933227539
282 -9.064085006713867
283 -9.064079284667969
284 -7.714995861053467
285 -9.064062118530273
286 -7.613250732421875
287 -9.064081192016602
288 -9.064054489135742
289 -7.602391242980957
290 -9.064062118530273
291 -9.064068794250488
292 -9.06406307220459
293 -8.110026359558105
294 -9.064085960388184
295 -9.064048767089844
296 -8.103919982910156
297 -7.800013542175293
298 -9.064068794250488
299 -9.064056396484375
300 -9.063945770263672
301 -7.532909870147705
302 -7.424097061157227
303 -9.064046859741211
304 -9.06408405303955
305 -7.274196624755859
306 -7.415099620819092
307 -9.064082145690918
308 -9.06403636932373
309 -7.905380725860596
310 -9.064074516296387
311 -9.064064979553223
312 -7.714598655700684
313 -9.06403923034668
314 -9.06407642364502
315 -7.798720359802246
316 -9.064081192016602
317 -9.064081192016602
318 -9.064046859741211
319 -9.064062118530273
320 -8.059914588928223
321 -9.064066886901855
322 -9.064054489135742
323 -7.661064624786377
324 -8.113202095031738
325 -9.064090728759766
326 -9.064064025878906
327 -7.642906188964844
328 -9.064079284667969
329 -9.064069747924805
330 -8.060053825378418
331 -7.391597270965576
332 -9.064046859741211
333 -9.064074516296387
334 -9.06407642364502
335 -7.645190238952637
336 -9.064082145690918
337 -9.064047813415527
338 -9.064075469970703
339 -7.56383752822876
340 -9.064085960388184
341 -9.064077377319336
342 -7.645188808441162
343 -7.587959289550781
344 -9.064082145690918
345 -9.06407642364502
346 -9.064067840576172
347 -9.064043045043945
348 -9.064023971557617
349 -9.064081192016602
350 -7.902981281280518
351 -9.064061164855957
352 -9.064046859741211
353 -8.008018493652344
354 -9.064051628112793
355 -7.658958435058594
356 -9.064043998718262
357 -9.064069747924805
358 -7.89909029006958
359 -9.064078330993652
360 -9.064077377319336
361 -7.561053276062012
362 -9.064087867736816
363 -9.064085006713867
364 -7.86480712890625
365 -9.064083099365234
366 -9.06407642364502
367 -9.064090728759766
368 -9.064034461975098
369 -7.798732280731201
370 -9.064031600952148
371 -9.064088821411133
372 -7.97286319732666
373 -9.064085006713867
374 -9.064077377319336
375 -9.064083099365234
376 -9.064079284667969
377 -9.0640869140625
378 -7.738191604614258
379 -9.064069747924805
380 -9.064078330993652
381 -9.064070701599121
382 -7.947216987609863
383 -9.064069747924805
384 -9.064078330993652
385 -9.064032554626465
386 -7.864808082580566
387 -9.064088821411133
388 -9.064064025878906
389 -9.06408405303955
390 -9.06408977508545
391 -9.064075469970703
392 -7.550829887390137
393 -9.064054489135742
394 -9.06407356262207
395 -7.837838172912598
396 -9.064068794250488
397 -7.864802837371826
398 -7.678731918334961
399 -7.39225435256958
400 -7.798743724822998
401 -9.064066886901855
402 -9.064083099365234
403 -9.064077377319336
404 -9.064083099365234
405 -9.064058303833008
406 -9.064074516296387
407 -7.984241962432861
408 -9.064087867736816
409 -9.06407356262207
410 -9.064067840576172
411 -9.0640869140625
412 -9.06307601928711
413 -9.064071655273438
414 -9.064057350158691
415 -7.732190132141113
416 -7.779945373535156
417 -8.113292694091797
418 -9.064090728759766
419 -7.710696220397949
420 -7.902011394500732
421 -9.06408977508545
422 -9.064043045043945
423 -9.064055442810059
424 -7.99445104598999
425 -8.060064315795898
426 -7.904613971710205
427 -9.064085960388184
428 -8.11329460144043
429 -7.384366035461426
430 -9.064077377319336
431 -7.79871940612793
432 -9.064043998718262
433 -9.064090728759766
434 -7.903006076812744
435 -8.113293647766113
436 -9.064077377319336
437 -7.424088954925537
438 -7.523336410522461
439 -9.064082145690918
440 -9.064077377319336
441 -9.064083099365234
442 -9.064078330993652
443 -7.566948413848877
444 -9.064070701599121
445 -9.064037322998047
446 -7.80487060546875
447 -9.064081192016602
448 -9.064058303833008
449 -7.587618827819824
450 -7.905426025390625
451 -9.064088821411133
452 -7.400761127471924
453 -7.567030429840088
454 -7.802623748779297
455 -7.738187313079834
456 -9.06407642364502
457 -7.420497894287109
458 -9.064043998718262
459 -9.064080238342285
460 -9.06407642364502
461 -9.064081192016602
462 -9.064085006713867
463 -7.606473445892334
464 -9.064079284667969
465 -9.064083099365234
466 -7.804868698120117
467 -9.064064025878906
468 -7.541534423828125
469 -7.904608249664307
470 -8.055984497070312
471 -9.064082145690918
472 -9.064085960388184
473 -9.064062118530273
474 -9.064082145690918
475 -9.064088821411133
476 -7.559262752532959
477 -7.761775970458984
478 -8.113293647766113
479 -9.06408405303955
480 -7.864789009094238
481 -7.415098667144775
482 -9.064061164855957
483 -9.064059257507324
484 -9.062511444091797
485 -7.905378818511963
486 -7.903018474578857
487 -7.901301860809326
488 -9.064059257507324
489 -7.6234130859375
490 -9.064088821411133
491 -9.064067840576172
492 -9.0640869140625
493 -9.064081192016602
494 -7.406949520111084
495 -7.903019428253174
496 -9.064072608947754
497 -9.06407642364502
498 -7.780001640319824
499 -9.064085006713867
500 -9.06408405303955
501 -9.064085960388184
502 -9.064082145690918
503 -9.064090728759766
504 -7.7799553871154785
505 -9.064048767089844
506 -9.064065933227539
507 -7.63265323638916
508 -9.064068794250488
509 -9.064079284667969
510 -9.064062118530273
511 -8.113285064697266
512 -7.566949367523193
513 -9.064082145690918
514 -9.064065933227539
515 -7.645199775695801
516 -8.113296508789062
517 -9.064062118530273
518 -9.064071655273438
519 -9.064078330993652
520 -9.064066886901855
521 -8.113295555114746
522 -9.064038276672363
523 -9.064068794250488
524 -9.06408977508545
525 -9.064090728759766
526 -9.064068794250488
527 -9.064029693603516
528 -7.798725605010986
529 -7.673882961273193
530 -9.064058303833008
531 -9.061395645141602
532 -7.804869174957275
533 -9.06406307220459
534 -9.064075469970703
535 -9.064079284667969
536 -7.52036714553833
537 -8.060057640075684
538 -7.802635192871094
539 -9.064075469970703
540 -7.636019706726074
541 -9.064085960388184
542 -9.064085960388184
543 -9.06407642364502
544 -9.0640230178833
545 -9.064090728759766
546 -9.064083099365234
547 -9.064090728759766
548 -9.064085960388184
549 -7.902425765991211
550 -9.064046859741211
551 -9.064085006713867
552 -7.904530048370361
553 -7.590241432189941
554 -9.064057350158691
555 -7.532871246337891
556 -7.6415863037109375
557 -9.064074516296387
558 -9.064037322998047
559 -9.064074516296387
560 -9.064077377319336
561 -9.064064979553223
562 -9.064071655273438
563 -9.064087867736816
564 -9.064065933227539
565 -7.626031398773193
566 -9.064087867736816
567 -7.864792823791504
568 -9.064061164855957
569 -7.80485725402832
570 -9.064068794250488
571 -7.549618721008301
572 -9.064071655273438
573 -9.064090728759766
574 -9.06407356262207
575 -9.064017295837402
576 -9.064082145690918
577 -7.648128509521484
578 -7.864802837371826
579 -9.064085006713867
580 -7.506768226623535
581 -7.7089009284973145
582 -7.590262413024902
583 -9.064050674438477
584 -7.7987260818481445
585 -9.064072608947754
586 -9.064067840576172
587 -7.740886211395264
588 -7.864799499511719
589 -9.064082145690918
590 -9.064062118530273
591 -7.708437919616699
592 -7.798727989196777
593 -9.064085006713867
594 -9.06405258178711
595 -9.064072608947754
596 -7.6132965087890625
597 -7.598994255065918
598 -9.064064025878906
599 -7.511036396026611
600 -9.064070701599121
601 -9.064083099365234
602 -7.606497287750244
603 -9.064082145690918
604 -9.064074516296387
605 -9.064083099365234
606 -9.06408405303955
607 -7.802656650543213
608 -7.598983287811279
609 -8.060057640075684
610 -9.06407356262207
611 -7.610217094421387
612 -7.982841968536377
613 -9.064080238342285
614 -9.064085006713867
615 -7.915624618530273
616 -7.523227691650391
617 -9.064091682434082
618 -7.415095329284668
619 -9.06407642364502
620 -8.108464241027832
621 -7.7071852684021
622 -9.064078330993652
623 -9.064079284667969
624 -9.064074516296387
625 -7.632619857788086
626 -7.837822914123535
627 -9.064079284667969
628 -7.801934242248535
629 -7.623388290405273
630 -9.06406307220459
631 -7.905399799346924
632 -9.064090728759766
633 -7.658895969390869
634 -9.064065933227539
635 -9.06407356262207
636 -7.804846286773682
637 -7.4150919914245605
638 -7.905229568481445
639 -9.0640869140625
640 -7.645198822021484
641 -9.06405258178711
642 -9.064081192016602
643 -7.692295551300049
644 -7.89607572555542
645 -9.064079284667969
646 -7.543429374694824
647 -7.798739433288574
648 -7.9053778648376465
649 -9.064072608947754
650 -9.064085006713867
651 -7.403258800506592
652 -7.563784599304199
653 -7.688296318054199
654 -9.064065933227539
655 -9.064080238342285
656 -9.064078330993652
657 -8.113297462463379
658 -7.837848663330078
659 -7.389970302581787
660 -7.585004806518555
661 -9.064078330993652
662 -9.064075469970703
663 -7.904597759246826
664 -9.06407642364502
665 -9.06407642364502
666 -7.739079475402832
667 -7.837881565093994
668 -7.837896823883057
669 -9.064082145690918
670 -9.064079284667969
671 -9.064082145690918
672 -9.064077377319336
673 -9.064046859741211
674 -9.064066886901855
675 -9.064072608947754
676 -7.393793106079102
677 -9.06404972076416
678 -7.677511215209961
679 -9.06408405303955
680 -9.06405258178711
681 -7.748272895812988
682 -9.064078330993652
683 -9.0640869140625
684 -7.182891368865967
685 -9.06407356262207
686 -7.569284439086914
687 -7.8048624992370605
688 -9.064080238342285
689 -9.064065933227539
690 -7.728379249572754
691 -9.0640869140625
692 -9.061378479003906
693 -8.111435890197754
694 -7.473787784576416
695 -9.064082145690918
696 -7.274587631225586
697 -7.544546604156494
698 -7.86480712890625
699 -9.064065933227539
700 -9.064050674438477
701 -9.064079284667969
702 -8.008023262023926
703 -9.064090728759766
704 -7.798729419708252
705 -9.064062118530273
706 -8.113302230834961
707 -7.837889671325684
708 -7.462859630584717
709 -7.661742210388184
710 -9.064074516296387
711 -9.06408405303955
712 -9.06407642364502
713 -9.064035415649414
714 -7.473777770996094
715 -7.7969441413879395
716 -7.606103897094727
717 -7.804875373840332
718 -7.796954154968262
719 -9.064064025878906
720 -9.064062118530273
721 -9.064088821411133
722 -7.796947479248047
723 -9.064090728759766
724 -9.064066886901855
725 -7.56695032119751
726 -7.795577049255371
727 -9.064056396484375
728 -7.721686363220215
729 -9.064090728759766
730 -7.707297325134277
731 -9.064075469970703
732 -9.064079284667969
733 -9.064048767089844
734 -9.014333724975586
735 -9.064079284667969
736 -9.06403636932373
737 -7.636771202087402
738 -9.064064025878906
739 -7.617114543914795
740 -9.06407356262207
741 -9.064070701599121
742 -7.587887763977051
743 -7.629086017608643
744 -7.899609088897705
745 -9.06406307220459
746 -7.711929798126221
747 -7.590264320373535
748 -7.905368804931641
749 -9.064064025878906
750 -9.064047813415527
751 -7.864809989929199
752 -9.064040184020996
753 -9.064061164855957
754 -7.599266052246094
755 -7.392323970794678
756 -9.064042091369629
757 -9.064074516296387
758 -7.743478298187256
759 -9.064081192016602
760 -9.064031600952148
761 -7.383725643157959
762 -9.064056396484375
763 -7.795459747314453
764 -7.79695463180542
765 -9.064083099365234
766 -7.86480712890625
767 -7.617327690124512
768 -8.113293647766113
769 -9.064077377319336
770 -9.064082145690918
771 -9.064081192016602
772 -7.567001819610596
773 -8.113286018371582
774 -7.658973217010498
775 -7.864808082580566
776 -9.064070701599121
777 -9.064054489135742
778 -9.064071655273438
779 -9.064078330993652
780 -9.064081192016602
781 -7.646248817443848
782 -9.064067840576172
783 -7.837892532348633
784 -8.113298416137695
785 -8.1132173538208
786 -9.064080238342285
787 -7.645198822021484
788 -7.800073146820068
789 -9.064054489135742
790 -9.064083099365234
791 -8.112809181213379
792 -7.707291126251221
793 -9.064066886901855
794 -9.064068794250488
795 -7.632403373718262
796 -9.0640869140625
797 -9.064083099365234
798 -9.064041137695312
799 -9.064061164855957
800 -9.064067840576172
801 -9.064080238342285
802 -9.064085006713867
803 -7.80487060546875
804 -7.622523307800293
805 -7.526217460632324
806 -7.798735618591309
807 -9.063776969909668
808 -7.676792621612549
809 -9.064059257507324
810 -7.56901216506958
811 -9.064081192016602
812 -7.804883003234863
813 -9.06407356262207
814 -9.064066886901855
815 -7.899097442626953
816 -9.064055442810059
817 -9.064085960388184
818 -9.064081192016602
819 -7.285073757171631
820 -7.864307403564453
821 -7.903016090393066
822 -7.690714359283447
823 -9.064083099365234
824 -9.064068794250488
825 -9.064083099365234
826 -9.064082145690918
827 -9.064080238342285
828 -9.064079284667969
829 -9.064090728759766
830 -9.064059257507324
831 -9.064079284667969
832 -9.06407642364502
833 -9.06408405303955
834 -9.064064025878906
835 -9.064085960388184
836 -9.064042091369629
837 -7.779998302459717
838 -7.3355021476745605
839 -9.064081192016602
840 -9.064059257507324
841 -9.06408405303955
842 -9.064082145690918
843 -7.681545257568359
844 -9.064059257507324
845 -9.064077377319336
846 -7.721953868865967
847 -9.064082145690918
848 -9.064078330993652
849 -7.905359268188477
850 -9.064068794250488
851 -9.064081192016602
852 -9.064090728759766
853 -9.064082145690918
854 -9.064090728759766
855 -9.064083099365234
856 -9.064048767089844
857 -7.734170913696289
858 -9.064075469970703
859 -7.383419036865234
860 -7.622511386871338
861 -7.905378341674805
862 -9.064081192016602
863 -9.064064979553223
864 -9.064074516296387
865 -9.064059257507324
866 -9.064080238342285
867 -9.064071655273438
868 -9.064059257507324
869 -9.064062118530273
870 -9.064078330993652
871 -9.064064979553223
872 -7.779665946960449
873 -9.064083099365234
874 -9.064050674438477
875 -9.064067840576172
876 -9.064080238342285
877 -9.064077377319336
878 -7.675619125366211
879 -8.060044288635254
880 -7.90542459487915
881 -9.064048767089844
882 -9.064088821411133
883 -9.064069747924805
884 -9.06403636932373
885 -9.064078330993652
886 -7.76169490814209
887 -7.8025312423706055
888 -9.064079284667969
889 -7.625190258026123
890 -9.064069747924805
891 -7.602396011352539
892 -9.064074516296387
893 -7.779998779296875
894 -9.064069747924805
895 -9.06408405303955
896 -9.064054489135742
897 -9.064078330993652
898 -9.064053535461426
899 -9.064051628112793
900 -7.673767566680908
901 -9.064044952392578
902 -9.064083099365234
903 -9.064074516296387
904 -9.064069747924805
905 -9.064077377319336
906 -7.915496826171875
907 -7.593315601348877
908 -7.6451921463012695
909 -7.738186359405518
910 -7.6720170974731445
911 -9.064083099365234
912 -7.779892921447754
913 -9.064066886901855
914 -9.064061164855957
915 -9.064083099365234
916 -9.064088821411133
917 -8.059979438781738
918 -9.064075469970703
919 -9.064080238342285
920 -9.064072608947754
921 -8.057804107666016
922 -7.905424118041992
923 -9.064079284667969
924 -9.064035415649414
925 -9.064040184020996
926 -9.064080238342285
927 -7.6770195960998535
928 -9.064090728759766
929 -9.06406307220459
930 -9.064041137695312
931 -9.064056396484375
932 -7.5262274742126465
933 -9.06407642364502
934 -7.9840989112854
935 -9.064080238342285
936 -9.06406307220459
937 -9.064066886901855
938 -7.392230033874512
939 -7.645185470581055
940 -9.064083099365234
941 -7.611085414886475
942 -7.915637016296387
943 -9.064088821411133
944 -9.064090728759766
945 -9.064054489135742
946 -7.606466293334961
947 -9.064078330993652
948 -7.837922096252441
949 -8.113296508789062
950 -9.064075469970703
951 -7.4684739112854
952 -7.798738479614258
953 -7.566949367523193
954 -9.064077377319336
955 -9.064079284667969
956 -7.899110794067383
957 -9.064022064208984
958 -9.064081192016602
959 -9.064056396484375
960 -9.064078330993652
961 -9.064078330993652
962 -7.837857723236084
963 -7.561127185821533
964 -9.064080238342285
965 -9.06408405303955
966 -9.06408405303955
967 -9.064064979553223
968 -9.064079284667969
969 -7.837773323059082
970 -9.064053535461426
971 -7.864794731140137
972 -9.06408405303955
973 -9.064072608947754
974 -9.0640869140625
975 -9.064071655273438
976 -7.513002395629883
977 -9.064075469970703
978 -9.06408977508545
979 -9.06408405303955
980 -9.064070701599121
981 -9.06408977508545
982 -9.064066886901855
983 -7.899108409881592
984 -7.864800930023193
985 -9.064048767089844
986 -9.064077377319336
987 -9.064085006713867
988 -9.06407356262207
989 -8.113299369812012
990 -9.064072608947754
991 -9.064072608947754
992 -9.064067840576172
993 -9.063517570495605
994 -9.064057350158691
995 -9.064075469970703
996 -9.064083099365234
997 -9.064061164855957
998 -9.064082145690918
999 -7.802608966827393
