0 -5.6347761154174805
1 -5.563209533691406
2 -5.137955665588379
3 -5.151291847229004
4 -5.03448486328125
5 -8.42587947845459
6 -7.292287349700928
7 -6.92429256439209
8 -5.893719673156738
9 -6.215835094451904
10 -6.611033916473389
11 -7.104150295257568
12 -6.227705478668213
13 -5.440610408782959
14 -6.645937919616699
15 -6.098906993865967
16 -7.0388407707214355
17 -6.450202941894531
18 -6.640501499176025
19 -6.627980709075928
20 -8.549151420593262
21 -6.593966960906982
22 -7.447573184967041
23 -7.51939582824707
24 -8.588685989379883
25 -6.52570104598999
26 -7.558559894561768
27 -6.56820011138916
28 -9.064090728759766
29 -7.547262668609619
30 -9.064090728759766
31 -6.552740097045898
32 -6.7553205490112305
33 -7.079174995422363
34 -6.930638790130615
35 -8.881861686706543
36 -6.149515151977539
37 -6.4293036460876465
38 -7.953817367553711
39 -8.303934097290039
40 -7.948437690734863
41 -6.2878522872924805
42 -6.181963920593262
43 -8.997772216796875
44 -7.540924072265625
45 -6.341636657714844
46 -6.476292610168457
47 -8.613055229187012
48 -6.49277400970459
49 -9.064090728759766
50 -8.77403736114502
51 -7.345149993896484
52 -6.871320724487305
53 -6.633881568908691
54 -7.4501800537109375
55 -8.710002899169922
56 -6.185905456542969
57 -6.479815483093262
58 -6.383004665374756
59 -8.36092472076416
60 -6.094748497009277
61 -6.622279644012451
62 -6.506598472595215
63 -8.960447311401367
64 -6.233555793762207
65 -7.255265712738037
66 -9.064091682434082
67 -7.467686653137207
68 -6.112894058227539
69 -6.828719615936279
70 -6.983352184295654
71 -6.380972385406494
72 -8.570759773254395
73 -6.485114574432373
74 -7.32773494720459
75 -5.899893760681152
76 -6.976571083068848
77 -7.23700475692749
78 -5.992366313934326
79 -6.888833999633789
80 -5.942753791809082
81 -7.353344917297363
82 -6.228958606719971
83 -8.74161434173584
84 -6.332334041595459
85 -7.281679630279541
86 -8.983024597167969
87 -6.450979709625244
88 -8.007391929626465
89 -6.8144354820251465
90 -8.358885765075684
91 -7.154176712036133
92 -5.896385192871094
93 -6.028168678283691
94 -8.452542304992676
95 -7.155385971069336
96 -7.311370849609375
97 -6.963956832885742
98 -6.450087070465088
99 -6.069592475891113
100 -6.231022834777832
101 -6.698253154754639
102 -6.341788291931152
103 -6.931502342224121
104 -7.387662887573242
105 -6.438238143920898
106 -7.894464015960693
107 -9.01284408569336
108 -6.5754170417785645
109 -8.609450340270996
110 -6.7941203117370605
111 -6.0886125564575195
112 -6.521475315093994
113 -8.426567077636719
114 -7.6279473304748535
115 -6.214444160461426
116 -6.648550033569336
117 -6.288741111755371
118 -8.980707168579102
119 -6.416175842285156
120 -7.923551082611084
121 -6.832338809967041
122 -5.843858242034912
123 -6.0246686935424805
124 -6.202033996582031
125 -7.002195358276367
126 -5.955226898193359
127 -6.428102493286133
128 -7.034531593322754
129 -8.549379348754883
130 -6.3962016105651855
131 -6.874083518981934
132 -7.650749206542969
133 -7.269718647003174
134 -6.691826820373535
135 -6.875491142272949
136 -8.528532028198242
137 -6.44460391998291
138 -8.388803482055664
139 -6.671276092529297
140 -6.516242027282715
141 -6.606586456298828
142 -7.5824408531188965
143 -6.408895492553711
144 -7.500189304351807
145 -7.113841533660889
146 -6.292816162109375
147 -6.345725059509277
148 -7.684009075164795
149 -6.6859331130981445
150 -7.0730881690979
151 -7.6545867919921875
152 -7.025672912597656
153 -6.389104843139648
154 -7.69202184677124
155 -6.865074634552002
156 -7.019443511962891
157 -6.642315864562988
158 -7.311371326446533
159 -6.390558242797852
160 -6.778101444244385
161 -7.9597954750061035
162 -8.695108413696289
163 -6.749058246612549
164 -6.8567214012146
165 -6.940877437591553
166 -9.064090728759766
167 -9.064090728759766
168 -6.765005111694336
169 -7.062894344329834
170 -6.586182594299316
171 -5.90484619140625
172 -9.064090728759766
173 -8.991058349609375
174 -6.6537346839904785
175 -7.5193963050842285
176 -8.727474212646484
177 -6.862206935882568
178 -6.142114162445068
179 -6.786713600158691
180 -9.064090728759766
181 -6.809764862060547
182 -7.706689357757568
183 -7.771915435791016
184 -7.211398124694824
185 -5.993370532989502
186 -5.841398239135742
187 -7.5052947998046875
188 -9.064090728759766
189 -6.629575729370117
190 -6.9955644607543945
191 -7.025132179260254
192 -6.555583477020264
193 -8.621967315673828
194 -6.268974781036377
195 -6.697147369384766
196 -6.626611709594727
197 -6.650186538696289
198 -8.887303352355957
199 -6.762944221496582
200 -8.2826509475708
201 -6.677481651306152
202 -6.106410026550293
203 -7.06155252456665
204 -7.042617321014404
205 -6.428007125854492
206 -6.191283226013184
207 -6.630897521972656
208 -6.277766227722168
209 -6.296331405639648
210 -6.7288970947265625
211 -6.4505414962768555
212 -7.615180969238281
213 -6.148871898651123
214 -6.742012023925781
215 -7.009471893310547
216 -7.421435356140137
217 -6.290217876434326
218 -8.527493476867676
219 -7.027434349060059
220 -7.740179538726807
221 -8.916766166687012
222 -6.542570114135742
223 -6.4225921630859375
224 -6.967761516571045
225 -6.500677585601807
226 -6.874083042144775
227 -7.312754154205322
228 -9.064090728759766
229 -7.190423965454102
230 -6.378203868865967
231 -7.3093743324279785
232 -6.417806625366211
233 -8.696304321289062
234 -7.847392559051514
235 -6.478946208953857
236 -6.841851711273193
237 -6.580429553985596
238 -6.531192779541016
239 -6.414645195007324
240 -6.201807975769043
241 -7.213047504425049
242 -8.685890197753906
243 -7.633391380310059
244 -6.549067497253418
245 -6.259153842926025
246 -9.064090728759766
247 -6.543440341949463
248 -6.693883895874023
249 -6.226151466369629
250 -6.4081501960754395
251 -6.216791152954102
252 -7.459085464477539
253 -6.5199737548828125
254 -6.307060241699219
255 -6.123410224914551
256 -6.5901312828063965
257 -6.372495651245117
258 -8.695075988769531
259 -9.06408977508545
260 -6.6684160232543945
261 -6.163654327392578
262 -6.026585102081299
263 -8.413249969482422
264 -6.30568265914917
265 -7.612405776977539
266 -6.500279426574707
267 -7.404936790466309
268 -7.291793346405029
269 -6.336975574493408
270 -5.864523887634277
271 -6.944204330444336
272 -5.953061103820801
273 -6.238868713378906
274 -6.671701431274414
275 -6.144131660461426
276 -8.952042579650879
277 -6.5193634033203125
278 -8.581405639648438
279 -6.618024826049805
280 -6.661451816558838
281 -6.245250701904297
282 -7.554885387420654
283 -6.925518035888672
284 -5.891934394836426
285 -6.836825370788574
286 -6.758749008178711
287 -6.166731357574463
288 -6.152926445007324
289 -7.949172019958496
290 -8.768707275390625
291 -6.655019283294678
292 -8.04975414276123
293 -8.232977867126465
294 -6.226710319519043
295 -6.506032466888428
296 -7.946552276611328
297 -6.537858963012695
298 -7.519397258758545
299 -6.402194499969482
300 -7.299020290374756
301 -7.345343589782715
302 -6.069910049438477
303 -6.708324909210205
304 -6.091523170471191
305 -6.444230079650879
306 -6.692753314971924
307 -6.039331436157227
308 -9.064090728759766
309 -6.638014793395996
310 -6.194487571716309
311 -9.06408977508545
312 -6.886690139770508
313 -6.282687187194824
314 -7.977464199066162
315 -6.424075126647949
316 -6.2394585609436035
317 -7.446333885192871
318 -5.791144847869873
319 -6.296777248382568
320 -6.503817558288574
321 -7.311371803283691
322 -9.064090728759766
323 -7.208176612854004
324 -7.130823612213135
325 -6.9447221755981445
326 -7.317779541015625
327 -7.274198055267334
328 -7.2617011070251465
329 -9.064090728759766
330 -6.537830829620361
331 -6.899165630340576
332 -6.8385515213012695
333 -7.125490188598633
334 -9.052085876464844
335 -6.439667701721191
336 -6.670033931732178
337 -6.327537536621094
338 -6.718721389770508
339 -6.538891792297363
340 -6.177382469177246
341 -6.318150520324707
342 -7.972183704376221
343 -6.499367713928223
344 -5.910347938537598
345 -9.06408977508545
346 -7.41373348236084
347 -6.03007698059082
348 -9.042173385620117
349 -5.964105129241943
350 -6.876007080078125
351 -9.064090728759766
352 -6.598345756530762
353 -7.609748363494873
354 -6.897733211517334
355 -6.635738849639893
356 -7.194568634033203
357 -7.180217266082764
358 -6.512585163116455
359 -6.850870132446289
360 -8.964570045471191
361 -9.06408977508545
362 -8.674917221069336
363 -8.417354583740234
364 -7.519345760345459
365 -6.172286033630371
366 -7.6126556396484375
367 -6.803462028503418
368 -9.014949798583984
369 -6.367812156677246
370 -7.344009876251221
371 -5.931916236877441
372 -6.70314884185791
373 -8.103524208068848
374 -6.968822479248047
375 -6.545860290527344
376 -7.005122184753418
377 -6.0842719078063965
378 -6.610043525695801
379 -6.276825428009033
380 -6.662779808044434
381 -6.432698726654053
382 -6.724079132080078
383 -9.06408977508545
384 -7.816905975341797
385 -8.371586799621582
386 -6.292804718017578
387 -6.683349609375
388 -6.421599388122559
389 -9.06408977508545
390 -7.259946346282959
391 -6.293278217315674
392 -9.064090728759766
393 -8.569866180419922
394 -6.279897212982178
395 -7.568351745605469
396 -8.914815902709961
397 -6.927184104919434
398 -6.959500312805176
399 -7.860039234161377
400 -7.2197651863098145
401 -6.3787031173706055
402 -8.41540813446045
403 -6.898820877075195
404 -7.800034999847412
405 -6.015189170837402
406 -6.119068145751953
407 -6.716921329498291
408 -7.543608665466309
409 -7.226918697357178
410 -6.570382595062256
411 -6.268204689025879
412 -6.714716911315918
413 -6.298431873321533
414 -6.304748058319092
415 -8.52556037902832
416 -6.7927045822143555
417 -6.2160797119140625
418 -7.95328950881958
419 -8.548813819885254
420 -6.468502044677734
421 -7.387801170349121
422 -6.3340582847595215
423 -8.779939651489258
424 -6.768192291259766
425 -6.376003265380859
426 -6.325089931488037
427 -7.80363655090332
428 -8.735596656799316
429 -6.1764678955078125
430 -7.902130126953125
431 -6.647006034851074
432 -7.255116939544678
433 -6.327371597290039
434 -6.751213073730469
435 -6.398693084716797
436 -7.900062561035156
437 -7.381558418273926
438 -6.034339904785156
439 -6.324672222137451
440 -6.23176908493042
441 -6.973065376281738
442 -6.440905570983887
443 -6.481592655181885
444 -6.862464904785156
445 -8.898667335510254
446 -6.254788875579834
447 -6.396274566650391
448 -6.861720561981201
449 -6.271109580993652
450 -7.856640338897705
451 -6.623080253601074
452 -6.2216668128967285
453 -8.83922004699707
454 -6.3570451736450195
455 -6.524710178375244
456 -8.570979118347168
457 -7.702038288116455
458 -6.0711669921875
459 -6.716654300689697
460 -6.368278980255127
461 -6.618433475494385
462 -8.911582946777344
463 -7.109560012817383
464 -7.8373565673828125
465 -6.567085266113281
466 -6.7234697341918945
467 -6.396627426147461
468 -8.97259521484375
469 -8.673501968383789
470 -7.444659233093262
471 -8.030587196350098
472 -5.79094123840332
473 -9.053252220153809
474 -6.181379795074463
475 -6.338500022888184
476 -6.610267162322998
477 -8.405218124389648
478 -6.494332790374756
479 -8.480367660522461
480 -6.3810577392578125
481 -6.489597797393799
482 -7.6283674240112305
483 -6.389591217041016
484 -9.032842636108398
485 -9.04278564453125
486 -8.964662551879883
487 -8.916814804077148
488 -9.062524795532227
489 -5.954873085021973
490 -6.442757606506348
491 -8.35861873626709
492 -6.011184215545654
493 -6.2426042556762695
494 -6.648629188537598
495 -6.5613908767700195
496 -6.4706525802612305
497 -5.738983154296875
498 -6.351010322570801
499 -7.347795486450195
500 -9.064090728759766
501 -6.628631591796875
502 -7.227594375610352
503 -6.530529499053955
504 -6.16068172454834
505 -7.17326545715332
506 -9.06408977508545
507 -7.487569808959961
508 -6.106874465942383
509 -6.73804235458374
510 -7.5548858642578125
511 -7.766054153442383
512 -8.91733169555664
513 -8.033815383911133
514 -6.639560699462891
515 -6.150387763977051
516 -7.446454048156738
517 -6.373754501342773
518 -6.759170055389404
519 -6.547565937042236
520 -9.059833526611328
521 -6.408908843994141
522 -6.3774638175964355
523 -6.5058112144470215
524 -5.999932765960693
525 -7.978034019470215
526 -6.612880706787109
527 -8.037378311157227
528 -8.933804512023926
529 -9.064090728759766
530 -7.431620121002197
531 -8.96398639678955
532 -8.935699462890625
533 -7.0157060623168945
534 -6.132689476013184
535 -6.30598258972168
536 -7.758729457855225
537 -6.476221084594727
538 -7.305102348327637
539 -8.211102485656738
540 -5.921844482421875
541 -8.171768188476562
542 -6.373684883117676
543 -8.916764259338379
544 -6.882501125335693
545 -7.287870407104492
546 -7.80363655090332
547 -6.704522132873535
548 -6.702269554138184
549 -7.1836256980896
550 -7.594819068908691
551 -5.8404741287231445
552 -6.878026008605957
553 -6.234871864318848
554 -9.037420272827148
555 -7.444931983947754
556 -6.813679218292236
557 -5.844074726104736
558 -7.65380334854126
559 -9.064090728759766
560 -8.629111289978027
561 -6.611382484436035
562 -6.742802619934082
563 -8.9879150390625
564 -7.458832740783691
565 -6.5362749099731445
566 -6.41132116317749
567 -6.39494514465332
568 -6.451082706451416
569 -7.9606709480285645
570 -6.786697864532471
571 -6.491610527038574
572 -6.773899078369141
573 -6.8377180099487305
574 -6.059660911560059
575 -6.678582191467285
576 -6.438206672668457
577 -6.738467693328857
578 -6.585657119750977
579 -6.439515590667725
580 -6.047787666320801
581 -8.361669540405273
582 -8.958913803100586
583 -6.494173049926758
584 -6.192802429199219
585 -9.064090728759766
586 -6.09858512878418
587 -6.822470188140869
588 -7.372513771057129
589 -7.755570411682129
590 -7.212958335876465
591 -6.587386131286621
592 -7.985076904296875
593 -7.536346435546875
594 -6.500385284423828
595 -6.6605939865112305
596 -7.520169258117676
597 -6.26023006439209
598 -6.855398178100586
599 -6.09375524520874
600 -6.52125358581543
601 -9.06408977508545
602 -7.750248908996582
603 -9.026784896850586
604 -6.991954803466797
605 -7.494322299957275
606 -8.678625106811523
607 -7.719106197357178
608 -8.445188522338867
609 -7.429541110992432
610 -7.07011604309082
611 -6.138508319854736
612 -6.102053642272949
613 -6.56292200088501
614 -7.797909736633301
615 -6.051530838012695
616 -6.826419353485107
617 -6.4892754554748535
618 -8.242562294006348
619 -7.5945024490356445
620 -6.141419410705566
621 -6.221879959106445
622 -7.215182304382324
623 -6.4570488929748535
624 -8.23222827911377
625 -8.032623291015625
626 -6.417622089385986
627 -6.547717571258545
628 -6.727617263793945
629 -7.641005039215088
630 -8.770631790161133
631 -6.3728227615356445
632 -6.164944648742676
633 -9.06131362915039
634 -9.064090728759766
635 -7.56410026550293
636 -6.991039752960205
637 -8.640042304992676
638 -6.592123031616211
639 -7.168543815612793
640 -6.359569549560547
641 -8.105116844177246
642 -9.024056434631348
643 -6.519642353057861
644 -6.66990327835083
645 -6.189906120300293
646 -6.609152793884277
647 -6.2203216552734375
648 -7.352612018585205
649 -6.619866847991943
650 -7.933265209197998
651 -9.064090728759766
652 -6.442939758300781
653 -7.114220142364502
654 -9.06408977508545
655 -6.712886810302734
656 -6.807084083557129
657 -8.861599922180176
658 -7.480738639831543
659 -6.259878158569336
660 -6.361515045166016
661 -5.850255012512207
662 -7.493019104003906
663 -6.167993068695068
664 -6.605285167694092
665 -5.94632625579834
666 -8.158032417297363
667 -6.371709823608398
668 -7.51939582824707
669 -6.250735282897949
670 -6.101782321929932
671 -6.66657829284668
672 -6.319665908813477
673 -6.523697376251221
674 -6.69879674911499
675 -6.158148765563965
676 -8.334773063659668
677 -6.636938095092773
678 -6.40416145324707
679 -6.606680393218994
680 -6.381219387054443
681 -6.820788383483887
682 -6.767646312713623
683 -6.033116340637207
684 -7.96956205368042
685 -6.156636714935303
686 -7.803637981414795
687 -7.029272556304932
688 -8.082503318786621
689 -6.341544151306152
690 -7.371139049530029
691 -6.24458122253418
692 -6.495616436004639
693 -6.782890319824219
694 -6.523562431335449
695 -9.064090728759766
696 -6.678529739379883
697 -6.923091411590576
698 -7.356358051300049
699 -5.861687660217285
700 -6.119987487792969
701 -7.708786964416504
702 -6.021488189697266
703 -9.064090728759766
704 -7.677661895751953
705 -6.721489906311035
706 -7.753745079040527
707 -6.258703231811523
708 -6.324576377868652
709 -6.6166276931762695
710 -6.256155967712402
711 -6.9432220458984375
712 -6.8853349685668945
713 -6.744560241699219
714 -6.3820695877075195
715 -6.307184219360352
716 -6.153095245361328
717 -6.745865821838379
718 -6.372499465942383
719 -9.041994094848633
720 -8.621374130249023
721 -6.219376564025879
722 -6.644859313964844
723 -6.503886699676514
724 -6.825611114501953
725 -6.072101593017578
726 -8.951610565185547
727 -6.317356109619141
728 -6.476250648498535
729 -6.459108829498291
730 -6.387387275695801
731 -6.092487335205078
732 -6.83858585357666
733 -6.114757537841797
734 -6.335176944732666
735 -6.23077392578125
736 -6.946502685546875
737 -6.3291168212890625
738 -6.3105669021606445
739 -9.06408977508545
740 -6.156637191772461
741 -6.270727634429932
742 -6.260814189910889
743 -6.718931674957275
744 -6.777713775634766
745 -6.489063739776611
746 -7.109560966491699
747 -6.6399407386779785
748 -6.890036582946777
749 -6.4291887283325195
750 -6.769834041595459
751 -6.82228422164917
752 -6.967341899871826
753 -8.412118911743164
754 -8.997288703918457
755 -8.64121150970459
756 -7.971336364746094
757 -8.711492538452148
758 -6.572437286376953
759 -8.11937141418457
760 -6.476272106170654
761 -6.129878997802734
762 -6.182480812072754
763 -6.380784034729004
764 -9.064090728759766
765 -7.754635334014893
766 -6.436758995056152
767 -6.538872718811035
768 -6.027588367462158
769 -6.171202659606934
770 -6.855894088745117
771 -6.733614921569824
772 -9.022619247436523
773 -6.549409866333008
774 -6.373263359069824
775 -6.423795700073242
776 -6.213224411010742
777 -5.860476493835449
778 -8.029253005981445
779 -6.595367431640625
780 -7.896392345428467
781 -7.467761516571045
782 -7.337772846221924
783 -6.677515029907227
784 -7.741776943206787
785 -6.566453456878662
786 -6.288036346435547
787 -8.135634422302246
788 -5.9545722007751465
789 -7.023365020751953
790 -6.284698963165283
791 -6.430419921875
792 -6.5986647605896
793 -7.19923734664917
794 -6.476894378662109
795 -7.821806907653809
796 -7.863215923309326
797 -6.962429046630859
798 -6.8357834815979
799 -6.2555036544799805
800 -5.970366477966309
801 -7.158326148986816
802 -8.462631225585938
803 -6.556241035461426
804 -8.105928421020508
805 -6.220128059387207
806 -6.132382392883301
807 -5.964805603027344
808 -7.595240592956543
809 -6.636168479919434
810 -8.614242553710938
811 -7.114535331726074
812 -6.232171058654785
813 -8.462621688842773
814 -7.373883247375488
815 -7.582240104675293
816 -7.318380832672119
817 -8.520182609558105
818 -6.872890472412109
819 -6.153478622436523
820 -6.9052839279174805
821 -8.54410171508789
822 -6.726837158203125
823 -7.201587200164795
824 -7.667139053344727
825 -6.562262058258057
826 -7.433882713317871
827 -5.812660217285156
828 -6.529536724090576
829 -6.031228065490723
830 -9.06408977508545
831 -6.63564395904541
832 -7.375053882598877
833 -6.106130599975586
834 -6.125132083892822
835 -6.059711933135986
836 -7.661494731903076
837 -6.386878490447998
838 -6.250668525695801
839 -6.124297142028809
840 -6.575007438659668
841 -6.444931983947754
842 -6.961562156677246
843 -6.436583518981934
844 -6.45251989364624
845 -6.389172077178955
846 -6.410730361938477
847 -6.284975528717041
848 -6.49566650390625
849 -6.504460334777832
850 -7.31137228012085
851 -6.727729320526123
852 -6.286448001861572
853 -6.46756649017334
854 -8.541328430175781
855 -6.9667840003967285
856 -6.094087600708008
857 -6.560889720916748
858 -6.989237308502197
859 -6.41543436050415
860 -6.124983787536621
861 -7.913472652435303
862 -6.920984268188477
863 -8.462386131286621
864 -6.41412353515625
865 -6.7307844161987305
866 -6.643268585205078
867 -9.031982421875
868 -7.687549591064453
869 -8.747140884399414
870 -6.603163242340088
871 -6.786465644836426
872 -6.551571846008301
873 -8.272184371948242
874 -6.385415554046631
875 -6.806264877319336
876 -7.515511989593506
877 -8.616928100585938
878 -6.262892723083496
879 -6.122836112976074
880 -7.017437934875488
881 -8.919282913208008
882 -7.72858190536499
883 -6.735175132751465
884 -6.432289123535156
885 -6.618185520172119
886 -6.517269134521484
887 -7.319266319274902
888 -6.97991943359375
889 -6.481911659240723
890 -7.16114616394043
891 -6.383461952209473
892 -6.324495315551758
893 -7.392253398895264
894 -6.511452674865723
895 -8.663101196289062
896 -8.046795845031738
897 -9.000049591064453
898 -6.658138751983643
899 -7.515833854675293
900 -6.246005535125732
901 -6.782630920410156
902 -6.044831275939941
903 -6.759146213531494
904 -6.359726428985596
905 -7.632561206817627
906 -6.2507452964782715
907 -5.886081695556641
908 -6.705185890197754
909 -6.335446834564209
910 -7.447822093963623
911 -6.901157379150391
912 -6.544782638549805
913 -8.749541282653809
914 -8.704472541809082
915 -7.3836565017700195
916 -6.504105567932129
917 -9.040206909179688
918 -8.001651763916016
919 -6.539332389831543
920 -6.085318565368652
921 -9.064090728759766
922 -6.633477210998535
923 -7.292484760284424
924 -6.488192558288574
925 -6.820498466491699
926 -7.304412841796875
927 -9.06408977508545
928 -8.61828327178955
929 -6.136747360229492
930 -7.99563455581665
931 -6.652508735656738
932 -6.218797206878662
933 -8.625077247619629
934 -8.906455039978027
935 -6.581608772277832
936 -6.489943504333496
937 -8.813458442687988
938 -6.045045375823975
939 -6.530696392059326
940 -7.713693141937256
941 -6.903448104858398
942 -7.569115161895752
943 -9.050487518310547
944 -6.148712158203125
945 -6.253477096557617
946 -6.959139823913574
947 -6.214824676513672
948 -6.350293159484863
949 -6.56611967086792
950 -6.275311470031738
951 -6.194615364074707
952 -8.497513771057129
953 -6.388678550720215
954 -6.5089921951293945
955 -6.227476119995117
956 -8.591711044311523
957 -6.246213912963867
958 -6.154756546020508
959 -5.95137882232666
960 -6.651057243347168
961 -6.316608428955078
962 -9.06408977508545
963 -8.811220169067383
964 -6.356934547424316
965 -6.458631992340088
966 -6.867842197418213
967 -6.378064155578613
968 -7.471917629241943
969 -6.7372260093688965
970 -7.952048301696777
971 -6.526334762573242
972 -6.531125545501709
973 -7.27701997756958
974 -8.537330627441406
975 -6.489483833312988
976 -5.912221908569336
977 -6.6075520515441895
978 -9.064090728759766
979 -7.486970901489258
980 -6.467892646789551
981 -8.776177406311035
982 -8.545549392700195
983 -6.271816730499268
984 -7.81417179107666
985 -8.95349407196045
986 -7.458158016204834
987 -7.811062812805176
988 -6.270668029785156
989 -6.560840606689453
990 -8.849196434020996
991 -6.480096817016602
992 -7.892751216888428
993 -7.189967155456543
994 -8.183732986450195
995 -6.209919452667236
996 -6.493753433227539
997 -6.49028205871582
998 -7.506278038024902
999 -6.542871475219727
