0 -5.412711143493652
1 -4.894582748413086
2 -5.351288318634033
3 -5.31264591217041
4 -5.15523624420166
5 -7.046981334686279
6 -6.218137741088867
7 -6.703700065612793
8 -8.67797565460205
9 -6.798708438873291
10 -6.570478439331055
11 -6.125636100769043
12 -8.63190746307373
13 -6.947467803955078
14 -6.162467002868652
15 -6.176331520080566
16 -6.317581653594971
17 -6.1566362380981445
18 -7.502641677856445
19 -6.1255645751953125
20 -6.406364440917969
21 -6.918514251708984
22 -6.458225727081299
23 -6.785443305969238
24 -6.726485252380371
25 -7.193503379821777
26 -8.284509658813477
27 -6.4026384353637695
28 -6.108281135559082
29 -6.987781047821045
30 -6.488956928253174
31 -8.47154426574707
32 -6.316605567932129
33 -6.437488555908203
34 -6.636646270751953
35 -6.645269393920898
36 -7.771732807159424
37 -7.728974342346191
38 -6.419374465942383
39 -6.2851362228393555
40 -6.62247896194458
41 -6.753859519958496
42 -8.03100299835205
43 -7.1071858406066895
44 -7.009899139404297
45 -6.558540344238281
46 -7.7955546379089355
47 -8.505805969238281
48 -6.737955093383789
49 -6.30803108215332
50 -7.043177604675293
51 -6.560057163238525
52 -6.465099334716797
53 -6.302337169647217
54 -8.966008186340332
55 -9.06408977508545
56 -8.35022258758545
57 -8.66192626953125
58 -6.288614749908447
59 -6.9487223625183105
60 -6.118232727050781
61 -6.4924726486206055
62 -6.292915344238281
63 -6.209468841552734
64 -8.549355506896973
65 -6.560814380645752
66 -6.895841121673584
67 -6.888303756713867
68 -6.187085151672363
69 -6.630906581878662
70 -8.032504081726074
71 -6.609271049499512
72 -6.733943939208984
73 -6.334126949310303
74 -6.8257646560668945
75 -8.643389701843262
76 -6.525169849395752
77 -6.779577255249023
78 -6.8396196365356445
79 -6.633525848388672
80 -8.330828666687012
81 -6.486581802368164
82 -6.239134788513184
83 -6.436514854431152
84 -6.629063606262207
85 -6.870593070983887
86 -6.298020362854004
87 -6.887599945068359
88 -6.496574401855469
89 -6.668659210205078
90 -6.325680732727051
91 -8.542716026306152
92 -8.620013236999512
93 -7.990689277648926
94 -9.06408977508545
95 -7.924955368041992
96 -8.657296180725098
97 -6.366019248962402
98 -6.357868671417236
99 -6.136929512023926
100 -6.92864990234375
101 -6.730053901672363
102 -7.037435054779053
103 -6.271508693695068
104 -8.989534378051758
105 -6.411840438842773
106 -8.982691764831543
107 -8.744915962219238
108 -6.508908271789551
109 -6.413671970367432
110 -6.605586051940918
111 -8.379180908203125
112 -7.446326732635498
113 -6.724518775939941
114 -6.159941673278809
115 -6.509906768798828
116 -6.470458984375
117 -6.622498989105225
118 -6.453630447387695
119 -8.767934799194336
120 -7.209288120269775
121 -9.064090728759766
122 -6.116365432739258
123 -6.2313432693481445
124 -6.618436336517334
125 -6.333342552185059
126 -6.627859115600586
127 -6.895660400390625
128 -6.384857177734375
129 -6.218348979949951
130 -6.72418737411499
131 -6.663946628570557
132 -7.327873229980469
133 -7.148289680480957
134 -7.958421230316162
135 -6.287479877471924
136 -6.573090553283691
137 -6.1284613609313965
138 -7.930450439453125
139 -8.72271728515625
140 -8.221382141113281
141 -6.462950706481934
142 -6.736300945281982
143 -7.834776401519775
144 -6.253133773803711
145 -8.514657974243164
146 -7.845122337341309
147 -8.40644645690918
148 -7.905076503753662
149 -6.46372652053833
150 -6.596002101898193
151 -7.554885387420654
152 -7.591104030609131
153 -7.001680850982666
154 -5.942409992218018
155 -6.6248931884765625
156 -6.730808734893799
157 -7.554884910583496
158 -5.928106307983398
159 -6.49899435043335
160 -6.05920934677124
161 -7.128385543823242
162 -6.200292110443115
163 -6.109902381896973
164 -6.755412578582764
165 -9.064090728759766
166 -6.53583288192749
167 -8.02865982055664
168 -8.63739013671875
169 -6.871133327484131
170 -7.045083522796631
171 -7.237215995788574
172 -6.710685729980469
173 -6.119441032409668
174 -6.365234375
175 -6.6983442306518555
176 -8.12087345123291
177 -5.978946685791016
178 -8.915350914001465
179 -6.6231608390808105
180 -7.042961597442627
181 -8.949728965759277
182 -8.698029518127441
183 -7.488304138183594
184 -6.6688055992126465
185 -8.092439651489258
186 -7.000962734222412
187 -6.427867889404297
188 -9.064090728759766
189 -6.661344528198242
190 -5.83577823638916
191 -9.064090728759766
192 -6.956701755523682
193 -6.604788780212402
194 -5.586277008056641
195 -6.1324005126953125
196 -9.03504467010498
197 -7.311372756958008
198 -8.417304039001465
199 -6.361307621002197
200 -7.946939468383789
201 -7.529853343963623
202 -6.372931480407715
203 -5.885351657867432
204 -9.064090728759766
205 -6.616599082946777
206 -9.064090728759766
207 -6.346478462219238
208 -6.169231414794922
209 -6.612662315368652
210 -6.5628886222839355
211 -6.473782539367676
212 -6.189979553222656
213 -5.995118141174316
214 -6.819669246673584
215 -6.2138519287109375
216 -6.759790420532227
217 -6.86490535736084
218 -6.573110103607178
219 -6.5994415283203125
220 -6.261768341064453
221 -8.72769546508789
222 -8.61375617980957
223 -9.06408977508545
224 -6.387426376342773
225 -7.689313888549805
226 -8.951314926147461
227 -6.932624816894531
228 -9.03200912475586
229 -6.6075520515441895
230 -6.4983811378479
231 -6.29649019241333
232 -7.568171501159668
233 -6.338207244873047
234 -6.807582855224609
235 -7.8107380867004395
236 -8.439338684082031
237 -6.011778831481934
238 -6.367404460906982
239 -6.3247785568237305
240 -8.945547103881836
241 -6.1890716552734375
242 -6.356958389282227
243 -9.064090728759766
244 -8.961063385009766
245 -6.448883533477783
246 -7.228855133056641
247 -6.573150634765625
248 -6.962189674377441
249 -6.454171180725098
250 -6.53628396987915
251 -8.96422290802002
252 -9.019360542297363
253 -8.723827362060547
254 -9.064090728759766
255 -6.24225378036499
256 -6.278201103210449
257 -9.064091682434082
258 -7.15995979309082
259 -7.032192230224609
260 -6.47007942199707
261 -7.959324836730957
262 -6.526463985443115
263 -6.209921836853027
264 -6.357641696929932
265 -6.85807991027832
266 -6.200974464416504
267 -6.17288875579834
268 -6.1159281730651855
269 -8.989080429077148
270 -9.06408977508545
271 -6.975899696350098
272 -6.215634822845459
273 -6.783796787261963
274 -7.418239116668701
275 -6.772244930267334
276 -8.766294479370117
277 -6.535919189453125
278 -6.931005477905273
279 -6.261945724487305
280 -6.331393718719482
281 -7.508940696716309
282 -6.612415790557861
283 -6.6533308029174805
284 -6.437598705291748
285 -5.8651018142700195
286 -8.976287841796875
287 -6.073920249938965
288 -6.264430522918701
289 -6.6237592697143555
290 -6.749324321746826
291 -8.870013236999512
292 -6.355463027954102
293 -6.383646011352539
294 -6.733161926269531
295 -9.024685859680176
296 -8.957366943359375
297 -8.596099853515625
298 -6.748729705810547
299 -6.382396697998047
300 -6.7442216873168945
301 -8.03390884399414
302 -6.332146644592285
303 -9.064090728759766
304 -6.668402671813965
305 -6.301161766052246
306 -6.025657653808594
307 -9.064090728759766
308 -6.520328521728516
309 -7.966133117675781
310 -6.752972602844238
311 -6.483524322509766
312 -6.936882495880127
313 -6.496984958648682
314 -6.435783386230469
315 -6.474062919616699
316 -8.61097240447998
317 -5.786856174468994
318 -9.064091682434082
319 -7.496293544769287
320 -8.710258483886719
321 -5.983111381530762
322 -6.5290117263793945
323 -6.297023773193359
324 -8.237981796264648
325 -6.064639568328857
326 -6.143707275390625
327 -6.041539192199707
328 -7.308581352233887
329 -6.494868755340576
330 -8.433663368225098
331 -7.208558082580566
332 -8.595796585083008
333 -8.55400276184082
334 -6.734070777893066
335 -6.867108345031738
336 -6.3004608154296875
337 -7.642355442047119
338 -7.219674110412598
339 -6.8486247062683105
340 -8.977871894836426
341 -7.364065647125244
342 -7.057677268981934
343 -6.165096759796143
344 -6.931391716003418
345 -6.08535099029541
346 -8.698701858520508
347 -6.54945182800293
348 -6.651020050048828
349 -6.573546886444092
350 -8.056118965148926
351 -6.244155406951904
352 -8.007991790771484
353 -6.981887340545654
354 -7.452589988708496
355 -6.775608539581299
356 -5.757177352905273
357 -6.770777702331543
358 -6.475226402282715
359 -6.295400619506836
360 -6.212227821350098
361 -9.064090728759766
362 -8.500106811523438
363 -6.170052528381348
364 -6.568477630615234
365 -6.5126237869262695
366 -7.311371803283691
367 -7.321689128875732
368 -6.096893310546875
369 -8.5636568069458
370 -6.260130882263184
371 -6.156636714935303
372 -8.727654457092285
373 -6.464136123657227
374 -8.971294403076172
375 -6.5151238441467285
376 -6.331713676452637
377 -5.88836669921875
378 -6.60462760925293
379 -7.8219218254089355
380 -6.733857154846191
381 -8.504800796508789
382 -6.094928741455078
383 -7.7393879890441895
384 -6.304034233093262
385 -6.58146858215332
386 -9.025900840759277
387 -6.875762939453125
388 -8.77146053314209
389 -6.974545478820801
390 -6.6066694259643555
391 -7.629904747009277
392 -6.244991302490234
393 -7.275620460510254
394 -6.335929870605469
395 -6.502863883972168
396 -6.657047271728516
397 -7.896416187286377
398 -6.424006462097168
399 -6.321484088897705
400 -7.237658500671387
401 -6.868224143981934
402 -7.92950963973999
403 -6.433579921722412
404 -7.002991676330566
405 -6.730283737182617
406 -7.343653202056885
407 -6.822530269622803
408 -6.267966270446777
409 -8.65363597869873
410 -9.038570404052734
411 -7.466960906982422
412 -6.617983341217041
413 -8.28900146484375
414 -8.976156234741211
415 -6.160022258758545
416 -8.19608211517334
417 -9.026034355163574
418 -6.258738040924072
419 -6.714399337768555
420 -9.06408977508545
421 -8.725509643554688
422 -6.518381118774414
423 -6.041826248168945
424 -5.922104835510254
425 -6.258289813995361
426 -6.6177215576171875
427 -6.707480430603027
428 -6.618734359741211
429 -6.539302825927734
430 -7.09747838973999
431 -6.856358528137207
432 -6.585192680358887
433 -6.106895446777344
434 -7.244085788726807
435 -6.980693340301514
436 -6.648345947265625
437 -6.239309310913086
438 -8.122678756713867
439 -7.108028411865234
440 -6.631516933441162
441 -6.634654998779297
442 -6.444334030151367
443 -7.308900356292725
444 -6.334190368652344
445 -8.054139137268066
446 -7.956916809082031
447 -6.491790771484375
448 -8.313878059387207
449 -6.344847679138184
450 -7.1131367683410645
451 -6.3254618644714355
452 -7.83013391494751
453 -9.064090728759766
454 -6.977505207061768
455 -6.7061357498168945
456 -6.795100688934326
457 -6.7995100021362305
458 -7.098916053771973
459 -6.764891147613525
460 -6.59005069732666
461 -6.445151329040527
462 -6.6265411376953125
463 -6.61503791809082
464 -8.572564125061035
465 -6.163337230682373
466 -6.459224224090576
467 -6.367720603942871
468 -6.2938032150268555
469 -7.421899318695068
470 -7.123953342437744
471 -8.405343055725098
472 -7.103830337524414
473 -5.998924255371094
474 -5.785261631011963
475 -5.827871322631836
476 -6.972890853881836
477 -7.52980899810791
478 -7.427788257598877
479 -7.7969865798950195
480 -6.686238765716553
481 -5.931922912597656
482 -6.488864898681641
483 -6.6329803466796875
484 -7.758545875549316
485 -8.777364730834961
486 -6.116446495056152
487 -6.468839645385742
488 -6.857013702392578
489 -6.243476867675781
490 -6.557271480560303
491 -6.938333034515381
492 -6.235081672668457
493 -7.663437843322754
494 -6.547661781311035
495 -6.579908847808838
496 -6.231736183166504
497 -6.8515825271606445
498 -6.2587714195251465
499 -8.702484130859375
500 -7.077828407287598
501 -6.2656097412109375
502 -6.241899013519287
503 -6.431077003479004
504 -6.575346946716309
505 -9.06408977508545
506 -6.759482383728027
507 -7.352059364318848
508 -8.596753120422363
509 -8.765642166137695
510 -6.545202255249023
511 -6.796719551086426
512 -6.332063674926758
513 -5.8823041915893555
514 -6.3769402503967285
515 -6.261509895324707
516 -9.064090728759766
517 -8.863889694213867
518 -8.123089790344238
519 -9.018086433410645
520 -6.6965012550354
521 -8.45106029510498
522 -7.052372455596924
523 -6.42188835144043
524 -6.549344539642334
525 -6.4532365798950195
526 -6.474985599517822
527 -6.648275852203369
528 -6.619832515716553
529 -7.941110610961914
530 -7.394643783569336
531 -9.064090728759766
532 -8.930351257324219
533 -6.719422340393066
534 -8.706131935119629
535 -6.602630615234375
536 -6.0364789962768555
537 -7.669399261474609
538 -6.035472393035889
539 -7.117926120758057
540 -8.43920612335205
541 -8.104186058044434
542 -6.561827182769775
543 -7.353908538818359
544 -7.043261528015137
545 -6.641819953918457
546 -6.736735820770264
547 -6.671551704406738
548 -6.830384254455566
549 -7.245941162109375
550 -7.475800514221191
551 -6.720958232879639
552 -6.291069030761719
553 -7.481897354125977
554 -6.229177474975586
555 -8.14200496673584
556 -6.379539489746094
557 -8.478170394897461
558 -6.536563396453857
559 -9.064090728759766
560 -7.797478199005127
561 -6.458761215209961
562 -6.593473434448242
563 -6.49906063079834
564 -6.224379539489746
565 -6.306065559387207
566 -6.3138813972473145
567 -8.154845237731934
568 -6.510595321655273
569 -8.588418006896973
570 -8.97473430633545
571 -6.49841833114624
572 -8.48558235168457
573 -8.083566665649414
574 -6.280573844909668
575 -7.057938575744629
576 -6.012577533721924
577 -6.930842399597168
578 -6.228147506713867
579 -6.737597465515137
580 -7.296070098876953
581 -7.044663429260254
582 -6.344005584716797
583 -6.782296180725098
584 -6.026313304901123
585 -6.349245548248291
586 -5.916220664978027
587 -6.655397415161133
588 -6.58006477355957
589 -6.127861976623535
590 -9.019359588623047
591 -6.054987907409668
592 -7.112941265106201
593 -6.556889533996582
594 -8.494365692138672
595 -6.7618408203125
596 -6.310797691345215
597 -6.853810787200928
598 -8.964056968688965
599 -7.343672752380371
600 -5.955432891845703
601 -7.040661811828613
602 -9.03927993774414
603 -8.625524520874023
604 -6.714723110198975
605 -6.154382705688477
606 -6.6025710105896
607 -6.775927543640137
608 -6.512415885925293
609 -8.691446304321289
610 -6.525658130645752
611 -6.983269214630127
612 -8.506759643554688
613 -6.016733169555664
614 -8.950136184692383
615 -6.575901508331299
616 -6.949925899505615
617 -6.777063369750977
618 -8.432055473327637
619 -7.574901580810547
620 -6.69981575012207
621 -6.325323581695557
622 -8.719880104064941
623 -6.640474319458008
624 -6.818370819091797
625 -6.698307514190674
626 -8.607422828674316
627 -6.700034141540527
628 -6.578341484069824
629 -6.269231796264648
630 -6.85395622253418
631 -7.103829383850098
632 -9.064090728759766
633 -6.837742805480957
634 -6.147730827331543
635 -6.166822910308838
636 -6.433589458465576
637 -6.75434684753418
638 -9.06408977508545
639 -8.945698738098145
640 -6.911471843719482
641 -6.55088996887207
642 -6.0799784660339355
643 -7.519397258758545
644 -6.905957221984863
645 -7.701846122741699
646 -6.662232398986816
647 -7.056696891784668
648 -6.796536445617676
649 -6.469226360321045
650 -9.06019115447998
651 -6.36467170715332
652 -5.96390438079834
653 -7.4184746742248535
654 -9.050064086914062
655 -8.107586860656738
656 -6.903167724609375
657 -5.926003456115723
658 -8.987676620483398
659 -8.970492362976074
660 -6.710943222045898
661 -7.866053581237793
662 -6.742154121398926
663 -8.957723617553711
664 -6.849433898925781
665 -7.005791664123535
666 -9.06408977508545
667 -6.597888946533203
668 -7.220961570739746
669 -7.295304775238037
670 -9.06408977508545
671 -6.459789276123047
672 -7.491306781768799
673 -8.725184440612793
674 -7.441953182220459
675 -7.402426719665527
676 -7.6985907554626465
677 -6.649148941040039
678 -6.713766098022461
679 -6.3101677894592285
680 -8.030328750610352
681 -7.415508270263672
682 -8.95483112335205
683 -8.664570808410645
684 -7.79006290435791
685 -8.262283325195312
686 -6.803539276123047
687 -6.4806694984436035
688 -6.339949131011963
689 -6.303053379058838
690 -7.473695755004883
691 -6.120303153991699
692 -6.398431301116943
693 -6.790630340576172
694 -7.41689920425415
695 -6.671656608581543
696 -6.186634063720703
697 -6.318218231201172
698 -6.285219669342041
699 -9.0003080368042
700 -6.222389221191406
701 -6.885987758636475
702 -6.835316181182861
703 -7.615971088409424
704 -7.350185394287109
705 -6.416078567504883
706 -7.875353813171387
707 -7.973250865936279
708 -8.992942810058594
709 -6.690642356872559
710 -6.130702972412109
711 -7.19294548034668
712 -6.277440071105957
713 -6.583806991577148
714 -6.572124004364014
715 -6.538152694702148
716 -6.960464954376221
717 -6.108360290527344
718 -6.778207778930664
719 -6.76378059387207
720 -7.456442832946777
721 -6.198875427246094
722 -7.614136695861816
723 -6.094301223754883
724 -6.446946620941162
725 -7.352323055267334
726 -6.8336896896362305
727 -8.264670372009277
728 -5.996423721313477
729 -6.498985290527344
730 -6.4362077713012695
731 -6.307582855224609
732 -6.392093658447266
733 -6.724281311035156
734 -6.342255115509033
735 -7.24892520904541
736 -7.066583633422852
737 -7.355748176574707
738 -6.548433303833008
739 -6.199026107788086
740 -6.203815937042236
741 -6.303579330444336
742 -6.377926349639893
743 -6.288539886474609
744 -6.579920291900635
745 -6.775076866149902
746 -8.476384162902832
747 -9.064090728759766
748 -6.439666748046875
749 -8.058477401733398
750 -6.994412422180176
751 -9.064090728759766
752 -8.418335914611816
753 -6.238039493560791
754 -8.630277633666992
755 -6.3077239990234375
756 -6.198864936828613
757 -8.462538719177246
758 -6.908365249633789
759 -6.989485263824463
760 -7.90767765045166
761 -7.132357597351074
762 -6.726430892944336
763 -6.124392509460449
764 -7.055962562561035
765 -9.064090728759766
766 -8.651670455932617
767 -6.570355415344238
768 -6.4185285568237305
769 -7.154208660125732
770 -6.195657730102539
771 -7.103830337524414
772 -6.631385326385498
773 -5.85551643371582
774 -6.354526042938232
775 -6.182168483734131
776 -6.390665531158447
777 -6.441806316375732
778 -6.891796112060547
779 -7.046664237976074
780 -6.691897392272949
781 -6.478642463684082
782 -8.337318420410156
783 -6.912371635437012
784 -8.117219924926758
785 -9.064090728759766
786 -6.957211494445801
787 -6.844719409942627
788 -6.4205217361450195
789 -8.128595352172852
790 -6.228368759155273
791 -6.6571574211120605
792 -6.2369489669799805
793 -6.56708288192749
794 -6.930932521820068
795 -6.173563003540039
796 -7.752676486968994
797 -7.085233211517334
798 -6.271047592163086
799 -6.339636325836182
800 -6.306310176849365
801 -7.2090959548950195
802 -8.677962303161621
803 -6.746908187866211
804 -6.510026454925537
805 -6.5027360916137695
806 -5.918208599090576
807 -6.882277011871338
808 -7.367422580718994
809 -7.568291187286377
810 -7.728112697601318
811 -8.711567878723145
812 -6.241690635681152
813 -7.8652825355529785
814 -7.834001541137695
815 -6.763189792633057
816 -6.507524490356445
817 -6.517184257507324
818 -6.260262966156006
819 -6.2574687004089355
820 -7.311371326446533
821 -6.362393379211426
822 -6.481806755065918
823 -6.255875110626221
824 -6.339949131011963
825 -6.539819717407227
826 -6.795839309692383
827 -9.064090728759766
828 -5.972270488739014
829 -6.075864315032959
830 -6.2687835693359375
831 -6.585722923278809
832 -6.147429466247559
833 -6.336150646209717
834 -6.282687187194824
835 -6.598272323608398
836 -7.311370849609375
837 -7.3074727058410645
838 -7.360766887664795
839 -6.595961093902588
840 -7.182567596435547
841 -8.27277946472168
842 -6.501214504241943
843 -6.444881439208984
844 -6.43135404586792
845 -6.132414817810059
846 -7.543941497802734
847 -6.418115615844727
848 -7.864343643188477
849 -6.873843193054199
850 -8.994707107543945
851 -8.982834815979004
852 -6.495049476623535
853 -6.2425384521484375
854 -8.904195785522461
855 -9.064090728759766
856 -7.25272274017334
857 -6.4668684005737305
858 -7.449194431304932
859 -6.154003143310547
860 -6.287487030029297
861 -8.486248016357422
862 -7.714576244354248
863 -6.608951568603516
864 -8.693540573120117
865 -6.649335861206055
866 -6.925724983215332
867 -7.5784525871276855
868 -6.060637474060059
869 -8.647465705871582
870 -6.465488433837891
871 -9.064090728759766
872 -6.834198951721191
873 -6.124904632568359
874 -6.375932216644287
875 -8.159428596496582
876 -6.3317975997924805
877 -8.643617630004883
878 -8.370946884155273
879 -6.6869282722473145
880 -6.828269958496094
881 -8.794686317443848
882 -6.4471259117126465
883 -6.449785232543945
884 -7.372402667999268
885 -7.798802375793457
886 -8.54013729095459
887 -8.02626895904541
888 -6.8534836769104
889 -8.057341575622559
890 -6.725696086883545
891 -7.054091453552246
892 -6.319285869598389
893 -7.103830337524414
894 -7.3814778327941895
895 -6.651247501373291
896 -9.064090728759766
897 -6.953681945800781
898 -8.655664443969727
899 -6.552549362182617
900 -8.144434928894043
901 -6.660111904144287
902 -6.74554443359375
903 -8.618471145629883
904 -6.663370132446289
905 -6.404191493988037
906 -6.209397315979004
907 -6.6392502784729
908 -7.520452499389648
909 -6.827159881591797
910 -6.471123218536377
911 -7.519397258758545
912 -6.393477439880371
913 -6.569576740264893
914 -6.792459487915039
915 -9.064090728759766
916 -6.731654167175293
917 -8.109488487243652
918 -6.982395172119141
919 -6.444807052612305
920 -8.615427017211914
921 -7.19294548034668
922 -6.879316329956055
923 -8.918920516967773
924 -6.714228630065918
925 -6.387264251708984
926 -6.696637153625488
927 -6.360997200012207
928 -6.955700397491455
929 -6.237112045288086
930 -5.985350608825684
931 -6.164856433868408
932 -6.276274681091309
933 -6.455661296844482
934 -6.1744914054870605
935 -6.237422466278076
936 -6.466153144836426
937 -7.516284465789795
938 -7.955097198486328
939 -6.529903888702393
940 -6.104244232177734
941 -6.760524749755859
942 -6.281513690948486
943 -6.429797172546387
944 -6.359844207763672
945 -6.939069747924805
946 -8.674692153930664
947 -6.840116500854492
948 -7.49188756942749
949 -6.180003643035889
950 -6.505700588226318
951 -6.747098922729492
952 -6.81755256652832
953 -6.863680362701416
954 -6.030270099639893
955 -8.04712200164795
956 -6.223884582519531
957 -9.06408977508545
958 -6.460369110107422
959 -6.658198356628418
960 -9.064090728759766
961 -6.381611347198486
962 -6.484915733337402
963 -6.367985725402832
964 -9.06408977508545
965 -6.624655723571777
966 -6.786214828491211
967 -6.982432842254639
968 -6.009316444396973
969 -6.546384811401367
970 -8.770833969116211
971 -8.130169868469238
972 -6.413972854614258
973 -8.688312530517578
974 -6.390708923339844
975 -6.4686102867126465
976 -6.944254398345947
977 -6.975136756896973
978 -7.07644510269165
979 -6.665458679199219
980 -6.481204032897949
981 -6.68407678604126
982 -7.163050651550293
983 -7.369052886962891
984 -6.763848304748535
985 -6.145464897155762
986 -6.236509323120117
987 -8.003233909606934
988 -8.275453567504883
989 -8.500465393066406
990 -6.751839637756348
991 -6.671656608581543
992 -8.989459991455078
993 -8.465353012084961
994 -6.067072868347168
995 -7.074021339416504
996 -6.682576656341553
997 -6.525116443634033
998 -6.325165271759033
999 -6.75954008102417
