0 -5.455355644226074
1 -5.30035400390625
2 -5.292254447937012
3 -5.215795516967773
4 -5.0174407958984375
5 -8.73835277557373
6 -6.6595330238342285
7 -7.17529296875
8 -6.719970703125
9 -7.016636848449707
10 -6.372969627380371
11 -6.445414066314697
12 -6.959438323974609
13 -6.1710004806518555
14 -6.297347068786621
15 -6.030722141265869
16 -6.816564083099365
17 -6.479440212249756
18 -6.506865978240967
19 -7.500405788421631
20 -6.359828472137451
21 -6.081460952758789
22 -9.049659729003906
23 -6.5827765464782715
24 -7.095129489898682
25 -9.024965286254883
26 -7.170319557189941
27 -6.112229347229004
28 -6.378540992736816
29 -6.443064212799072
30 -7.381062030792236
31 -7.325076580047607
32 -8.90813159942627
33 -6.657149314880371
34 -6.569319248199463
35 -8.612037658691406
36 -6.603067398071289
37 -8.537504196166992
38 -9.064090728759766
39 -6.049411773681641
40 -7.315783977508545
41 -7.0192365646362305
42 -6.459526062011719
43 -6.2315592765808105
44 -8.608465194702148
45 -6.734156131744385
46 -7.407717704772949
47 -9.064090728759766
48 -6.793535232543945
49 -6.310808181762695
50 -5.963807106018066
51 -7.014636993408203
52 -9.0313138961792
53 -7.000967979431152
54 -7.087408065795898
55 -6.262076377868652
56 -9.064090728759766
57 -8.571866989135742
58 -6.298058032989502
59 -7.861496448516846
60 -6.802219390869141
61 -6.9570088386535645
62 -7.1453447341918945
63 -8.68886661529541
64 -6.4005022048950195
65 -6.896502494812012
66 -6.448598384857178
67 -9.022276878356934
68 -6.292600631713867
69 -6.193521499633789
70 -8.993294715881348
71 -6.022626876831055
72 -6.595449447631836
73 -6.041172981262207
74 -6.656405448913574
75 -6.719272613525391
76 -8.39539909362793
77 -7.465980052947998
78 -9.043420791625977
79 -6.95408821105957
80 -6.321131706237793
81 -6.167937755584717
82 -9.064090728759766
83 -6.787225723266602
84 -8.38180160522461
85 -6.177154064178467
86 -6.33554220199585
87 -6.333572864532471
88 -6.462177276611328
89 -8.52719497680664
90 -8.768104553222656
91 -7.634191036224365
92 -6.646061420440674
93 -6.867547512054443
94 -8.146232604980469
95 -6.92793083190918
96 -6.294727802276611
97 -8.97983455657959
98 -6.509941577911377
99 -8.576742172241211
100 -7.448146343231201
101 -8.536675453186035
102 -6.431862831115723
103 -5.9471025466918945
104 -8.726744651794434
105 -6.484373092651367
106 -6.860000133514404
107 -6.756573677062988
108 -6.706782341003418
109 -6.605106353759766
110 -6.619342803955078
111 -6.192992210388184
112 -6.037059783935547
113 -6.42422342300415
114 -7.082193374633789
115 -7.750343322753906
116 -6.626100063323975
117 -9.06408977508545
118 -6.373716354370117
119 -8.465245246887207
120 -7.175633907318115
121 -8.729231834411621
122 -8.504793167114258
123 -6.065595626831055
124 -9.00747013092041
125 -5.916426181793213
126 -6.3835835456848145
127 -6.668944835662842
128 -6.616033554077148
129 -7.412046909332275
130 -6.936351776123047
131 -6.495845794677734
132 -8.022309303283691
133 -6.161007404327393
134 -7.497852802276611
135 -7.495095729827881
136 -7.145346164703369
137 -6.340666770935059
138 -7.697500705718994
139 -6.391229629516602
140 -9.064090728759766
141 -8.00866413116455
142 -9.064090728759766
143 -6.558648109436035
144 -7.418657302856445
145 -9.064090728759766
146 -7.15450382232666
147 -6.470978736877441
148 -8.816675186157227
149 -6.526164531707764
150 -5.953669548034668
151 -8.133655548095703
152 -6.054044723510742
153 -6.262934684753418
154 -7.193477153778076
155 -7.569575786590576
156 -9.06408977508545
157 -6.293746471405029
158 -6.287020683288574
159 -7.373844146728516
160 -6.481897830963135
161 -6.993576526641846
162 -9.064090728759766
163 -6.581937789916992
164 -6.911113739013672
165 -6.734585285186768
166 -7.5193963050842285
167 -6.52388858795166
168 -6.5735249519348145
169 -8.039011001586914
170 -6.605352878570557
171 -7.007998943328857
172 -6.956610679626465
173 -7.680312156677246
174 -7.311371803283691
175 -6.6928606033325195
176 -6.601005554199219
177 -9.064091682434082
178 -6.850032806396484
179 -6.189142227172852
180 -6.266026496887207
181 -6.891321182250977
182 -7.311371803283691
183 -9.06408977508545
184 -9.00179672241211
185 -7.174289226531982
186 -8.114107131958008
187 -7.727693557739258
188 -8.556747436523438
189 -6.600025653839111
190 -6.219626426696777
191 -6.808586120605469
192 -6.929409980773926
193 -9.064090728759766
194 -6.417788028717041
195 -6.86203145980835
196 -7.678927421569824
197 -6.3771162033081055
198 -8.789034843444824
199 -7.186391353607178
200 -6.172395706176758
201 -6.32684850692749
202 -6.66133975982666
203 -8.628914833068848
204 -6.999801158905029
205 -6.156636714935303
206 -6.7574005126953125
207 -6.358301162719727
208 -6.504548072814941
209 -7.060894012451172
210 -7.0546183586120605
211 -6.60590934753418
212 -7.465306282043457
213 -8.350797653198242
214 -6.123356819152832
215 -9.06408977508545
216 -6.137304306030273
217 -6.281476974487305
218 -6.4379706382751465
219 -6.267154693603516
220 -6.760137557983398
221 -6.224765777587891
222 -6.591089248657227
223 -7.1681809425354
224 -8.768080711364746
225 -8.026655197143555
226 -6.023443222045898
227 -6.217863082885742
228 -6.661995887756348
229 -6.816400527954102
230 -9.06408977508545
231 -7.176930904388428
232 -6.653830051422119
233 -6.697084426879883
234 -6.293366432189941
235 -6.8036675453186035
236 -8.494922637939453
237 -7.237651824951172
238 -6.436047554016113
239 -6.452773571014404
240 -7.207796573638916
241 -8.222718238830566
242 -6.435758590698242
243 -6.116735458374023
244 -9.06408977508545
245 -6.815876007080078
246 -6.45889139175415
247 -6.910696029663086
248 -6.772554397583008
249 -6.537722587585449
250 -9.031393051147461
251 -7.394946575164795
252 -6.227413177490234
253 -6.386247158050537
254 -6.118964195251465
255 -7.890474319458008
256 -6.797714710235596
257 -8.447473526000977
258 -7.304309844970703
259 -6.525829792022705
260 -6.431331634521484
261 -6.570877552032471
262 -6.4068403244018555
263 -7.311371326446533
264 -6.332794666290283
265 -8.751184463500977
266 -6.438722610473633
267 -6.725025653839111
268 -8.931914329528809
269 -9.06408977508545
270 -6.4745683670043945
271 -6.692702293395996
272 -7.064661979675293
273 -7.838596343994141
274 -6.359005451202393
275 -6.518036842346191
276 -6.651968479156494
277 -8.650697708129883
278 -5.624754905700684
279 -5.96750545501709
280 -6.878530502319336
281 -6.859620094299316
282 -6.4179253578186035
283 -7.519397735595703
284 -8.46954345703125
285 -6.1566362380981445
286 -6.312407493591309
287 -7.519397735595703
288 -6.576632499694824
289 -6.5333638191223145
290 -5.807801246643066
291 -8.984474182128906
292 -6.798282146453857
293 -8.979968070983887
294 -6.369790554046631
295 -6.745683193206787
296 -6.124576568603516
297 -6.124328136444092
298 -6.349773406982422
299 -6.07999849319458
300 -6.133431434631348
301 -8.353018760681152
302 -8.531354904174805
303 -6.550550937652588
304 -9.064090728759766
305 -6.296135902404785
306 -6.231316089630127
307 -8.189459800720215
308 -7.5038228034973145
309 -8.87890911102295
310 -6.6670989990234375
311 -6.5895233154296875
312 -7.260088920593262
313 -8.42056941986084
314 -7.4015607833862305
315 -6.729985237121582
316 -6.6419291496276855
317 -6.212338447570801
318 -8.419983863830566
319 -7.145344257354736
320 -6.298451900482178
321 -7.056628704071045
322 -9.003767013549805
323 -7.198668479919434
324 -7.830403804779053
325 -6.833927631378174
326 -9.06408977508545
327 -6.115063667297363
328 -7.493762969970703
329 -6.42937707901001
330 -6.738732814788818
331 -6.38716983795166
332 -7.0052900314331055
333 -6.235441207885742
334 -8.946226119995117
335 -6.180325031280518
336 -7.07978630065918
337 -7.601197242736816
338 -8.580288887023926
339 -6.681755065917969
340 -6.270320892333984
341 -8.953168869018555
342 -6.951204776763916
343 -9.064090728759766
344 -7.310977458953857
345 -6.351961612701416
346 -6.317296028137207
347 -6.033177375793457
348 -7.198783874511719
349 -7.679267406463623
350 -6.529172897338867
351 -6.709142208099365
352 -6.375455379486084
353 -6.66465425491333
354 -6.890633583068848
355 -6.136743545532227
356 -6.493758201599121
357 -8.703974723815918
358 -6.233880996704102
359 -6.161572456359863
360 -6.017364501953125
361 -8.542925834655762
362 -7.324202537536621
363 -7.929600715637207
364 -8.560937881469727
365 -6.2033796310424805
366 -6.367260932922363
367 -6.4845757484436035
368 -7.313631057739258
369 -6.214862823486328
370 -6.18808650970459
371 -6.075928211212158
372 -8.970281600952148
373 -7.150996208190918
374 -7.8663811683654785
375 -7.04244327545166
376 -6.505242347717285
377 -6.086365699768066
378 -6.744848251342773
379 -6.5327653884887695
380 -6.588334560394287
381 -7.795479774475098
382 -9.017828941345215
383 -8.094667434692383
384 -6.419682025909424
385 -9.064090728759766
386 -6.353928565979004
387 -6.269193172454834
388 -6.914099216461182
389 -7.057462215423584
390 -8.85483169555664
391 -6.019772529602051
392 -8.819572448730469
393 -6.698627471923828
394 -6.110708713531494
395 -6.656432628631592
396 -8.333690643310547
397 -7.8397064208984375
398 -7.104150772094727
399 -9.06408977508545
400 -6.625380039215088
401 -9.064090728759766
402 -7.4254608154296875
403 -6.21065616607666
404 -6.981940269470215
405 -8.436299324035645
406 -6.312133312225342
407 -6.626974105834961
408 -6.768932342529297
409 -6.402002811431885
410 -6.675418853759766
411 -7.1822404861450195
412 -6.109731674194336
413 -6.751051425933838
414 -6.674378871917725
415 -6.221682071685791
416 -6.444578170776367
417 -8.751700401306152
418 -6.999578475952148
419 -9.027910232543945
420 -6.706494331359863
421 -6.372979164123535
422 -6.327332973480225
423 -8.97045612335205
424 -6.165060997009277
425 -7.507598876953125
426 -8.393244743347168
427 -6.044715881347656
428 -9.054770469665527
429 -6.08607816696167
430 -6.9875898361206055
431 -8.54905891418457
432 -7.79227876663208
433 -7.558010101318359
434 -6.392425537109375
435 -6.463522434234619
436 -6.851034164428711
437 -6.0068359375
438 -7.458667755126953
439 -6.478028297424316
440 -6.514883518218994
441 -6.3894243240356445
442 -6.231391906738281
443 -7.36521577835083
444 -6.941702842712402
445 -8.948919296264648
446 -7.170280456542969
447 -6.136347770690918
448 -6.977419853210449
449 -6.214241981506348
450 -6.160738945007324
451 -6.156636714935303
452 -6.509409427642822
453 -7.098284721374512
454 -7.47423791885376
455 -7.303099632263184
456 -6.813685417175293
457 -6.578971862792969
458 -6.361336708068848
459 -6.5443878173828125
460 -6.333456039428711
461 -6.818304538726807
462 -6.31535530090332
463 -6.161127090454102
464 -7.014925956726074
465 -6.567150592803955
466 -8.649270057678223
467 -6.327468395233154
468 -6.4673380851745605
469 -8.191384315490723
470 -7.396645545959473
471 -7.432716369628906
472 -6.593660831451416
473 -7.6211137771606445
474 -6.637842178344727
475 -7.237330436706543
476 -7.120112895965576
477 -6.375093460083008
478 -6.5572991371154785
479 -8.771627426147461
480 -9.064090728759766
481 -6.423439025878906
482 -7.046304225921631
483 -6.231427192687988
484 -6.469909191131592
485 -6.961507320404053
486 -6.474532127380371
487 -6.199199676513672
488 -6.935791492462158
489 -6.018465042114258
490 -6.5199995040893555
491 -6.559870719909668
492 -6.741016387939453
493 -6.45560884475708
494 -5.982057094573975
495 -8.418766021728516
496 -8.40185832977295
497 -6.263863563537598
498 -6.86474609375
499 -7.431929588317871
500 -6.862401008605957
501 -6.353659629821777
502 -6.124523162841797
503 -6.315585136413574
504 -7.015246391296387
505 -9.064090728759766
506 -6.69379997253418
507 -6.44536828994751
508 -8.773018836975098
509 -7.224323749542236
510 -6.5117597579956055
511 -6.56878662109375
512 -7.051535606384277
513 -6.818970203399658
514 -8.506147384643555
515 -6.794264793395996
516 -5.935818672180176
517 -6.235451698303223
518 -7.217599391937256
519 -6.147337913513184
520 -7.645411968231201
521 -6.539383888244629
522 -7.333836555480957
523 -7.519397258758545
524 -6.819782257080078
525 -6.624389171600342
526 -7.696644306182861
527 -6.209674835205078
528 -6.829249858856201
529 -6.854131698608398
530 -6.364500522613525
531 -6.879697799682617
532 -6.442038536071777
533 -6.770916938781738
534 -6.206560134887695
535 -6.231259346008301
536 -6.916184902191162
537 -7.0496931076049805
538 -7.481367588043213
539 -6.148228645324707
540 -6.34321403503418
541 -6.7353196144104
542 -6.338016986846924
543 -7.529191970825195
544 -7.717400550842285
545 -7.9249420166015625
546 -7.617176532745361
547 -7.890434741973877
548 -6.3002238273620605
549 -8.740493774414062
550 -6.367427825927734
551 -6.1566362380981445
552 -6.524853229522705
553 -6.674840927124023
554 -5.945849895477295
555 -6.612346649169922
556 -6.1199421882629395
557 -6.395870685577393
558 -9.064090728759766
559 -8.95590877532959
560 -6.847998142242432
561 -6.333976745605469
562 -6.837821960449219
563 -6.4092230796813965
564 -7.542008876800537
565 -6.991929054260254
566 -6.938143730163574
567 -6.988887310028076
568 -7.479419231414795
569 -6.738722801208496
570 -7.962621688842773
571 -6.670033931732178
572 -6.591465473175049
573 -6.603630542755127
574 -6.268937587738037
575 -6.882171630859375
576 -6.125983238220215
577 -7.01024055480957
578 -6.958117485046387
579 -7.635553359985352
580 -6.732989311218262
581 -8.058634757995605
582 -7.133236885070801
583 -6.534608840942383
584 -7.519397735595703
585 -6.8997344970703125
586 -6.764589309692383
587 -7.5599284172058105
588 -6.157233238220215
589 -6.3478922843933105
590 -7.9707932472229
591 -6.303254127502441
592 -6.368021011352539
593 -6.420595169067383
594 -6.469728469848633
595 -6.722867488861084
596 -7.336325168609619
597 -7.448324680328369
598 -7.477958679199219
599 -7.289435386657715
600 -6.3665876388549805
601 -9.064090728759766
602 -5.672209739685059
603 -6.711907386779785
604 -6.925554275512695
605 -7.7756452560424805
606 -6.2933197021484375
607 -7.3127665519714355
608 -6.898981094360352
609 -6.306341648101807
610 -8.342369079589844
611 -8.13968563079834
612 -6.461487293243408
613 -9.046866416931152
614 -8.303909301757812
615 -7.183511257171631
616 -8.728982925415039
617 -6.754734992980957
618 -6.685727119445801
619 -7.193158149719238
620 -7.784236907958984
621 -6.711038112640381
622 -6.289822578430176
623 -6.188182353973389
624 -6.131758689880371
625 -6.2415571212768555
626 -6.245240688323975
627 -7.379111289978027
628 -6.168182849884033
629 -7.929511070251465
630 -6.290959358215332
631 -8.30240535736084
632 -6.7503275871276855
633 -6.720371246337891
634 -6.501749038696289
635 -7.4598307609558105
636 -8.6580171585083
637 -9.064090728759766
638 -6.979851722717285
639 -6.05687141418457
640 -6.032146453857422
641 -6.0473432540893555
642 -7.082961082458496
643 -5.8818840980529785
644 -6.814578056335449
645 -8.991442680358887
646 -6.2711181640625
647 -6.436976909637451
648 -6.922149658203125
649 -6.867483139038086
650 -7.4552998542785645
651 -6.31278133392334
652 -7.983193397521973
653 -8.530118942260742
654 -7.133956432342529
655 -6.211459159851074
656 -6.493196964263916
657 -6.392855644226074
658 -6.497467994689941
659 -5.997197151184082
660 -8.514751434326172
661 -8.350258827209473
662 -7.663322448730469
663 -6.466743469238281
664 -8.495620727539062
665 -9.064090728759766
666 -8.065422058105469
667 -6.420097351074219
668 -6.672652721405029
669 -6.295192718505859
670 -8.445708274841309
671 -8.163739204406738
672 -8.926429748535156
673 -9.06408977508545
674 -7.06239128112793
675 -8.786014556884766
676 -6.520120620727539
677 -6.212673664093018
678 -8.993244171142578
679 -6.028085708618164
680 -8.59422779083252
681 -6.459012031555176
682 -6.9045209884643555
683 -8.725749969482422
684 -7.082108497619629
685 -8.495478630065918
686 -6.442324638366699
687 -6.549032211303711
688 -6.52763557434082
689 -6.326751708984375
690 -9.064090728759766
691 -6.739545822143555
692 -6.812598705291748
693 -6.176652908325195
694 -7.173168659210205
695 -7.3880133628845215
696 -8.165573120117188
697 -6.790098667144775
698 -6.163801670074463
699 -6.700738430023193
700 -8.063627243041992
701 -6.399285793304443
702 -5.940820693969727
703 -6.697574138641357
704 -9.01864242553711
705 -5.921037673950195
706 -8.660178184509277
707 -9.064091682434082
708 -6.578377723693848
709 -6.586350440979004
710 -6.501269340515137
711 -7.117732524871826
712 -7.533875465393066
713 -6.825579643249512
714 -7.9313764572143555
715 -6.3454508781433105
716 -9.064090728759766
717 -9.048880577087402
718 -6.814682483673096
719 -8.02489948272705
720 -6.904513359069824
721 -7.129751682281494
722 -6.165816307067871
723 -8.858803749084473
724 -9.06408977508545
725 -5.994112014770508
726 -7.1173787117004395
727 -6.298367023468018
728 -6.340204238891602
729 -7.348579406738281
730 -6.41383695602417
731 -6.623687267303467
732 -7.164941787719727
733 -6.438405990600586
734 -6.683797359466553
735 -7.803637504577637
736 -7.635863780975342
737 -6.854342937469482
738 -8.546229362487793
739 -6.628942966461182
740 -8.306138038635254
741 -6.636014938354492
742 -6.986222267150879
743 -8.817815780639648
744 -7.065630912780762
745 -7.488616943359375
746 -6.031887054443359
747 -6.322943210601807
748 -8.867294311523438
749 -6.070090293884277
750 -6.330471992492676
751 -6.639547348022461
752 -6.492774486541748
753 -8.540538787841797
754 -6.015190124511719
755 -8.936877250671387
756 -6.91863489151001
757 -6.336917400360107
758 -7.524907112121582
759 -6.048401355743408
760 -6.803913116455078
761 -6.0632500648498535
762 -6.882383346557617
763 -7.027683734893799
764 -8.032174110412598
765 -6.245248317718506
766 -6.760045051574707
767 -6.120334148406982
768 -6.371204376220703
769 -6.470162868499756
770 -6.452110767364502
771 -7.335114479064941
772 -6.286711692810059
773 -8.868195533752441
774 -8.581894874572754
775 -6.14311408996582
776 -9.064090728759766
777 -6.437229156494141
778 -7.052495956420898
779 -6.257246017456055
780 -6.926573753356934
781 -6.13565731048584
782 -6.659975051879883
783 -7.00094747543335
784 -7.200951099395752
785 -7.360634803771973
786 -7.524313926696777
787 -6.678708553314209
788 -6.426700115203857
789 -6.471626281738281
790 -6.384334564208984
791 -9.06408977508545
792 -6.9453020095825195
793 -6.753503799438477
794 -9.06408977508545
795 -6.772847652435303
796 -6.79614782333374
797 -6.366917133331299
798 -6.156637191772461
799 -6.934587001800537
800 -7.315157890319824
801 -6.852099418640137
802 -7.173168182373047
803 -6.763247966766357
804 -6.529705047607422
805 -7.723945617675781
806 -6.849780082702637
807 -6.286113739013672
808 -6.092987537384033
809 -6.2799072265625
810 -7.001982688903809
811 -9.064090728759766
812 -6.508960723876953
813 -7.391078472137451
814 -6.482479095458984
815 -5.958245277404785
816 -8.12978458404541
817 -6.521413326263428
818 -6.455894470214844
819 -6.2590861320495605
820 -9.064090728759766
821 -7.526606559753418
822 -6.370355129241943
823 -6.933779716491699
824 -6.636435508728027
825 -7.350264549255371
826 -5.8606672286987305
827 -7.68454122543335
828 -6.772364616394043
829 -7.517189025878906
830 -6.010388374328613
831 -7.554886341094971
832 -6.270986557006836
833 -6.3339948654174805
834 -6.698658466339111
835 -6.038019180297852
836 -6.476276397705078
837 -6.854665756225586
838 -7.534341335296631
839 -6.530683517456055
840 -6.691584587097168
841 -9.064090728759766
842 -8.697450637817383
843 -8.773663520812988
844 -8.685282707214355
845 -6.260120868682861
846 -7.675835132598877
847 -8.421457290649414
848 -7.767207145690918
849 -6.212233543395996
850 -6.802720069885254
851 -7.7658843994140625
852 -6.7948503494262695
853 -7.597292423248291
854 -8.638104438781738
855 -6.2322001457214355
856 -6.978023052215576
857 -6.43220853805542
858 -6.904416084289551
859 -6.9307637214660645
860 -6.861944198608398
861 -6.462569236755371
862 -6.468227386474609
863 -6.5575127601623535
864 -8.136974334716797
865 -6.283459186553955
866 -6.7772650718688965
867 -6.111431121826172
868 -8.41831111907959
869 -7.078336715698242
870 -6.66318941116333
871 -6.938464641571045
872 -6.613185882568359
873 -6.323824882507324
874 -9.06408977508545
875 -6.77490234375
876 -7.834199905395508
877 -6.937709808349609
878 -6.7260541915893555
879 -6.049453258514404
880 -6.4173760414123535
881 -6.536299228668213
882 -9.062210083007812
883 -6.160337924957275
884 -6.623694896697998
885 -7.173955917358398
886 -6.926225185394287
887 -6.491584300994873
888 -9.06408977508545
889 -7.793873310089111
890 -7.4892401695251465
891 -6.880433082580566
892 -6.9057698249816895
893 -6.289304733276367
894 -5.672934055328369
895 -6.401763916015625
896 -6.270606994628906
897 -7.346147060394287
898 -6.206101417541504
899 -7.1571125984191895
900 -6.398009300231934
901 -6.848021507263184
902 -6.22803258895874
903 -7.939250469207764
904 -8.961257934570312
905 -6.723398208618164
906 -6.757930755615234
907 -6.473814487457275
908 -9.06408977508545
909 -7.212698459625244
910 -8.710213661193848
911 -8.756645202636719
912 -8.343899726867676
913 -8.745266914367676
914 -7.160606384277344
915 -8.355815887451172
916 -6.386282920837402
917 -6.473074913024902
918 -8.791940689086914
919 -6.065361022949219
920 -6.798000335693359
921 -7.084053993225098
922 -7.412074565887451
923 -6.612509727478027
924 -9.034883499145508
925 -6.062997817993164
926 -7.584242820739746
927 -5.97504997253418
928 -7.568660736083984
929 -6.346923828125
930 -6.053323745727539
931 -6.362942695617676
932 -8.81993579864502
933 -6.903567790985107
934 -7.134780406951904
935 -6.216358184814453
936 -8.99517822265625
937 -5.870530605316162
938 -6.389246463775635
939 -7.065176010131836
940 -6.384653091430664
941 -7.209115028381348
942 -7.006205081939697
943 -6.971999168395996
944 -6.984283447265625
945 -6.851280689239502
946 -6.1516265869140625
947 -6.509232044219971
948 -8.846610069274902
949 -6.548727989196777
950 -6.446583271026611
951 -6.529603481292725
952 -9.064090728759766
953 -7.475291728973389
954 -8.579065322875977
955 -7.05937385559082
956 -6.508847236633301
957 -6.417264938354492
958 -6.758391380310059
959 -6.9658331871032715
960 -7.265998363494873
961 -7.04394006729126
962 -9.064090728759766
963 -6.143492698669434
964 -6.353542327880859
965 -6.295575141906738
966 -6.421418190002441
967 -6.53317403793335
968 -6.525472164154053
969 -6.23445987701416
970 -8.920101165771484
971 -6.212874889373779
972 -8.468291282653809
973 -8.85792064666748
974 -6.6443190574646
975 -6.288411617279053
976 -7.199751853942871
977 -6.806088447570801
978 -6.456104755401611
979 -6.664638996124268
980 -6.464753150939941
981 -6.407543182373047
982 -7.765125274658203
983 -6.770502090454102
984 -6.58498477935791
985 -6.306288242340088
986 -6.458516597747803
987 -8.511886596679688
988 -6.5684814453125
989 -5.95819091796875
990 -7.046961784362793
991 -7.620744705200195
992 -6.423172950744629
993 -8.987737655639648
994 -6.809342384338379
995 -6.405301570892334
996 -8.787504196166992
997 -7.384204864501953
998 -6.673835754394531
999 -7.553436279296875
