0 -8.113292694091797
1 -9.064048767089844
2 -8.060060501098633
3 -7.625743865966797
4 -8.113290786743164
5 -7.737279891967773
6 -7.739080905914307
7 -7.915338516235352
8 -9.064077377319336
9 -7.779969215393066
10 -7.579059600830078
11 -7.902374744415283
12 -7.7341227531433105
13 -9.064083099365234
14 -8.060040473937988
15 -8.06005573272705
16 -7.584807395935059
17 -7.7987284660339355
18 -9.06408405303955
19 -9.064071655273438
20 -9.064053535461426
21 -9.064070701599121
22 -7.711956977844238
23 -9.064059257507324
24 -9.064081192016602
25 -7.619534969329834
26 -8.007930755615234
27 -7.619537353515625
28 -9.064047813415527
29 -9.064065933227539
30 -9.064090728759766
31 -9.064057350158691
32 -7.573454856872559
33 -9.064078330993652
34 -7.837854862213135
35 -9.06406307220459
36 -9.064066886901855
37 -9.06407356262207
38 -7.984359264373779
39 -9.064064025878906
40 -9.064085960388184
41 -8.059626579284668
42 -7.569009780883789
43 -9.064077377319336
44 -9.064070701599121
45 -7.725409507751465
46 -9.064078330993652
47 -7.60235071182251
48 -9.064083099365234
49 -9.064079284667969
50 -7.535698413848877
51 -9.064069747924805
52 -9.064080238342285
53 -9.064069747924805
54 -9.06405258178711
55 -7.915654182434082
56 -9.06405258178711
57 -9.06407356262207
58 -7.67066764831543
59 -9.064079284667969
60 -9.064068794250488
61 -9.064053535461426
62 -7.902341365814209
63 -9.064085006713867
64 -7.402123928070068
65 -9.064082145690918
66 -9.064068794250488
67 -7.732611656188965
68 -7.9054107666015625
69 -7.7381792068481445
70 -9.06407356262207
71 -9.064059257507324
72 -9.064067840576172
73 -8.11329460144043
74 -7.646317481994629
75 -7.602291584014893
76 -9.064079284667969
77 -8.113297462463379
78 -9.064081192016602
79 -9.064061164855957
80 -9.064085960388184
81 -7.779999732971191
82 -7.499042510986328
83 -9.064079284667969
84 -9.064064025878906
85 -7.905423641204834
86 -9.064067840576172
87 -9.064074516296387
88 -7.441155433654785
89 -7.899110794067383
90 -7.566947937011719
91 -9.064085006713867
92 -7.375297546386719
93 -7.350663661956787
94 -9.0640869140625
95 -8.113297462463379
96 -7.905404567718506
97 -8.258440971374512
98 -7.905326843261719
99 -9.0640869140625
100 -9.064041137695312
101 -8.007804870605469
102 -9.06408405303955
103 -9.064081192016602
104 -7.83789587020874
105 -9.064083099365234
106 -9.064074516296387
107 -9.064079284667969
108 -9.064085960388184
109 -9.06408405303955
110 -9.06408977508545
111 -7.986164569854736
112 -9.064081192016602
113 -9.064090728759766
114 -9.064081192016602
115 -7.463403701782227
116 -9.064074516296387
117 -7.90300989151001
118 -8.059643745422363
119 -9.064075469970703
120 -9.064058303833008
121 -9.06405258178711
122 -9.064083099365234
123 -8.975591659545898
124 -9.064064979553223
125 -9.06406021118164
126 -7.794572830200195
127 -7.580448150634766
128 -9.064064025878906
129 -7.2101922035217285
130 -9.064090728759766
131 -7.739109039306641
132 -9.064041137695312
133 -7.738187313079834
134 -7.727624893188477
135 -7.645076274871826
136 -7.799920082092285
137 -9.064090728759766
138 -9.064059257507324
139 -8.058765411376953
140 -7.3336029052734375
141 -9.064080238342285
142 -9.06407642364502
143 -9.064069747924805
144 -9.064067840576172
145 -9.064080238342285
146 -9.064082145690918
147 -7.802626609802246
148 -7.7327561378479
149 -8.060052871704102
150 -9.064074516296387
151 -9.064081192016602
152 -9.064047813415527
153 -9.064085960388184
154 -9.064083099365234
155 -9.064051628112793
156 -9.064090728759766
157 -9.064068794250488
158 -9.064083099365234
159 -8.113106727600098
160 -9.06408405303955
161 -9.064079284667969
162 -7.864783763885498
163 -7.864809989929199
164 -7.38374662399292
165 -9.064085006713867
166 -7.902994155883789
167 -9.064064979553223
168 -9.064072608947754
169 -9.06408977508545
170 -9.06408977508545
171 -9.064085006713867
172 -7.523743629455566
173 -9.064077377319336
174 -9.064080238342285
175 -9.064037322998047
176 -7.645203113555908
177 -7.901863098144531
178 -9.064090728759766
179 -9.064051628112793
180 -7.99632453918457
181 -9.034096717834473
182 -9.064075469970703
183 -9.06407642364502
184 -9.06406307220459
185 -9.064059257507324
186 -9.064081192016602
187 -9.064058303833008
188 -9.064065933227539
189 -9.064077377319336
190 -9.064075469970703
191 -9.06408405303955
192 -9.064083099365234
193 -9.064069747924805
194 -9.064082145690918
195 -9.064068794250488
196 -9.064087867736816
197 -7.899085998535156
198 -7.710687637329102
199 -7.5867109298706055
200 -9.06407356262207
201 -9.064090728759766
202 -7.904633045196533
203 -7.711944580078125
204 -9.064075469970703
205 -7.90240478515625
206 -9.064065933227539
207 -9.06408405303955
208 -9.064068794250488
209 -7.89906644821167
210 -7.9045562744140625
211 -9.064085960388184
212 -9.064051628112793
213 -9.064080238342285
214 -7.27454948425293
215 -7.310060024261475
216 -9.064056396484375
217 -7.868685245513916
218 -9.064081192016602
219 -9.064067840576172
220 -7.86479377746582
221 -9.064072608947754
222 -9.064079284667969
223 -9.064080238342285
224 -9.064080238342285
225 -9.064090728759766
226 -8.008023262023926
227 -9.064081192016602
228 -7.71457052230835
229 -9.06408977508545
230 -7.494165420532227
231 -9.064061164855957
232 -7.7828192710876465
233 -9.06407642364502
234 -9.064055442810059
235 -9.06408405303955
236 -7.9045305252075195
237 -7.710691452026367
238 -7.520547389984131
239 -9.0640869140625
240 -9.064085006713867
241 -9.064079284667969
242 -9.064074516296387
243 -9.06407356262207
244 -7.661846160888672
245 -9.06408405303955
246 -7.675619602203369
247 -9.06407356262207
248 -7.44945764541626
249 -7.864804267883301
250 -9.064055442810059
251 -9.06407642364502
252 -9.064056396484375
253 -7.613250255584717
254 -7.734224319458008
255 -9.064090728759766
256 -9.064058303833008
257 -9.064054489135742
258 -9.064068794250488
259 -7.672003269195557
260 -9.064043045043945
261 -9.064082145690918
262 -7.415094375610352
263 -7.622391700744629
264 -7.90237283706665
265 -8.05974292755127
266 -7.708913326263428
267 -9.064090728759766
268 -7.415099143981934
269 -9.064045906066895
270 -7.9790191650390625
271 -8.060063362121582
272 -9.06407642364502
273 -9.064070701599121
274 -9.064085960388184
275 -7.797874450683594
276 -9.064083099365234
277 -9.064075469970703
278 -9.064079284667969
279 -7.804860591888428
280 -9.064082145690918
281 -9.064079284667969
282 -9.0640869140625
283 -9.06406021118164
284 -9.064069747924805
285 -7.494941711425781
286 -9.064085006713867
287 -9.064082145690918
288 -7.864793300628662
289 -7.739101886749268
290 -9.064075469970703
291 -9.064024925231934
292 -7.864801406860352
293 -9.064051628112793
294 -9.064083099365234
295 -9.064081192016602
296 -9.06408977508545
297 -8.113290786743164
298 -9.064065933227539
299 -9.064075469970703
300 -9.06407642364502
301 -9.06408405303955
302 -9.064082145690918
303 -7.656619071960449
304 -7.864778518676758
305 -9.06407642364502
306 -9.0640869140625
307 -9.064072608947754
308 -7.613243103027344
309 -7.796886920928955
310 -7.222673416137695
311 -9.064051628112793
312 -9.064054489135742
313 -9.06404972076416
314 -9.064090728759766
315 -9.064057350158691
316 -9.064085006713867
317 -9.064083099365234
318 -7.776414394378662
319 -9.064055442810059
320 -7.658985614776611
321 -8.113283157348633
322 -7.61325740814209
323 -9.06406307220459
324 -7.905416011810303
325 -9.064085960388184
326 -7.846246719360352
327 -9.064082145690918
328 -9.064079284667969
329 -9.064070701599121
330 -7.80259370803833
331 -9.06408405303955
332 -9.06404972076416
333 -9.064079284667969
334 -9.064061164855957
335 -9.064075469970703
336 -7.6452741622924805
337 -7.739182472229004
338 -9.064057350158691
339 -9.0640869140625
340 -9.064064025878906
341 -9.064074516296387
342 -9.064046859741211
343 -9.064041137695312
344 -7.52622652053833
345 -7.509361267089844
346 -7.9024224281311035
347 -9.064056396484375
348 -9.064085006713867
349 -9.064081192016602
350 -9.064083099365234
351 -7.732751846313477
352 -7.73817777633667
353 -9.064077377319336
354 -7.535699844360352
355 -9.064072608947754
356 -9.064059257507324
357 -7.478517532348633
358 -9.064043998718262
359 -7.547938823699951
360 -9.06408977508545
361 -9.064090728759766
362 -9.064081192016602
363 -9.064085006713867
364 -9.064085006713867
365 -9.064043998718262
366 -7.753824710845947
367 -7.802631855010986
368 -7.864801406860352
369 -7.766087532043457
370 -7.837902069091797
371 -9.064082145690918
372 -9.064090728759766
373 -7.716062068939209
374 -7.648562908172607
375 -9.064085006713867
376 -7.602004528045654
377 -9.064080238342285
378 -7.7210164070129395
379 -9.0640869140625
380 -9.064080238342285
381 -9.064051628112793
382 -9.064058303833008
383 -7.738193035125732
384 -7.901712894439697
385 -9.06408405303955
386 -7.494698524475098
387 -7.683708667755127
388 -7.802629470825195
389 -9.064081192016602
390 -9.061222076416016
391 -9.06403636932373
392 -7.747903347015381
393 -9.0640869140625
394 -7.864805221557617
395 -7.567444801330566
396 -7.539938926696777
397 -9.064056396484375
398 -9.06407642364502
399 -9.064081192016602
400 -9.064058303833008
401 -9.064072608947754
402 -9.06408977508545
403 -9.064047813415527
404 -7.566948413848877
405 -9.064075469970703
406 -7.90542459487915
407 -7.91566276550293
408 -8.11329460144043
409 -7.566495895385742
410 -7.344244003295898
411 -7.6319403648376465
412 -7.804851531982422
413 -9.06407356262207
414 -9.064064025878906
415 -9.064072608947754
416 -7.4696221351623535
417 -8.11312484741211
418 -7.78256368637085
419 -7.415092945098877
420 -9.064050674438477
421 -7.424107551574707
422 -7.899101257324219
423 -9.064079284667969
424 -9.06408977508545
425 -9.064083099365234
426 -7.915653228759766
427 -9.064065933227539
428 -9.064064979553223
429 -9.064090728759766
430 -9.064082145690918
431 -8.11329460144043
432 -7.837920188903809
433 -9.064074516296387
434 -7.646265983581543
435 -9.064038276672363
436 -9.064083099365234
437 -7.741851329803467
438 -9.064074516296387
439 -7.55336856842041
440 -9.064082145690918
441 -9.064085960388184
442 -9.064037322998047
443 -9.064064025878906
444 -9.064077377319336
445 -8.113289833068848
446 -7.602252006530762
447 -7.512744426727295
448 -9.064074516296387
449 -7.673769950866699
450 -8.113295555114746
451 -9.064081192016602
452 -7.402466297149658
453 -9.064081192016602
454 -7.800024032592773
455 -9.064069747924805
456 -9.064081192016602
457 -7.798738479614258
458 -9.064048767089844
459 -7.741853713989258
460 -9.064057350158691
461 -7.424094200134277
462 -9.064082145690918
463 -7.779960632324219
464 -7.343656063079834
465 -7.67562198638916
466 -9.064070701599121
467 -8.060056686401367
468 -9.064080238342285
469 -9.064068794250488
470 -7.915666103363037
471 -9.064069747924805
472 -9.064062118530273
473 -7.516905784606934
474 -9.064083099365234
475 -9.06407642364502
476 -7.522244453430176
477 -9.064080238342285
478 -9.064090728759766
479 -9.064081192016602
480 -7.80265474319458
481 -7.424091815948486
482 -9.064085006713867
483 -9.06406021118164
484 -9.064081192016602
485 -9.064082145690918
486 -9.06408405303955
487 -7.73818302154541
488 -9.064081192016602
489 -9.064082145690918
490 -9.064062118530273
491 -7.621920585632324
492 -7.540994167327881
493 -9.064051628112793
494 -9.064058303833008
495 -9.064056396484375
496 -7.392327785491943
497 -7.424097537994385
498 -9.064079284667969
499 -7.905391693115234
500 -8.113289833068848
501 -8.113282203674316
502 -9.064066886901855
503 -7.779989242553711
504 -7.589224338531494
505 -9.064037322998047
506 -7.473797798156738
507 -9.06399154663086
508 -9.064083099365234
509 -7.565876483917236
510 -7.9156622886657715
511 -9.064085006713867
512 -9.064081192016602
513 -9.064081192016602
514 -9.06408977508545
515 -9.064090728759766
516 -9.064090728759766
517 -9.064057350158691
518 -9.064082145690918
519 -9.0640869140625
520 -9.064072608947754
521 -7.79692268371582
522 -7.864797115325928
523 -7.8647942543029785
524 -7.798745632171631
525 -9.064066886901855
526 -7.7390313148498535
527 -9.064075469970703
528 -9.064074516296387
529 -7.796963214874268
530 -9.064045906066895
531 -7.779980659484863
532 -7.512261867523193
533 -7.423905849456787
534 -9.064064025878906
535 -9.064079284667969
536 -9.064054489135742
537 -7.611035346984863
538 -9.064055442810059
539 -9.064064025878906
540 -9.06408405303955
541 -8.113018035888672
542 -7.623429298400879
543 -9.06405258178711
544 -7.70421028137207
545 -9.064083099365234
546 -9.064091682434082
547 -8.113289833068848
548 -9.064072608947754
549 -9.064082145690918
550 -7.779977321624756
551 -9.06408405303955
552 -9.064078330993652
553 -9.064078330993652
554 -9.064053535461426
555 -9.064090728759766
556 -9.06407356262207
557 -9.064080238342285
558 -9.064066886901855
559 -9.064085006713867
560 -7.415102005004883
561 -9.064081192016602
562 -9.064050674438477
563 -9.064083099365234
564 -9.064069747924805
565 -9.064080238342285
566 -9.064085960388184
567 -9.064082145690918
568 -7.748263359069824
569 -9.064056396484375
570 -9.064090728759766
571 -9.06407356262207
572 -9.064072608947754
573 -7.597322463989258
574 -9.064074516296387
575 -9.064090728759766
576 -7.904616832733154
577 -9.064044952392578
578 -9.064066886901855
579 -7.540781021118164
580 -7.708827972412109
581 -9.064061164855957
582 -7.415094375610352
583 -7.626663684844971
584 -8.06004810333252
585 -9.06407356262207
586 -9.064070701599121
587 -7.567446708679199
588 -7.7391815185546875
589 -9.064079284667969
590 -9.0640869140625
591 -9.064072608947754
592 -9.064069747924805
593 -9.064079284667969
594 -7.660652160644531
595 -7.798710823059082
596 -7.424105167388916
597 -7.8647942543029785
598 -9.064082145690918
599 -9.064085006713867
600 -7.589256763458252
601 -9.064081192016602
602 -9.064077377319336
603 -9.064074516296387
604 -9.064078330993652
605 -9.063797950744629
606 -7.741474628448486
607 -7.613229274749756
608 -7.779992580413818
609 -9.064085960388184
610 -9.064065933227539
611 -9.064074516296387
612 -9.064082145690918
613 -9.064058303833008
614 -7.571495532989502
615 -9.064053535461426
616 -8.308420181274414
617 -9.064080238342285
618 -9.064090728759766
619 -9.064083099365234
620 -9.064048767089844
621 -7.804744720458984
622 -8.11329174041748
623 -9.064046859741211
624 -7.802624702453613
625 -9.064053535461426
626 -9.06408405303955
627 -7.79831600189209
628 -7.5674638748168945
629 -8.060054779052734
630 -9.064067840576172
631 -9.064067840576172
632 -7.566487789154053
633 -9.064090728759766
634 -7.5690226554870605
635 -7.753844738006592
636 -9.064082145690918
637 -7.645195007324219
638 -9.064027786254883
639 -9.064083099365234
640 -9.064077377319336
641 -9.064035415649414
642 -9.064081192016602
643 -9.064085006713867
644 -9.064080238342285
645 -7.739192962646484
646 -9.064045906066895
647 -9.064090728759766
648 -7.494703769683838
649 -9.064075469970703
650 -9.06408977508545
651 -9.064056396484375
652 -7.566592693328857
653 -9.06408405303955
654 -7.392361640930176
655 -7.714999675750732
656 -7.623389720916748
657 -9.06407356262207
658 -9.06408977508545
659 -7.622893333435059
660 -7.566905498504639
661 -9.06407642364502
662 -7.435605525970459
663 -7.636767864227295
664 -7.864793300628662
665 -7.24361515045166
666 -9.064083099365234
667 -7.499083042144775
668 -7.738183975219727
669 -9.06404972076416
670 -9.06408405303955
671 -9.064072608947754
672 -9.064078330993652
673 -9.064082145690918
674 -9.064067840576172
675 -7.553257465362549
676 -9.064090728759766
677 -9.064046859741211
678 -9.064043045043945
679 -7.782589435577393
680 -9.064083099365234
681 -7.905387878417969
682 -7.7145867347717285
683 -9.064081192016602
684 -9.064085006713867
685 -9.064078330993652
686 -9.064064979553223
687 -9.064040184020996
688 -9.064048767089844
689 -9.064067840576172
690 -7.802620887756348
691 -9.064069747924805
692 -9.064042091369629
693 -9.064083099365234
694 -9.064054489135742
695 -9.064057350158691
696 -9.064053535461426
697 -7.903018474578857
698 -7.687460422515869
699 -9.064081192016602
700 -9.064064979553223
701 -7.473785877227783
702 -9.064083099365234
703 -9.064072608947754
704 -9.064085006713867
705 -7.7799882888793945
706 -9.064078330993652
707 -7.905414581298828
708 -9.064087867736816
709 -9.064083099365234
710 -7.645260334014893
711 -9.064085960388184
712 -9.064071655273438
713 -9.064077377319336
714 -9.062826156616211
715 -7.902424335479736
716 -9.064075469970703
717 -9.064083099365234
718 -7.5669474601745605
719 -9.064064979553223
720 -7.4321441650390625
721 -9.064067840576172
722 -7.535633087158203
723 -9.064064025878906
724 -9.06404972076416
725 -9.064083099365234
726 -7.524506568908691
727 -9.064087867736816
728 -9.064065933227539
729 -9.064079284667969
730 -9.064091682434082
731 -9.064066886901855
732 -9.0640869140625
733 -7.864792823791504
734 -8.060064315795898
735 -9.06404972076416
736 -9.064062118530273
737 -8.05903434753418
738 -9.064085006713867
739 -7.804882049560547
740 -9.06408405303955
741 -9.064064025878906
742 -9.064085006713867
743 -9.064058303833008
744 -7.83791446685791
745 -7.611072540283203
746 -9.064074516296387
747 -7.864787578582764
748 -8.060042381286621
749 -9.064077377319336
750 -7.47380256652832
751 -7.611100196838379
752 -7.905378341674805
753 -9.064082145690918
754 -9.064066886901855
755 -7.547372341156006
756 -8.059958457946777
757 -9.064051628112793
758 -7.837924003601074
759 -7.502926349639893
760 -9.064082145690918
761 -7.543087959289551
762 -9.06408405303955
763 -9.064069747924805
764 -9.064071655273438
765 -9.064085960388184
766 -9.064056396484375
767 -9.064061164855957
768 -9.064072608947754
769 -9.064057350158691
770 -9.064087867736816
771 -9.064064025878906
772 -7.590245723724365
773 -7.5669450759887695
774 -7.798735618591309
775 -8.060042381286621
776 -9.064079284667969
777 -9.064054489135742
778 -7.481099605560303
779 -9.064077377319336
780 -9.064068794250488
781 -7.714715957641602
782 -9.06406307220459
783 -9.064085006713867
784 -9.064075469970703
785 -7.528563499450684
786 -9.064069747924805
787 -9.064081192016602
788 -9.064079284667969
789 -9.06405258178711
790 -9.064074516296387
791 -9.064085006713867
792 -9.064075469970703
793 -7.561425685882568
794 -7.915613174438477
795 -9.06407642364502
796 -9.064081192016602
797 -9.064054489135742
798 -9.064044952392578
799 -9.064083099365234
800 -7.676877021789551
801 -9.064072608947754
802 -9.064083099365234
803 -9.064071655273438
804 -9.064079284667969
805 -7.586705684661865
806 -9.064085960388184
807 -9.064065933227539
808 -7.90300989151001
809 -9.064081192016602
810 -9.064090728759766
811 -7.569037437438965
812 -9.064071655273438
813 -9.064065933227539
814 -9.064055442810059
815 -7.905264854431152
816 -7.748248100280762
817 -9.064048767089844
818 -9.064067840576172
819 -7.741405010223389
820 -9.064083099365234
821 -9.06407642364502
822 -7.253447532653809
823 -9.064082145690918
824 -9.064058303833008
825 -9.064058303833008
826 -9.064067840576172
827 -9.064059257507324
828 -7.2871503829956055
829 -7.354414463043213
830 -7.804876327514648
831 -7.796881675720215
832 -9.064072608947754
833 -9.064081192016602
834 -9.064090728759766
835 -9.063998222351074
836 -9.064078330993652
837 -9.064033508300781
838 -9.06406021118164
839 -9.064035415649414
840 -9.06407356262207
841 -9.064054489135742
842 -7.905404567718506
843 -9.064072608947754
844 -9.064079284667969
845 -9.064053535461426
846 -7.625723838806152
847 -9.06407356262207
848 -9.06407642364502
849 -9.06407642364502
850 -9.06406021118164
851 -9.064085960388184
852 -9.064080238342285
853 -9.064058303833008
854 -9.064079284667969
855 -9.064078330993652
856 -9.064064979553223
857 -9.064071655273438
858 -9.064066886901855
859 -9.064059257507324
860 -9.061176300048828
861 -7.551531791687012
862 -8.06005859375
863 -7.965284824371338
864 -9.064090728759766
865 -9.064074516296387
866 -7.798735618591309
867 -7.499203681945801
868 -9.064070701599121
869 -9.064068794250488
870 -9.064090728759766
871 -9.064062118530273
872 -8.008609771728516
873 -9.064070701599121
874 -7.802624702453613
875 -7.3923492431640625
876 -9.064081192016602
877 -8.00799560546875
878 -7.633216381072998
879 -9.064074516296387
880 -9.064075469970703
881 -9.064074516296387
882 -9.06406021118164
883 -9.06407642364502
884 -9.064071655273438
885 -9.06274127960205
886 -7.4583587646484375
887 -7.796947479248047
888 -9.06407642364502
889 -9.064085960388184
890 -9.064050674438477
891 -9.0640869140625
892 -9.061004638671875
893 -9.064085960388184
894 -9.064061164855957
895 -9.064067840576172
896 -9.064071655273438
897 -9.064082145690918
898 -7.864786148071289
899 -9.0640869140625
900 -7.636033535003662
901 -9.0640869140625
902 -7.424464225769043
903 -7.587988376617432
904 -9.064058303833008
905 -9.064088821411133
906 -7.711935043334961
907 -9.06408977508545
908 -7.80483341217041
909 -9.064078330993652
910 -7.8379316329956055
911 -9.064085960388184
912 -9.064072608947754
913 -9.064078330993652
914 -9.064083099365234
915 -7.986608028411865
916 -9.064083099365234
917 -9.064088821411133
918 -7.37531042098999
919 -9.064085006713867
920 -9.06407356262207
921 -7.544670104980469
922 -9.06403636932373
923 -7.864797592163086
924 -7.774216175079346
925 -9.064059257507324
926 -7.704161643981934
927 -7.676810264587402
928 -9.064059257507324
929 -9.063812255859375
930 -9.064082145690918
931 -9.064071655273438
932 -9.064047813415527
933 -7.7119598388671875
934 -7.802505016326904
935 -9.06407356262207
936 -7.9156718254089355
937 -8.060040473937988
938 -7.587971210479736
939 -7.760946273803711
940 -9.064038276672363
941 -9.064075469970703
942 -9.064082145690918
943 -7.437622547149658
944 -9.064082145690918
945 -9.064083099365234
946 -9.064078330993652
947 -9.064064025878906
948 -9.064079284667969
949 -7.947205543518066
950 -9.064077377319336
951 -7.893880367279053
952 -9.064043998718262
953 -8.113199234008789
954 -9.064085006713867
955 -9.064066886901855
956 -7.625672340393066
957 -7.624402046203613
958 -9.0640869140625
959 -9.064070701599121
960 -9.064062118530273
961 -9.064066886901855
962 -7.179159641265869
963 -7.990604400634766
964 -9.064051628112793
965 -9.064054489135742
966 -9.064083099365234
967 -7.577184677124023
968 -9.064078330993652
969 -9.06407642364502
970 -7.800178050994873
971 -9.064072608947754
972 -9.064078330993652
973 -9.064070701599121
974 -9.06405258178711
975 -9.064090728759766
976 -9.06405258178711
977 -7.7990827560424805
978 -7.623435020446777
979 -9.064066886901855
980 -8.004523277282715
981 -9.064078330993652
982 -7.415099620819092
983 -9.06407356262207
984 -7.6335272789001465
985 -9.064068794250488
986 -7.63269567489624
987 -7.717779159545898
988 -9.064065933227539
989 -9.064090728759766
990 -7.798741340637207
991 -9.064066886901855
992 -9.064078330993652
993 -7.837888717651367
994 -7.41509485244751
995 -9.064072608947754
996 -7.502925395965576
997 -8.060068130493164
998 -7.636763572692871
999 -9.064059257507324
