0 -5.841917037963867
1 -5.996993064880371
2 -5.588573455810547
3 -5.542360305786133
4 -5.649946212768555
5 -6.578463554382324
6 -6.807398319244385
7 -6.406885147094727
8 -7.227577209472656
9 -7.133143424987793
10 -9.064090728759766
11 -6.4900712966918945
12 -6.188503265380859
13 -8.963322639465332
14 -8.064866065979004
15 -7.812058448791504
16 -6.6147356033325195
17 -6.217082977294922
18 -6.918658256530762
19 -6.271266460418701
20 -7.378835678100586
21 -7.689228057861328
22 -8.364641189575195
23 -6.110470771789551
24 -7.9432878494262695
25 -6.8835530281066895
26 -6.832714080810547
27 -6.928153038024902
28 -6.6979804039001465
29 -6.276003360748291
30 -8.947202682495117
31 -7.009923934936523
32 -6.824474334716797
33 -7.698053359985352
34 -6.456529140472412
35 -6.435933589935303
36 -6.530557632446289
37 -6.568841934204102
38 -8.120872497558594
39 -7.839134693145752
40 -6.7938432693481445
41 -6.47693395614624
42 -7.2318196296691895
43 -9.064090728759766
44 -6.3425469398498535
45 -6.103402137756348
46 -6.879251480102539
47 -5.498105049133301
48 -8.864997863769531
49 -6.549736976623535
50 -6.2756123542785645
51 -6.636899948120117
52 -6.506115913391113
53 -7.907089710235596
54 -7.8330397605896
55 -7.511696815490723
56 -6.874941825866699
57 -7.260373115539551
58 -7.306208610534668
59 -6.711687088012695
60 -8.106768608093262
61 -6.4307098388671875
62 -6.47664737701416
63 -9.05516529083252
64 -7.732414722442627
65 -6.2294111251831055
66 -8.56275463104248
67 -6.60444974899292
68 -5.942225456237793
69 -6.7345685958862305
70 -7.632279396057129
71 -7.277932167053223
72 -8.805746078491211
73 -5.686980247497559
74 -6.156637191772461
75 -5.976065635681152
76 -6.62713623046875
77 -6.688103199005127
78 -8.622101783752441
79 -6.543081283569336
80 -7.164175510406494
81 -6.92765998840332
82 -8.170973777770996
83 -6.28030252456665
84 -7.20668363571167
85 -8.928771018981934
86 -7.072739601135254
87 -7.73976469039917
88 -6.371614933013916
89 -7.350604057312012
90 -8.352049827575684
91 -7.51834774017334
92 -5.985078811645508
93 -6.690213680267334
94 -8.968385696411133
95 -6.133776664733887
96 -9.064090728759766
97 -6.38856315612793
98 -6.8284831047058105
99 -6.732521057128906
100 -7.096100807189941
101 -9.060378074645996
102 -7.47421407699585
103 -6.38149356842041
104 -9.031219482421875
105 -6.770289897918701
106 -6.2391276359558105
107 -6.913348197937012
108 -8.64943790435791
109 -6.286399841308594
110 -6.8786468505859375
111 -6.7500715255737305
112 -6.03449821472168
113 -8.163137435913086
114 -6.095396995544434
115 -6.48173189163208
116 -6.682346343994141
117 -6.253003120422363
118 -6.4612202644348145
119 -6.6028008460998535
120 -9.06408977508545
121 -7.914635181427002
122 -6.444102764129639
123 -6.222696304321289
124 -6.751237392425537
125 -6.576395511627197
126 -6.701709747314453
127 -6.519131183624268
128 -6.739298343658447
129 -8.132272720336914
130 -6.673108100891113
131 -6.724749565124512
132 -7.109947204589844
133 -6.660869598388672
134 -8.700356483459473
135 -6.425841808319092
136 -6.719967365264893
137 -7.067898750305176
138 -6.318786144256592
139 -7.680910110473633
140 -5.961845397949219
141 -8.660185813903809
142 -8.314010620117188
143 -7.096226692199707
144 -7.62442684173584
145 -9.064090728759766
146 -6.730621814727783
147 -6.6774444580078125
148 -8.736050605773926
149 -6.256495475769043
150 -7.2186808586120605
151 -9.02474594116211
152 -7.1948442459106445
153 -7.917120933532715
154 -6.611104488372803
155 -5.921179294586182
156 -7.221132278442383
157 -6.332913398742676
158 -8.668286323547363
159 -6.870272636413574
160 -6.372488021850586
161 -8.731346130371094
162 -7.518279075622559
163 -7.322534084320068
164 -6.283918857574463
165 -6.611347675323486
166 -6.5202226638793945
167 -6.14398193359375
168 -7.575498104095459
169 -9.064090728759766
170 -6.221710681915283
171 -6.759379863739014
172 -6.4918718338012695
173 -6.535991668701172
174 -6.794897079467773
175 -8.362540245056152
176 -8.729016304016113
177 -7.4601850509643555
178 -8.492101669311523
179 -6.458657741546631
180 -6.64903450012207
181 -7.887627124786377
182 -7.16055965423584
183 -6.673094749450684
184 -6.844040393829346
185 -6.438299179077148
186 -6.405195713043213
187 -5.905426979064941
188 -6.023592948913574
189 -5.932524681091309
190 -6.052458763122559
191 -7.984086036682129
192 -6.061490058898926
193 -5.677924633026123
194 -8.33370304107666
195 -7.456839084625244
196 -6.834652900695801
197 -6.00767707824707
198 -8.682120323181152
199 -6.3698015213012695
200 -8.735706329345703
201 -6.473655700683594
202 -6.399436950683594
203 -6.4405903816223145
204 -8.934565544128418
205 -6.439846038818359
206 -6.929533958435059
207 -6.293351173400879
208 -6.909386157989502
209 -6.197006702423096
210 -6.9695844650268555
211 -6.5781755447387695
212 -6.276430130004883
213 -8.813648223876953
214 -7.778894901275635
215 -8.70826530456543
216 -6.980839252471924
217 -6.609918594360352
218 -6.5021209716796875
219 -6.218317985534668
220 -8.654884338378906
221 -8.111357688903809
222 -6.503146648406982
223 -8.942863464355469
224 -8.363075256347656
225 -6.529006004333496
226 -8.505446434020996
227 -7.230439186096191
228 -6.1511077880859375
229 -8.494558334350586
230 -6.554842472076416
231 -7.130585193634033
232 -7.250422954559326
233 -7.605748176574707
234 -6.710062503814697
235 -6.629645347595215
236 -6.778207778930664
237 -6.334495544433594
238 -6.41538667678833
239 -9.064090728759766
240 -6.299603462219238
241 -8.601964950561523
242 -6.1506757736206055
243 -6.068337917327881
244 -6.265776634216309
245 -7.566039562225342
246 -7.835391521453857
247 -6.146556377410889
248 -6.859879016876221
249 -6.423921585083008
250 -6.501282691955566
251 -6.218428611755371
252 -5.917438507080078
253 -6.141963005065918
254 -6.759438514709473
255 -9.064090728759766
256 -6.360925197601318
257 -7.441074371337891
258 -7.80363655090332
259 -9.064090728759766
260 -6.3922576904296875
261 -6.177194118499756
262 -7.726470470428467
263 -6.136066436767578
264 -7.384579658508301
265 -8.796262741088867
266 -6.559491157531738
267 -7.328468322753906
268 -6.152451992034912
269 -8.908224105834961
270 -6.206639289855957
271 -7.895434379577637
272 -5.960787773132324
273 -9.064090728759766
274 -7.619338035583496
275 -8.695652961730957
276 -8.34424877166748
277 -6.212327003479004
278 -6.602432727813721
279 -8.21286678314209
280 -9.064090728759766
281 -6.220323085784912
282 -5.974773406982422
283 -6.410722732543945
284 -7.530074119567871
285 -6.2873687744140625
286 -6.407205104827881
287 -9.064090728759766
288 -7.113417625427246
289 -6.2130842208862305
290 -6.274989128112793
291 -7.650976657867432
292 -5.943276405334473
293 -9.064090728759766
294 -6.394567966461182
295 -6.759138107299805
296 -6.35933780670166
297 -6.87959098815918
298 -8.988822937011719
299 -6.182892322540283
300 -7.032809257507324
301 -7.103829860687256
302 -6.230495452880859
303 -7.065191268920898
304 -7.698020935058594
305 -7.439547538757324
306 -9.02399730682373
307 -6.495070934295654
308 -6.858760833740234
309 -6.38552713394165
310 -6.691028594970703
311 -6.127888202667236
312 -6.3674421310424805
313 -6.068671226501465
314 -6.598834037780762
315 -9.064090728759766
316 -7.190256118774414
317 -6.8680291175842285
318 -6.6419572830200195
319 -7.464369773864746
320 -7.624728202819824
321 -6.63002872467041
322 -6.675043106079102
323 -8.643975257873535
324 -6.592418193817139
325 -6.300759315490723
326 -6.618509292602539
327 -6.519421577453613
328 -7.228066444396973
329 -7.920674800872803
330 -5.964681625366211
331 -7.282930374145508
332 -6.084084987640381
333 -5.972712993621826
334 -7.215734004974365
335 -6.379236221313477
336 -7.676704406738281
337 -6.260062217712402
338 -9.064090728759766
339 -6.679880142211914
340 -6.804505348205566
341 -7.016409397125244
342 -6.78019905090332
343 -8.311403274536133
344 -6.871310234069824
345 -6.361069679260254
346 -7.367026329040527
347 -6.223702907562256
348 -8.888415336608887
349 -6.769242763519287
350 -6.65543270111084
351 -7.259040355682373
352 -6.201742649078369
353 -6.8537750244140625
354 -8.075236320495605
355 -8.383554458618164
356 -6.388284683227539
357 -6.466304779052734
358 -8.821290969848633
359 -7.282009601593018
360 -6.965697765350342
361 -8.546900749206543
362 -6.227149963378906
363 -6.014652729034424
364 -7.610462665557861
365 -6.954713821411133
366 -7.049737453460693
367 -6.499253749847412
368 -9.046089172363281
369 -6.808541297912598
370 -7.498910903930664
371 -8.91294002532959
372 -6.328579902648926
373 -6.006965637207031
374 -6.384605407714844
375 -6.73012638092041
376 -6.198449611663818
377 -8.379430770874023
378 -8.890865325927734
379 -6.367439270019531
380 -7.148683071136475
381 -6.556943416595459
382 -8.572101593017578
383 -8.983232498168945
384 -6.250455379486084
385 -7.415812969207764
386 -6.136717796325684
387 -6.034207344055176
388 -7.972325325012207
389 -7.056036472320557
390 -6.276697158813477
391 -6.497262954711914
392 -6.762341022491455
393 -6.618172645568848
394 -6.812386989593506
395 -6.7890944480896
396 -6.850296497344971
397 -8.95284652709961
398 -6.778207778930664
399 -6.42911434173584
400 -6.7854180335998535
401 -7.631600379943848
402 -9.06408977508545
403 -6.327478408813477
404 -6.396122932434082
405 -6.322628021240234
406 -9.064090728759766
407 -7.235991477966309
408 -8.83011245727539
409 -6.805243015289307
410 -6.997626781463623
411 -8.962865829467773
412 -6.6263933181762695
413 -6.44849967956543
414 -6.908408164978027
415 -6.139725685119629
416 -6.828061103820801
417 -8.536200523376465
418 -7.125123023986816
419 -6.286557674407959
420 -7.084755897521973
421 -6.339949131011963
422 -8.07888412475586
423 -6.722020149230957
424 -7.418086051940918
425 -6.919023513793945
426 -6.418621063232422
427 -7.0201921463012695
428 -6.647110939025879
429 -6.826077461242676
430 -6.782154083251953
431 -7.162915229797363
432 -9.064090728759766
433 -7.589106559753418
434 -6.980663776397705
435 -7.643869876861572
436 -6.459523677825928
437 -8.191219329833984
438 -9.005468368530273
439 -6.153242111206055
440 -7.91441011428833
441 -9.064090728759766
442 -6.143625259399414
443 -6.421740531921387
444 -7.263544082641602
445 -7.10810661315918
446 -8.975172996520996
447 -8.115888595581055
448 -6.030271053314209
449 -6.511824131011963
450 -6.326912879943848
451 -9.06408977508545
452 -7.179478645324707
453 -5.752509593963623
454 -9.064090728759766
455 -6.687394142150879
456 -6.297155857086182
457 -7.4393720626831055
458 -6.339950084686279
459 -6.778207302093506
460 -6.062989711761475
461 -6.378149032592773
462 -5.91358757019043
463 -7.362067699432373
464 -6.363776206970215
465 -7.319276809692383
466 -6.302068710327148
467 -8.855198860168457
468 -6.420007705688477
469 -6.404247283935547
470 -6.377527236938477
471 -8.070149421691895
472 -8.49434757232666
473 -7.760234832763672
474 -6.000828742980957
475 -8.650714874267578
476 -6.96622371673584
477 -6.533079147338867
478 -6.041077613830566
479 -6.305556774139404
480 -6.358274936676025
481 -7.045388221740723
482 -8.7059326171875
483 -6.86708927154541
484 -9.007899284362793
485 -7.86276912689209
486 -9.064090728759766
487 -6.958625793457031
488 -7.668659687042236
489 -6.107072830200195
490 -6.059575080871582
491 -6.389930248260498
492 -6.330171585083008
493 -6.607227325439453
494 -6.5548834800720215
495 -7.320745944976807
496 -7.73499059677124
497 -7.083931922912598
498 -6.18687629699707
499 -8.804665565490723
500 -7.743410110473633
501 -6.490538597106934
502 -6.797064781188965
503 -8.297433853149414
504 -9.064090728759766
505 -7.025604248046875
506 -8.694055557250977
507 -6.22836971282959
508 -6.858456611633301
509 -9.061491012573242
510 -7.299900054931641
511 -8.006711959838867
512 -8.534869194030762
513 -6.821737289428711
514 -7.055922508239746
515 -6.826386451721191
516 -7.204785346984863
517 -5.917505264282227
518 -6.529376983642578
519 -6.677927494049072
520 -6.309853553771973
521 -7.1527204513549805
522 -8.794729232788086
523 -6.704867839813232
524 -7.587863445281982
525 -7.569190979003906
526 -8.522525787353516
527 -6.521337985992432
528 -7.194067478179932
529 -8.961764335632324
530 -9.06408977508545
531 -6.8785505294799805
532 -7.598374366760254
533 -7.61821174621582
534 -6.353217601776123
535 -6.204554557800293
536 -5.932767868041992
537 -6.35164213180542
538 -8.079643249511719
539 -7.65942907333374
540 -6.330498695373535
541 -7.016561031341553
542 -6.295133590698242
543 -8.690715789794922
544 -6.451748371124268
545 -7.65668249130249
546 -8.825024604797363
547 -6.375609397888184
548 -6.916721343994141
549 -6.030829429626465
550 -8.524504661560059
551 -8.69694709777832
552 -6.073472499847412
553 -6.127242088317871
554 -8.020800590515137
555 -6.435724258422852
556 -8.591336250305176
557 -6.450996398925781
558 -6.349480628967285
559 -6.85943603515625
560 -5.930446147918701
561 -6.280351161956787
562 -6.92111349105835
563 -8.678454399108887
564 -8.943116188049316
565 -8.406599044799805
566 -5.905059337615967
567 -6.576803207397461
568 -9.064090728759766
569 -7.033246040344238
570 -6.6969499588012695
571 -6.996006488800049
572 -6.842940330505371
573 -6.621161460876465
574 -7.987249374389648
575 -6.088101387023926
576 -6.622051239013672
577 -6.792778015136719
578 -8.576793670654297
579 -7.386828422546387
580 -7.976871013641357
581 -6.6231770515441895
582 -5.761640548706055
583 -6.576442718505859
584 -7.6994147300720215
585 -6.404773712158203
586 -7.028082847595215
587 -6.637413024902344
588 -6.672508716583252
589 -6.398821830749512
590 -7.1547136306762695
591 -7.785323619842529
592 -6.819431304931641
593 -6.66249418258667
594 -6.41962194442749
595 -6.9366607666015625
596 -6.700674057006836
597 -7.431065559387207
598 -6.055733680725098
599 -7.159798622131348
600 -9.064090728759766
601 -6.118263244628906
602 -7.135858535766602
603 -6.954977989196777
604 -7.88563346862793
605 -6.573465824127197
606 -6.628767013549805
607 -6.190160751342773
608 -6.522631645202637
609 -6.548636436462402
610 -6.064017295837402
611 -9.06408977508545
612 -7.201296806335449
613 -7.436544418334961
614 -7.3129377365112305
615 -6.336291313171387
616 -7.774449348449707
617 -9.064090728759766
618 -6.1181840896606445
619 -8.22608757019043
620 -6.509886264801025
621 -7.130583763122559
622 -7.4766526222229
623 -6.270136833190918
624 -7.519396781921387
625 -7.426485538482666
626 -6.660843372344971
627 -6.758983612060547
628 -8.641209602355957
629 -6.123117446899414
630 -6.445638656616211
631 -7.846994876861572
632 -6.141391277313232
633 -6.250433444976807
634 -6.773608207702637
635 -6.166585445404053
636 -5.933620929718018
637 -6.365807056427002
638 -6.687464714050293
639 -8.644662857055664
640 -8.306526184082031
641 -6.594542026519775
642 -6.2882161140441895
643 -6.529201030731201
644 -6.658674240112305
645 -7.152492523193359
646 -7.345941066741943
647 -9.047259330749512
648 -6.683468818664551
649 -7.630429744720459
650 -8.826390266418457
651 -9.013354301452637
652 -5.86114501953125
653 -8.727907180786133
654 -8.835917472839355
655 -6.705117702484131
656 -7.780538558959961
657 -6.970602035522461
658 -7.135558128356934
659 -7.0094313621521
660 -6.886613845825195
661 -6.2038893699646
662 -6.294820785522461
663 -6.877406120300293
664 -7.9706130027771
665 -6.228301048278809
666 -6.848136901855469
667 -7.712214946746826
668 -6.579256057739258
669 -8.437942504882812
670 -6.384332180023193
671 -8.366588592529297
672 -5.998144149780273
673 -9.06408977508545
674 -6.979343414306641
675 -6.459720611572266
676 -6.647017002105713
677 -9.016057968139648
678 -7.066500663757324
679 -6.963829040527344
680 -7.033458709716797
681 -9.015963554382324
682 -6.846548080444336
683 -6.804538726806641
684 -8.919926643371582
685 -9.036811828613281
686 -6.308682441711426
687 -7.604241847991943
688 -7.454782485961914
689 -6.545577526092529
690 -8.36526107788086
691 -7.9140944480896
692 -6.604758262634277
693 -6.639129638671875
694 -6.217690467834473
695 -7.23123836517334
696 -6.814665794372559
697 -6.919309616088867
698 -9.064090728759766
699 -7.528306007385254
700 -6.2406721115112305
701 -7.048008441925049
702 -6.815362453460693
703 -6.1622209548950195
704 -7.034298896789551
705 -7.269650936126709
706 -6.887643814086914
707 -6.3349127769470215
708 -5.931207656860352
709 -8.949947357177734
710 -6.234957218170166
711 -8.896989822387695
712 -6.900108814239502
713 -6.489228248596191
714 -7.122345924377441
715 -6.628612518310547
716 -7.295763969421387
717 -7.974585056304932
718 -6.381203651428223
719 -6.787529945373535
720 -6.622474670410156
721 -6.155940055847168
722 -7.193110466003418
723 -6.466474533081055
724 -6.373438835144043
725 -6.149543762207031
726 -6.937920093536377
727 -6.88473653793335
728 -6.645776748657227
729 -6.647500991821289
730 -7.803620338439941
731 -6.970060348510742
732 -7.235648155212402
733 -6.889997959136963
734 -6.981496810913086
735 -5.943120956420898
736 -6.247265815734863
737 -8.132582664489746
738 -6.635290145874023
739 -8.772377014160156
740 -7.519396781921387
741 -8.942032814025879
742 -9.064090728759766
743 -5.9891204833984375
744 -8.840690612792969
745 -7.253824234008789
746 -6.1710405349731445
747 -6.896942138671875
748 -7.453488349914551
749 -6.13160514831543
750 -6.258674621582031
751 -6.854580402374268
752 -6.035577774047852
753 -7.015640735626221
754 -6.485954761505127
755 -8.998316764831543
756 -6.380613327026367
757 -7.417463302612305
758 -8.521369934082031
759 -6.999813556671143
760 -6.509139060974121
761 -7.271368503570557
762 -7.836162567138672
763 -6.487109184265137
764 -6.215160846710205
765 -8.563345909118652
766 -7.5155181884765625
767 -6.644521713256836
768 -6.04325008392334
769 -8.82911205291748
770 -6.360167026519775
771 -6.274205207824707
772 -8.968814849853516
773 -6.686488151550293
774 -7.147759914398193
775 -6.487814903259277
776 -6.091048240661621
777 -7.813569068908691
778 -6.825005054473877
779 -9.028789520263672
780 -6.683396816253662
781 -6.632596969604492
782 -6.4774370193481445
783 -6.126324653625488
784 -6.475625991821289
785 -9.06408977508545
786 -6.204075813293457
787 -7.064334392547607
788 -7.7484283447265625
789 -6.747352123260498
790 -7.313637733459473
791 -6.570512294769287
792 -6.134913444519043
793 -7.909929275512695
794 -7.090214729309082
795 -6.686183452606201
796 -8.606123924255371
797 -6.638115882873535
798 -6.437660217285156
799 -6.234627723693848
800 -6.384199142456055
801 -8.280905723571777
802 -9.06408977508545
803 -8.650289535522461
804 -6.416253089904785
805 -6.727896213531494
806 -7.5009660720825195
807 -7.364259243011475
808 -8.801908493041992
809 -6.676048278808594
810 -7.461028099060059
811 -8.332520484924316
812 -6.587609767913818
813 -6.145777702331543
814 -6.980647087097168
815 -6.102085113525391
816 -6.497023582458496
817 -7.842494964599609
818 -6.410715579986572
819 -8.612144470214844
820 -6.639576435089111
821 -6.123931407928467
822 -7.37283992767334
823 -9.064091682434082
824 -6.871882915496826
825 -8.579020500183105
826 -6.21307373046875
827 -9.064090728759766
828 -6.65125036239624
829 -6.580787658691406
830 -6.344701766967773
831 -6.701813697814941
832 -9.064090728759766
833 -6.393433570861816
834 -6.630606174468994
835 -6.3250932693481445
836 -6.469955921173096
837 -8.486893653869629
838 -6.736605167388916
839 -7.064256191253662
840 -6.080604553222656
841 -8.096907615661621
842 -6.474509239196777
843 -7.0721516609191895
844 -8.449763298034668
845 -6.4135589599609375
846 -7.269440174102783
847 -6.547760963439941
848 -7.803637504577637
849 -6.520847320556641
850 -6.8420610427856445
851 -6.759199142456055
852 -8.48806095123291
853 -6.820876121520996
854 -9.064090728759766
855 -6.592713356018066
856 -6.351929664611816
857 -6.081602096557617
858 -9.064090728759766
859 -6.510225296020508
860 -7.968591690063477
861 -6.610311508178711
862 -6.779272079467773
863 -6.484674453735352
864 -9.025970458984375
865 -6.61353874206543
866 -6.321839809417725
867 -6.97959041595459
868 -7.222592353820801
869 -8.356157302856445
870 -6.43947696685791
871 -7.189967155456543
872 -6.577919006347656
873 -5.903400421142578
874 -6.4766011238098145
875 -6.339227676391602
876 -6.220527648925781
877 -6.704884052276611
878 -6.639774322509766
879 -7.14512300491333
880 -7.373830795288086
881 -6.556644439697266
882 -6.086997985839844
883 -6.366744518280029
884 -6.601152420043945
885 -6.438877582550049
886 -6.552875518798828
887 -9.011897087097168
888 -6.277707099914551
889 -5.838396072387695
890 -7.016170978546143
891 -8.05354118347168
892 -6.680504322052002
893 -7.050739765167236
894 -6.778208255767822
895 -6.484282970428467
896 -9.064090728759766
897 -6.99162483215332
898 -7.6571855545043945
899 -6.116844177246094
900 -6.2619805335998535
901 -6.850102424621582
902 -7.314074516296387
903 -6.199420928955078
904 -9.06408977508545
905 -6.90290641784668
906 -6.42458438873291
907 -6.55203104019165
908 -6.305667877197266
909 -5.955106735229492
910 -6.673331260681152
911 -8.912945747375488
912 -7.001060485839844
913 -6.104396820068359
914 -6.623088836669922
915 -6.431568145751953
916 -6.42507791519165
917 -6.112852096557617
918 -6.437623023986816
919 -7.369590759277344
920 -6.452710151672363
921 -9.064090728759766
922 -6.3870744705200195
923 -6.266963005065918
924 -6.601667404174805
925 -6.564237594604492
926 -5.769562721252441
927 -7.666516304016113
928 -6.221136093139648
929 -6.259722709655762
930 -6.1501784324646
931 -8.491087913513184
932 -7.738009929656982
933 -6.53415584564209
934 -6.282857418060303
935 -7.254627704620361
936 -6.52529239654541
937 -6.517478942871094
938 -7.304243087768555
939 -6.0866241455078125
940 -6.518491744995117
941 -8.57619571685791
942 -9.064090728759766
943 -6.946986675262451
944 -8.214876174926758
945 -7.2986531257629395
946 -6.320372581481934
947 -6.896001815795898
948 -7.984984874725342
949 -9.064090728759766
950 -7.519398212432861
951 -6.735647201538086
952 -6.63819694519043
953 -6.3601837158203125
954 -9.064090728759766
955 -6.350592613220215
956 -8.621895790100098
957 -7.435612678527832
958 -7.207273960113525
959 -6.341204643249512
960 -6.421167373657227
961 -8.527826309204102
962 -6.197072505950928
963 -6.009982109069824
964 -7.4026570320129395
965 -8.732338905334473
966 -6.700394153594971
967 -7.3484601974487305
968 -6.418700695037842
969 -7.501860618591309
970 -7.103829383850098
971 -6.626734733581543
972 -6.056865215301514
973 -6.1467180252075195
974 -6.484823226928711
975 -8.810437202453613
976 -6.3191447257995605
977 -6.429755687713623
978 -6.870071887969971
979 -6.417087554931641
980 -7.0509538650512695
981 -6.785876274108887
982 -8.978593826293945
983 -6.589193344116211
984 -9.064090728759766
985 -7.445684909820557
986 -6.25665807723999
987 -6.401744842529297
988 -7.656344413757324
989 -7.693976879119873
990 -9.05583667755127
991 -6.561356544494629
992 -6.857600688934326
993 -6.984826564788818
994 -6.525768280029297
995 -8.671172142028809
996 -6.382356643676758
997 -6.593555450439453
998 -7.31449556350708
999 -9.03830623626709
