0 -9.063119888305664
1 -8.113288879394531
2 -7.114781379699707
3 -7.677474021911621
4 -7.520284652709961
5 -9.064077377319336
6 -7.423910140991211
7 -9.060004234313965
8 -9.064079284667969
9 -9.064075469970703
10 -7.627406120300293
11 -7.670743465423584
12 -9.064080238342285
13 -8.113295555114746
14 -8.0079984664917
15 -9.064090728759766
16 -7.568842887878418
17 -7.747932434082031
18 -7.73969030380249
19 -9.064088821411133
20 -9.064069747924805
21 -8.007826805114746
22 -7.566948413848877
23 -7.643446922302246
24 -9.06408405303955
25 -9.064085960388184
26 -7.707294940948486
27 -9.064081192016602
28 -7.837932586669922
29 -9.064078330993652
30 -9.064081192016602
31 -9.064045906066895
32 -9.064079284667969
33 -9.064071655273438
34 -7.561093807220459
35 -9.06408405303955
36 -9.064029693603516
37 -9.064090728759766
38 -9.064068794250488
39 -7.544934272766113
40 -9.06408405303955
41 -9.06407642364502
42 -9.064083099365234
43 -7.741843223571777
44 -9.064047813415527
45 -7.407243251800537
46 -9.064050674438477
47 -9.064059257507324
48 -9.064065933227539
49 -9.064075469970703
50 -7.711961269378662
51 -9.06406307220459
52 -9.064043998718262
53 -9.064090728759766
54 -9.064064979553223
55 -7.669737815856934
56 -9.064078330993652
57 -9.064054489135742
58 -7.396946430206299
59 -7.798726558685303
60 -9.064083099365234
61 -9.064079284667969
62 -9.064068794250488
63 -7.670660495758057
64 -9.064088821411133
65 -9.064082145690918
66 -7.606457710266113
67 -9.064071655273438
68 -7.864800453186035
69 -9.064054489135742
70 -9.064050674438477
71 -7.494174480438232
72 -7.802548885345459
73 -7.613243103027344
74 -7.864790916442871
75 -7.837826251983643
76 -9.064054489135742
77 -9.064050674438477
78 -7.432979106903076
79 -9.064083099365234
80 -9.064080238342285
81 -7.798717021942139
82 -7.69066047668457
83 -7.992233753204346
84 -9.064091682434082
85 -7.606502056121826
86 -9.064080238342285
87 -7.63318395614624
88 -9.064040184020996
89 -9.06408977508545
90 -9.06408977508545
91 -9.064081192016602
92 -9.064080238342285
93 -7.837838172912598
94 -9.064069747924805
95 -9.064057350158691
96 -9.064090728759766
97 -9.064074516296387
98 -9.064053535461426
99 -7.7219929695129395
100 -9.064087867736816
101 -9.064083099365234
102 -8.057853698730469
103 -7.905422210693359
104 -9.064079284667969
105 -7.60648250579834
106 -7.48130989074707
107 -9.064077377319336
108 -9.064062118530273
109 -9.064066886901855
110 -9.064080238342285
111 -9.064048767089844
112 -9.064064979553223
113 -9.063767433166504
114 -9.064074516296387
115 -7.905425071716309
116 -9.064058303833008
117 -7.804849624633789
118 -9.06407356262207
119 -9.064077377319336
120 -9.064088821411133
121 -9.064090728759766
122 -9.064009666442871
123 -9.06404972076416
124 -7.905405521392822
125 -9.064069747924805
126 -9.064077377319336
127 -9.06408977508545
128 -9.064065933227539
129 -9.064071655273438
130 -9.064079284667969
131 -7.415101051330566
132 -7.915645599365234
133 -9.064062118530273
134 -7.606497287750244
135 -9.064082145690918
136 -9.064059257507324
137 -7.617040157318115
138 -7.415098190307617
139 -9.06408977508545
140 -9.064069747924805
141 -7.77999210357666
142 -9.06408977508545
143 -9.064058303833008
144 -7.804482936859131
145 -9.0640869140625
146 -7.424103736877441
147 -9.064055442810059
148 -9.064090728759766
149 -8.107486724853516
150 -9.064072608947754
151 -9.06408977508545
152 -7.804871082305908
153 -7.570265769958496
154 -7.782858371734619
155 -9.064082145690918
156 -9.064085006713867
157 -9.064085006713867
158 -9.064074516296387
159 -9.064075469970703
160 -7.657483100891113
161 -8.113296508789062
162 -9.06407356262207
163 -9.064072608947754
164 -7.439818382263184
165 -9.064044952392578
166 -7.796960353851318
167 -9.064078330993652
168 -9.064047813415527
169 -9.064090728759766
170 -9.064087867736816
171 -9.064044952392578
172 -9.064047813415527
173 -8.059752464294434
174 -9.063973426818848
175 -7.587968349456787
176 -9.064088821411133
177 -7.798729419708252
178 -9.06407642364502
179 -9.064068794250488
180 -7.648563861846924
181 -7.677350044250488
182 -7.864797592163086
183 -7.7381415367126465
184 -9.064050674438477
185 -7.837874889373779
186 -9.064046859741211
187 -9.064080238342285
188 -9.064078330993652
189 -9.064074516296387
190 -9.064064979553223
191 -9.063840866088867
192 -9.064082145690918
193 -9.064090728759766
194 -7.796898365020752
195 -7.79872465133667
196 -9.064068794250488
197 -7.864803791046143
198 -9.06408405303955
199 -9.064087867736816
200 -7.779998779296875
201 -7.586709022521973
202 -9.064081192016602
203 -7.588257789611816
204 -9.064040184020996
205 -7.804858684539795
206 -7.739099025726318
207 -9.064072608947754
208 -7.721957683563232
209 -9.061444282531738
210 -9.064066886901855
211 -9.06405258178711
212 -9.064085006713867
213 -7.864803314208984
214 -9.064083099365234
215 -9.064082145690918
216 -7.670759677886963
217 -9.064070701599121
218 -9.064085006713867
219 -9.064079284667969
220 -9.064085006713867
221 -7.430269241333008
222 -9.0640869140625
223 -7.802607536315918
224 -9.064062118530273
225 -7.502906322479248
226 -9.064087867736816
227 -7.780005931854248
228 -9.064085006713867
229 -9.064072608947754
230 -9.064048767089844
231 -7.661686897277832
232 -7.802568435668945
233 -9.064023971557617
234 -9.064077377319336
235 -9.064090728759766
236 -9.064064979553223
237 -9.064079284667969
238 -9.06408405303955
239 -7.864782810211182
240 -7.864801406860352
241 -9.064077377319336
242 -9.064059257507324
243 -9.064087867736816
244 -8.113298416137695
245 -9.064059257507324
246 -9.064080238342285
247 -9.064051628112793
248 -9.064082145690918
249 -9.064056396484375
250 -9.064078330993652
251 -7.339321136474609
252 -9.064069747924805
253 -9.064085006713867
254 -7.707303524017334
255 -9.06403636932373
256 -9.064075469970703
257 -7.864777565002441
258 -9.064071655273438
259 -7.710413455963135
260 -7.748256683349609
261 -9.064069747924805
262 -9.064061164855957
263 -9.064090728759766
264 -9.06407642364502
265 -8.008012771606445
266 -7.804868221282959
267 -9.064064979553223
268 -9.064066886901855
269 -7.717774868011475
270 -9.064054489135742
271 -9.06408977508545
272 -7.53924036026001
273 -7.804862976074219
274 -7.665292263031006
275 -9.064082145690918
276 -9.06407356262207
277 -9.064085006713867
278 -9.06407356262207
279 -9.064038276672363
280 -9.064082145690918
281 -7.9020280838012695
282 -8.060056686401367
283 -7.702569961547852
284 -9.061118125915527
285 -7.8379058837890625
286 -9.064064979553223
287 -9.064068794250488
288 -9.064090728759766
289 -7.711694240570068
290 -9.06405258178711
291 -9.06407642364502
292 -7.707292556762695
293 -8.059508323669434
294 -8.595842361450195
295 -9.064055442810059
296 -8.113261222839355
297 -7.606470108032227
298 -9.064046859741211
299 -9.064074516296387
300 -7.864787578582764
301 -7.796979904174805
302 -7.798696994781494
303 -9.064090728759766
304 -7.560906887054443
305 -9.064088821411133
306 -9.0640869140625
307 -9.06408405303955
308 -7.983174800872803
309 -8.008004188537598
310 -9.064083099365234
311 -7.42409610748291
312 -7.904431343078613
313 -9.064046859741211
314 -9.064046859741211
315 -7.804872512817383
316 -9.064074516296387
317 -8.060011863708496
318 -9.064055442810059
319 -9.064085006713867
320 -9.064048767089844
321 -9.064088821411133
322 -9.064085006713867
323 -9.06406307220459
324 -7.846076965332031
325 -9.064048767089844
326 -9.064038276672363
327 -9.064077377319336
328 -9.064071655273438
329 -7.621646404266357
330 -9.064059257507324
331 -7.623410224914551
332 -9.064085006713867
333 -7.828606605529785
334 -9.064088821411133
335 -7.721100330352783
336 -7.837868690490723
337 -9.064058303833008
338 -9.064081192016602
339 -9.064074516296387
340 -9.06407642364502
341 -9.064071655273438
342 -9.064085006713867
343 -7.798723220825195
344 -9.064059257507324
345 -7.7449951171875
346 -7.569748878479004
347 -7.864800453186035
348 -7.616116523742676
349 -9.064071655273438
350 -9.064085960388184
351 -7.632699489593506
352 -7.721978187561035
353 -9.064074516296387
354 -7.902076721191406
355 -7.779987812042236
356 -9.064081192016602
357 -9.064087867736816
358 -9.06407356262207
359 -9.064055442810059
360 -8.060039520263672
361 -9.064057350158691
362 -7.671988010406494
363 -9.064061164855957
364 -9.064071655273438
365 -7.9054083824157715
366 -8.060053825378418
367 -9.064043998718262
368 -7.737604141235352
369 -9.064083099365234
370 -9.064087867736816
371 -7.967524528503418
372 -9.064074516296387
373 -9.064072608947754
374 -7.780000686645508
375 -7.526001930236816
376 -9.064081192016602
377 -9.064054489135742
378 -9.064079284667969
379 -7.864792823791504
380 -7.636768341064453
381 -9.064090728759766
382 -7.904624938964844
383 -7.779980182647705
384 -7.7799882888793945
385 -7.574954509735107
386 -9.064070701599121
387 -9.06407642364502
388 -9.0640869140625
389 -9.063492774963379
390 -7.986678600311279
391 -7.998398780822754
392 -9.064064025878906
393 -9.064090728759766
394 -7.606511116027832
395 -7.8647966384887695
396 -9.064053535461426
397 -9.064082145690918
398 -9.064082145690918
399 -7.837857246398926
400 -9.064085006713867
401 -7.837909698486328
402 -9.064077377319336
403 -9.064079284667969
404 -9.06406021118164
405 -9.064064979553223
406 -7.657482147216797
407 -9.064085006713867
408 -7.798725128173828
409 -7.681190013885498
410 -9.064064025878906
411 -9.064074516296387
412 -7.661062240600586
413 -9.063983917236328
414 -7.6719970703125
415 -9.064064979553223
416 -9.06408405303955
417 -9.064056396484375
418 -9.064051628112793
419 -9.064068794250488
420 -9.064078330993652
421 -9.064081192016602
422 -8.059928894042969
423 -7.741827487945557
424 -7.421689987182617
425 -9.064059257507324
426 -9.064075469970703
427 -9.064043998718262
428 -9.064047813415527
429 -7.611079216003418
430 -9.064091682434082
431 -9.064082145690918
432 -9.064050674438477
433 -9.064082145690918
434 -9.064085006713867
435 -7.688268184661865
436 -9.064064025878906
437 -7.7119526863098145
438 -9.064085006713867
439 -9.064078330993652
440 -9.063878059387207
441 -9.064077377319336
442 -9.064077377319336
443 -9.064058303833008
444 -9.064064025878906
445 -9.064069747924805
446 -9.064085006713867
447 -9.064083099365234
448 -7.780004978179932
449 -9.06408405303955
450 -8.007962226867676
451 -9.064069747924805
452 -8.060026168823242
453 -9.06408977508545
454 -9.064078330993652
455 -7.748251438140869
456 -7.798709392547607
457 -9.064082145690918
458 -7.804853439331055
459 -9.06407642364502
460 -9.064072608947754
461 -7.900205612182617
462 -9.064087867736816
463 -7.798741817474365
464 -9.064078330993652
465 -9.064081192016602
466 -7.905393123626709
467 -9.064087867736816
468 -7.836612224578857
469 -9.06407356262207
470 -9.064064025878906
471 -9.064075469970703
472 -9.064078330993652
473 -9.064083099365234
474 -7.798734664916992
475 -9.06405258178711
476 -8.113255500793457
477 -9.064064025878906
478 -7.903022766113281
479 -7.804872989654541
480 -7.79872989654541
481 -9.064080238342285
482 -9.064072608947754
483 -9.06408977508545
484 -8.113295555114746
485 -9.064057350158691
486 -9.064037322998047
487 -7.582208156585693
488 -9.064066886901855
489 -9.064066886901855
490 -7.889791965484619
491 -9.064085006713867
492 -9.064075469970703
493 -8.113295555114746
494 -7.5514092445373535
495 -9.064083099365234
496 -9.064070701599121
497 -9.06408977508545
498 -9.064080238342285
499 -9.064042091369629
500 -9.064080238342285
501 -9.064056396484375
502 -8.007966041564941
503 -9.064082145690918
504 -9.064064979553223
505 -9.064079284667969
506 -9.06407642364502
507 -9.06408405303955
508 -9.064069747924805
509 -7.997462272644043
510 -9.064067840576172
511 -7.669233322143555
512 -9.064081192016602
513 -7.994947910308838
514 -7.378344535827637
515 -7.632046699523926
516 -9.064061164855957
517 -7.905406475067139
518 -7.71470308303833
519 -9.064087867736816
520 -9.064079284667969
521 -9.064085006713867
522 -9.064085960388184
523 -9.064085960388184
524 -9.064055442810059
525 -9.06407642364502
526 -9.064079284667969
527 -7.761775016784668
528 -7.779995441436768
529 -9.064087867736816
530 -7.780002593994141
531 -9.06407356262207
532 -9.064029693603516
533 -7.520350933074951
534 -9.064059257507324
535 -7.710513591766357
536 -9.064085960388184
537 -7.424081802368164
538 -9.064041137695312
539 -7.498953819274902
540 -9.064037322998047
541 -9.064058303833008
542 -9.064069747924805
543 -9.064081192016602
544 -9.064071655273438
545 -9.06407356262207
546 -9.064041137695312
547 -7.993943691253662
548 -9.064058303833008
549 -7.793788909912109
550 -7.773571014404297
551 -9.064051628112793
552 -9.064064025878906
553 -9.064074516296387
554 -8.059867858886719
555 -9.064054489135742
556 -7.878284454345703
557 -9.064055442810059
558 -7.915656089782715
559 -7.734157085418701
560 -7.779980659484863
561 -9.064090728759766
562 -9.064056396484375
563 -9.064090728759766
564 -7.761505603790283
565 -8.043725967407227
566 -9.064079284667969
567 -9.064075469970703
568 -9.064080238342285
569 -9.064085006713867
570 -9.064080238342285
571 -9.06408405303955
572 -7.714987754821777
573 -9.06407642364502
574 -8.053777694702148
575 -9.06408977508545
576 -9.064075469970703
577 -9.064085960388184
578 -9.064077377319336
579 -7.903014659881592
580 -9.064071655273438
581 -9.0640869140625
582 -7.659397125244141
583 -9.064082145690918
584 -9.06408977508545
585 -9.064065933227539
586 -9.064050674438477
587 -8.060059547424316
588 -7.942096710205078
589 -7.761780738830566
590 -9.064090728759766
591 -9.064090728759766
592 -9.064067840576172
593 -9.0640869140625
594 -7.709044456481934
595 -8.007903099060059
596 -9.064090728759766
597 -7.6720147132873535
598 -9.064082145690918
599 -9.064090728759766
600 -9.064061164855957
601 -7.779973030090332
602 -9.064082145690918
603 -9.064077377319336
604 -9.064083099365234
605 -7.738190650939941
606 -7.721991062164307
607 -9.064081192016602
608 -9.064067840576172
609 -9.06408977508545
610 -9.064085006713867
611 -9.064082145690918
612 -9.064071655273438
613 -9.06403923034668
614 -7.9020843505859375
615 -9.06407642364502
616 -9.064075469970703
617 -9.06406307220459
618 -9.064059257507324
619 -8.060044288635254
620 -9.064048767089844
621 -7.780006408691406
622 -9.064058303833008
623 -9.0640869140625
624 -9.064090728759766
625 -9.06406307220459
626 -9.064054489135742
627 -9.064074516296387
628 -7.837854862213135
629 -9.06406307220459
630 -7.6259965896606445
631 -9.064072608947754
632 -9.064070701599121
633 -9.064057350158691
634 -9.064050674438477
635 -7.506807804107666
636 -9.06406307220459
637 -9.06407642364502
638 -9.064069747924805
639 -9.0640869140625
640 -9.064075469970703
641 -7.481368064880371
642 -9.064081192016602
643 -7.470592498779297
644 -8.11329174041748
645 -9.064083099365234
646 -9.064072608947754
647 -7.721989631652832
648 -9.064079284667969
649 -9.064082145690918
650 -9.064038276672363
651 -7.843899726867676
652 -9.064080238342285
653 -9.064059257507324
654 -7.738183498382568
655 -9.064080238342285
656 -7.8770222663879395
657 -8.005657196044922
658 -9.064078330993652
659 -9.064077377319336
660 -9.064066886901855
661 -8.113299369812012
662 -7.4307708740234375
663 -9.064064025878906
664 -9.064067840576172
665 -9.064087867736816
666 -9.06407356262207
667 -9.064046859741211
668 -9.064046859741211
669 -9.063946723937988
670 -7.864802360534668
671 -9.064088821411133
672 -7.864809036254883
673 -7.560875415802002
674 -9.064080238342285
675 -7.645195960998535
676 -9.064085960388184
677 -9.064064979553223
678 -9.06408977508545
679 -9.064088821411133
680 -9.064081192016602
681 -9.064081192016602
682 -9.064072608947754
683 -9.064070701599121
684 -9.0640869140625
685 -7.43446159362793
686 -7.658965110778809
687 -9.064077377319336
688 -9.064067840576172
689 -9.064044952392578
690 -7.520663738250732
691 -7.9054107666015625
692 -9.064048767089844
693 -9.064075469970703
694 -7.66180944442749
695 -8.060065269470215
696 -7.36327600479126
697 -9.064075469970703
698 -7.67385196685791
699 -9.064068794250488
700 -9.06408977508545
701 -9.064072608947754
702 -9.06407356262207
703 -7.5638275146484375
704 -7.6788458824157715
705 -7.578566074371338
706 -9.06408977508545
707 -9.064079284667969
708 -9.064037322998047
709 -9.063871383666992
710 -7.624404430389404
711 -9.064083099365234
712 -9.064081192016602
713 -9.064033508300781
714 -9.064078330993652
715 -9.064077377319336
716 -7.748262405395508
717 -7.339895248413086
718 -9.064077377319336
719 -7.567455291748047
720 -9.064090728759766
721 -9.064083099365234
722 -7.732748031616211
723 -9.064074516296387
724 -7.673713207244873
725 -9.064081192016602
726 -9.064064025878906
727 -7.837823390960693
728 -8.060059547424316
729 -8.059979438781738
730 -9.064090728759766
731 -9.064081192016602
732 -9.064079284667969
733 -7.44428014755249
734 -9.064064025878906
735 -7.41510009765625
736 -9.064082145690918
737 -9.064081192016602
738 -7.902400016784668
739 -7.586622714996338
740 -9.06408405303955
741 -8.059951782226562
742 -9.064056396484375
743 -9.064067840576172
744 -9.06408405303955
745 -7.670742034912109
746 -9.064079284667969
747 -9.06408405303955
748 -9.064064025878906
749 -9.064069747924805
750 -7.90485954284668
751 -9.064082145690918
752 -9.064077377319336
753 -7.905405044555664
754 -9.064077377319336
755 -9.064079284667969
756 -7.588270664215088
757 -9.064090728759766
758 -7.717770576477051
759 -7.7983808517456055
760 -9.064058303833008
761 -9.064042091369629
762 -8.060060501098633
763 -7.7381768226623535
764 -7.738202095031738
765 -7.40247106552124
766 -9.064081192016602
767 -9.064065933227539
768 -7.905390739440918
769 -9.064072608947754
770 -7.58779239654541
771 -7.8886919021606445
772 -7.623408317565918
773 -9.064091682434082
774 -9.064041137695312
775 -9.064085960388184
776 -9.06406021118164
777 -9.064070701599121
778 -7.60231351852417
779 -7.804873943328857
780 -9.06407642364502
781 -7.670342445373535
782 -9.064059257507324
783 -9.06407356262207
784 -7.355668544769287
785 -7.8378777503967285
786 -9.064051628112793
787 -7.605147838592529
788 -9.064047813415527
789 -7.9021735191345215
790 -9.064058303833008
791 -9.064056396484375
792 -9.064079284667969
793 -7.566946506500244
794 -9.064046859741211
795 -9.064081192016602
796 -7.903001308441162
797 -9.064083099365234
798 -7.566945552825928
799 -9.06408977508545
800 -9.064062118530273
801 -9.064059257507324
802 -9.064078330993652
803 -7.715009689331055
804 -7.675619125366211
805 -7.804878234863281
806 -9.064090728759766
807 -7.779972076416016
808 -9.064056396484375
809 -7.415093421936035
810 -9.064065933227539
811 -9.064062118530273
812 -9.064083099365234
813 -7.796964645385742
814 -7.846047401428223
815 -9.06406307220459
816 -9.064071655273438
817 -9.064085006713867
818 -7.797860145568848
819 -7.707273006439209
820 -9.064067840576172
821 -9.064085960388184
822 -7.626009941101074
823 -7.864803791046143
824 -9.064064025878906
825 -9.063286781311035
826 -9.064081192016602
827 -7.8042473793029785
828 -8.058998107910156
829 -9.064072608947754
830 -7.779998779296875
831 -9.06404972076416
832 -9.064078330993652
833 -9.06408977508545
834 -7.636253356933594
835 -9.064069747924805
836 -7.837870121002197
837 -8.113280296325684
838 -9.024803161621094
839 -7.7969069480896
840 -7.738193988800049
841 -9.064059257507324
842 -9.064083099365234
843 -9.06408977508545
844 -9.06403923034668
845 -9.0640869140625
846 -7.720831871032715
847 -9.064087867736816
848 -7.779925346374512
849 -9.064081192016602
850 -9.064085960388184
851 -9.064047813415527
852 -7.61326265335083
853 -9.064057350158691
854 -7.665238380432129
855 -9.064080238342285
856 -7.8379225730896
857 -9.064077377319336
858 -7.738162517547607
859 -9.064079284667969
860 -9.06407356262207
861 -9.063990592956543
862 -7.796944618225098
863 -9.064082145690918
864 -9.06406307220459
865 -9.064083099365234
866 -7.798731327056885
867 -7.90098237991333
868 -8.113061904907227
869 -9.06408405303955
870 -9.064070701599121
871 -9.0640869140625
872 -9.064064979553223
873 -7.704203128814697
874 -9.064082145690918
875 -7.748250961303711
876 -7.6332526206970215
877 -7.800023555755615
878 -9.064067840576172
879 -9.064067840576172
880 -7.6883134841918945
881 -9.06408405303955
882 -9.064047813415527
883 -9.064088821411133
884 -9.064075469970703
885 -8.98106575012207
886 -9.06408977508545
887 -9.06408405303955
888 -7.415092468261719
889 -9.064090728759766
890 -7.5431928634643555
891 -9.064081192016602
892 -9.064077377319336
893 -7.804872035980225
894 -9.064048767089844
895 -7.592716693878174
896 -9.064075469970703
897 -7.802578449249268
898 -9.064075469970703
899 -9.064087867736816
900 -9.064085960388184
901 -7.424099445343018
902 -7.6021928787231445
903 -8.060047149658203
904 -9.06406021118164
905 -9.064075469970703
906 -9.064065933227539
907 -9.064044952392578
908 -7.980213165283203
909 -9.064085006713867
910 -9.064053535461426
911 -9.064082145690918
912 -7.707287788391113
913 -7.7382025718688965
914 -9.064081192016602
915 -7.561423301696777
916 -7.398756980895996
917 -7.903026103973389
918 -9.064085960388184
919 -9.064064979553223
920 -7.905365467071533
921 -7.619155406951904
922 -7.5437517166137695
923 -9.06408405303955
924 -9.064080238342285
925 -7.544615745544434
926 -9.064078330993652
927 -7.636717796325684
928 -8.113268852233887
929 -9.06406307220459
930 -9.064037322998047
931 -9.064053535461426
932 -9.06408405303955
933 -9.064075469970703
934 -9.064051628112793
935 -9.064079284667969
936 -9.064054489135742
937 -9.064068794250488
938 -7.876537799835205
939 -9.064090728759766
940 -9.064072608947754
941 -7.528474807739258
942 -7.798736572265625
943 -7.314833641052246
944 -9.064058303833008
945 -9.064068794250488
946 -9.064050674438477
947 -7.566948890686035
948 -9.064079284667969
949 -9.064077377319336
950 -7.335505485534668
951 -7.415096282958984
952 -7.798740863800049
953 -7.903017520904541
954 -9.06407642364502
955 -7.86479377746582
956 -9.064081192016602
957 -7.424096584320068
958 -9.064079284667969
959 -9.064058303833008
960 -9.06408977508545
961 -7.5669474601745605
962 -7.905411243438721
963 -9.064068794250488
964 -9.064082145690918
965 -7.499314308166504
966 -7.904629230499268
967 -9.0640869140625
968 -9.064057350158691
969 -9.064030647277832
970 -7.837632179260254
971 -9.064087867736816
972 -7.915648937225342
973 -9.06407356262207
974 -9.064078330993652
975 -7.54901647567749
976 -7.7254414558410645
977 -9.064051628112793
978 -9.064090728759766
979 -9.063212394714355
980 -9.064070701599121
981 -9.064058303833008
982 -9.064031600952148
983 -9.064066886901855
984 -9.064087867736816
985 -9.064090728759766
986 -7.645193576812744
987 -9.064085006713867
988 -9.064075469970703
989 -9.064078330993652
990 -7.864774227142334
991 -9.064023971557617
992 -7.645271301269531
993 -7.690362453460693
994 -8.052050590515137
995 -9.064077377319336
996 -9.064077377319336
997 -9.064071655273438
998 -9.064075469970703
999 -9.064064025878906
