0 -5.669827461242676
1 -5.339718818664551
2 -5.862410545349121
3 -5.151291847229004
4 -5.247060298919678
5 -6.482822418212891
6 -6.882962226867676
7 -6.461029529571533
8 -6.677401542663574
9 -6.637828826904297
10 -5.95707893371582
11 -6.464104652404785
12 -9.064090728759766
13 -6.353115081787109
14 -6.824729919433594
15 -5.7792744636535645
16 -7.558390140533447
17 -6.889216899871826
18 -8.364773750305176
19 -7.509851932525635
20 -6.271981716156006
21 -8.712074279785156
22 -9.042490005493164
23 -8.813724517822266
24 -6.526467800140381
25 -6.022623538970947
26 -6.6648850440979
27 -6.661747932434082
28 -7.244372367858887
29 -9.057119369506836
30 -7.429179668426514
31 -7.508490562438965
32 -6.525186538696289
33 -7.031805992126465
34 -8.514172554016113
35 -9.064091682434082
36 -8.419914245605469
37 -6.3096923828125
38 -6.313677787780762
39 -9.064090728759766
40 -6.120573997497559
41 -6.692419528961182
42 -6.893510818481445
43 -6.895750999450684
44 -8.97622013092041
45 -8.063912391662598
46 -9.064090728759766
47 -9.064090728759766
48 -6.035655975341797
49 -8.753833770751953
50 -7.058504104614258
51 -6.501126289367676
52 -6.527616500854492
53 -9.0221529006958
54 -6.558032989501953
55 -8.658774375915527
56 -6.5338239669799805
57 -6.318907737731934
58 -6.364349842071533
59 -6.79670524597168
60 -6.208686351776123
61 -6.843194007873535
62 -6.970871448516846
63 -6.295632362365723
64 -7.237024784088135
65 -6.369553565979004
66 -9.06408977508545
67 -7.439404487609863
68 -6.220736503601074
69 -6.144652843475342
70 -6.696549892425537
71 -6.736286640167236
72 -7.346141338348389
73 -6.9417033195495605
74 -7.289192199707031
75 -7.084747314453125
76 -6.915469169616699
77 -6.84879732131958
78 -6.936432361602783
79 -6.991672515869141
80 -6.465358257293701
81 -7.301634788513184
82 -6.597143173217773
83 -8.573115348815918
84 -6.895447731018066
85 -9.064090728759766
86 -8.406148910522461
87 -6.991556167602539
88 -7.803637504577637
89 -6.8186798095703125
90 -6.416560173034668
91 -7.8257904052734375
92 -8.497822761535645
93 -8.774179458618164
94 -9.031525611877441
95 -6.154266357421875
96 -7.0091962814331055
97 -6.317974090576172
98 -6.588708877563477
99 -6.873911380767822
100 -8.683692932128906
101 -5.485230922698975
102 -6.231808185577393
103 -6.109992504119873
104 -8.019851684570312
105 -8.763813972473145
106 -8.501731872558594
107 -6.524868965148926
108 -6.523135662078857
109 -7.777563571929932
110 -6.440402030944824
111 -6.306197166442871
112 -7.429705619812012
113 -6.760171413421631
114 -6.102873802185059
115 -7.153450965881348
116 -7.439106464385986
117 -7.000971794128418
118 -6.431609153747559
119 -6.303647041320801
120 -7.58576774597168
121 -6.401752471923828
122 -6.927283763885498
123 -6.5567851066589355
124 -6.402122497558594
125 -6.696195602416992
126 -8.912870407104492
127 -6.545834541320801
128 -8.505717277526855
129 -6.085902214050293
130 -6.286656856536865
131 -7.032898426055908
132 -5.868960380554199
133 -6.481277942657471
134 -8.915300369262695
135 -6.288288593292236
136 -6.578307628631592
137 -7.551300048828125
138 -8.860330581665039
139 -7.014761447906494
140 -7.002854347229004
141 -6.6330718994140625
142 -7.169468879699707
143 -6.827288627624512
144 -7.181917190551758
145 -8.325263977050781
146 -6.811748504638672
147 -6.543593883514404
148 -6.713561058044434
149 -6.393206596374512
150 -7.163739204406738
151 -8.928214073181152
152 -6.595432281494141
153 -6.739306926727295
154 -6.5833845138549805
155 -7.081418037414551
156 -6.853611946105957
157 -8.909167289733887
158 -6.431590557098389
159 -7.389949321746826
160 -8.085780143737793
161 -7.412827014923096
162 -6.261076927185059
163 -8.607259750366211
164 -6.800187587738037
165 -9.064090728759766
166 -6.547433853149414
167 -7.095828056335449
168 -6.540764331817627
169 -8.325291633605957
170 -6.715938568115234
171 -6.2395100593566895
172 -6.477978706359863
173 -7.466701984405518
174 -8.149169921875
175 -6.726858139038086
176 -9.008342742919922
177 -6.588502407073975
178 -6.4946608543396
179 -5.994185924530029
180 -6.851223945617676
181 -7.091665267944336
182 -6.210770606994629
183 -6.996491432189941
184 -6.683751106262207
185 -6.70233154296875
186 -7.146161079406738
187 -7.8289618492126465
188 -6.874082565307617
189 -6.348856449127197
190 -8.358083724975586
191 -6.979589462280273
192 -6.371997833251953
193 -7.917844772338867
194 -5.704987049102783
195 -6.854500770568848
196 -8.626343727111816
197 -8.592340469360352
198 -7.257750034332275
199 -6.621678352355957
200 -6.431708335876465
201 -7.2632575035095215
202 -7.453759670257568
203 -6.994034767150879
204 -6.347298622131348
205 -7.158340930938721
206 -8.248241424560547
207 -6.396992206573486
208 -9.050037384033203
209 -6.6886444091796875
210 -6.106039047241211
211 -6.689422130584717
212 -6.310161590576172
213 -7.9333295822143555
214 -6.770319938659668
215 -7.190060615539551
216 -6.726622581481934
217 -7.202201843261719
218 -9.064090728759766
219 -7.120138168334961
220 -6.786263465881348
221 -6.686126708984375
222 -7.896570205688477
223 -6.660623073577881
224 -8.69957160949707
225 -6.626986026763916
226 -6.676849365234375
227 -7.189967632293701
228 -7.10003137588501
229 -6.22806978225708
230 -6.7889084815979
231 -7.7560343742370605
232 -6.4164581298828125
233 -7.730113506317139
234 -6.6974077224731445
235 -8.725911140441895
236 -6.699497222900391
237 -8.923896789550781
238 -6.191678047180176
239 -6.1330060958862305
240 -9.022665977478027
241 -5.674318790435791
242 -7.822481155395508
243 -6.161282539367676
244 -8.550217628479004
245 -8.810661315917969
246 -6.136514663696289
247 -7.360859394073486
248 -6.872503757476807
249 -7.374813079833984
250 -7.306994438171387
251 -6.859028339385986
252 -7.050365447998047
253 -7.499279975891113
254 -6.537247657775879
255 -6.7179059982299805
256 -6.31721305847168
257 -6.530298233032227
258 -6.235421180725098
259 -7.095316410064697
260 -8.754106521606445
261 -5.578906059265137
262 -8.6149263381958
263 -9.06408977508545
264 -7.305509090423584
265 -6.33046817779541
266 -6.163702011108398
267 -6.516118049621582
268 -7.115586280822754
269 -6.027702331542969
270 -8.98779296875
271 -7.048658847808838
272 -7.702549934387207
273 -6.718509197235107
274 -7.956410884857178
275 -6.332038402557373
276 -6.862569808959961
277 -6.449167728424072
278 -6.9293694496154785
279 -6.551163196563721
280 -5.855259895324707
281 -5.868747711181641
282 -6.74358606338501
283 -6.325007438659668
284 -7.68533182144165
285 -7.624426364898682
286 -6.675132751464844
287 -6.746129989624023
288 -6.782367706298828
289 -7.014932155609131
290 -6.339138984680176
291 -8.618319511413574
292 -6.554859161376953
293 -8.734387397766113
294 -8.437565803527832
295 -7.5465617179870605
296 -7.471485137939453
297 -6.65647554397583
298 -9.004362106323242
299 -6.0751495361328125
300 -6.7885026931762695
301 -8.67886734008789
302 -6.1834564208984375
303 -6.457425594329834
304 -6.834035873413086
305 -8.708407402038574
306 -6.23748254776001
307 -7.363492965698242
308 -7.443480014801025
309 -6.2038655281066895
310 -6.570478916168213
311 -6.249326705932617
312 -7.789999008178711
313 -7.872529029846191
314 -6.918196678161621
315 -6.499081611633301
316 -6.8400115966796875
317 -6.812000274658203
318 -6.323678970336914
319 -6.681479454040527
320 -6.2046403884887695
321 -6.160440444946289
322 -6.418712615966797
323 -8.5487060546875
324 -6.551048278808594
325 -6.441504001617432
326 -9.043652534484863
327 -6.646691799163818
328 -7.007148742675781
329 -6.738620281219482
330 -6.394975185394287
331 -9.057575225830078
332 -8.976255416870117
333 -8.73678970336914
334 -7.393698215484619
335 -6.928335189819336
336 -7.818816184997559
337 -6.145567893981934
338 -6.655250549316406
339 -6.249471187591553
340 -6.656228065490723
341 -6.72586727142334
342 -9.064090728759766
343 -6.435044288635254
344 -6.420284271240234
345 -6.649056434631348
346 -7.4265899658203125
347 -6.3301801681518555
348 -8.917461395263672
349 -7.919475078582764
350 -6.429560661315918
351 -6.504118919372559
352 -6.3197479248046875
353 -6.385760307312012
354 -6.336784362792969
355 -6.776752471923828
356 -8.609557151794434
357 -8.033013343811035
358 -7.817996978759766
359 -8.185462951660156
360 -6.513021945953369
361 -7.517551898956299
362 -7.810545921325684
363 -6.005645751953125
364 -7.294328212738037
365 -7.20295524597168
366 -7.365861892700195
367 -6.5693817138671875
368 -6.067615032196045
369 -6.143373966217041
370 -6.702206611633301
371 -6.331648826599121
372 -6.144829273223877
373 -9.064090728759766
374 -6.562520980834961
375 -6.749148368835449
376 -6.031726360321045
377 -9.064090728759766
378 -6.208705425262451
379 -8.195273399353027
380 -5.956796646118164
381 -6.442703723907471
382 -7.187076091766357
383 -6.228036880493164
384 -6.489078521728516
385 -6.691991806030273
386 -6.092101097106934
387 -6.944900035858154
388 -7.185033321380615
389 -6.8249831199646
390 -6.946948528289795
391 -8.579728126525879
392 -6.346714973449707
393 -6.93749475479126
394 -7.310755729675293
395 -7.143918037414551
396 -6.040945529937744
397 -9.023147583007812
398 -6.679070472717285
399 -6.435347557067871
400 -7.280821800231934
401 -6.655739784240723
402 -6.602647304534912
403 -6.400825023651123
404 -6.07417106628418
405 -6.291686058044434
406 -7.94136905670166
407 -6.713779449462891
408 -7.157066345214844
409 -7.475965976715088
410 -6.381694793701172
411 -7.451667785644531
412 -6.542336463928223
413 -7.318886756896973
414 -7.7242431640625
415 -7.299088001251221
416 -7.175816535949707
417 -6.1049652099609375
418 -8.598787307739258
419 -6.537500858306885
420 -6.025016784667969
421 -6.4481120109558105
422 -6.233292579650879
423 -8.663207054138184
424 -6.654016494750977
425 -9.006733894348145
426 -6.091667175292969
427 -7.179201126098633
428 -6.153108596801758
429 -7.039060592651367
430 -6.096158981323242
431 -6.376412391662598
432 -6.490100860595703
433 -6.375374794006348
434 -7.046652793884277
435 -6.252736568450928
436 -8.709502220153809
437 -8.891942977905273
438 -6.0521745681762695
439 -6.3975725173950195
440 -6.12986946105957
441 -9.045612335205078
442 -6.177757263183594
443 -6.339948654174805
444 -6.849292755126953
445 -8.930480003356934
446 -6.407439231872559
447 -8.927701950073242
448 -7.691648483276367
449 -7.779581546783447
450 -8.596931457519531
451 -6.181052207946777
452 -8.590694427490234
453 -6.468142032623291
454 -6.376095294952393
455 -6.394091606140137
456 -6.865266799926758
457 -6.285377502441406
458 -5.95280647277832
459 -8.571208953857422
460 -7.739664077758789
461 -7.36454439163208
462 -6.963582992553711
463 -6.67567253112793
464 -6.285247325897217
465 -6.646142959594727
466 -6.395374774932861
467 -7.500842094421387
468 -6.603477478027344
469 -6.193710803985596
470 -7.253109931945801
471 -8.912152290344238
472 -6.036318778991699
473 -7.184788703918457
474 -6.221851348876953
475 -7.519397258758545
476 -6.993518829345703
477 -9.064090728759766
478 -9.017524719238281
479 -6.982027530670166
480 -7.972944736480713
481 -6.220269203186035
482 -6.421887397766113
483 -8.58011531829834
484 -6.425533294677734
485 -8.42402172088623
486 -7.37712287902832
487 -6.590466022491455
488 -7.123264789581299
489 -6.471068859100342
490 -8.54116439819336
491 -8.850147247314453
492 -7.721010684967041
493 -6.8492937088012695
494 -6.472721099853516
495 -7.238384246826172
496 -6.7389631271362305
497 -6.891589641571045
498 -6.51099157333374
499 -8.288114547729492
500 -6.584293842315674
501 -7.996311187744141
502 -7.832221031188965
503 -6.675065994262695
504 -7.992193698883057
505 -7.092472553253174
506 -8.638815879821777
507 -8.765666961669922
508 -6.704753875732422
509 -6.228334903717041
510 -6.372379779815674
511 -6.679299354553223
512 -6.306225776672363
513 -6.393391132354736
514 -6.263735771179199
515 -6.36029577255249
516 -8.7279052734375
517 -6.4200005531311035
518 -6.683213233947754
519 -6.426178932189941
520 -8.51335620880127
521 -7.311371803283691
522 -7.30103063583374
523 -9.03325080871582
524 -6.131936550140381
525 -6.311967849731445
526 -8.94875717163086
527 -6.04088020324707
528 -6.3696513175964355
529 -6.8888959884643555
530 -6.451467514038086
531 -6.64265251159668
532 -6.383424282073975
533 -6.65765905380249
534 -6.460256576538086
535 -7.127408981323242
536 -6.748568534851074
537 -6.51606559753418
538 -6.290151596069336
539 -9.06408977508545
540 -7.519398212432861
541 -7.487711429595947
542 -8.895478248596191
543 -6.224987030029297
544 -6.1981964111328125
545 -6.183321952819824
546 -6.40324592590332
547 -7.012613773345947
548 -9.019824981689453
549 -6.897012233734131
550 -6.939946174621582
551 -6.651919841766357
552 -7.860989570617676
553 -6.314428329467773
554 -6.134401798248291
555 -6.432741641998291
556 -6.6334757804870605
557 -6.768558979034424
558 -7.273258686065674
559 -6.641074180603027
560 -7.263291358947754
561 -5.7285475730896
562 -6.705344200134277
563 -6.656525611877441
564 -7.323750972747803
565 -6.683530807495117
566 -7.34924840927124
567 -6.6112213134765625
568 -6.756372928619385
569 -5.947636604309082
570 -8.70854663848877
571 -6.424893379211426
572 -8.075066566467285
573 -6.293002605438232
574 -5.978752136230469
575 -6.021191596984863
576 -6.493206977844238
577 -6.849449634552002
578 -6.665710926055908
579 -8.017220497131348
580 -7.53922700881958
581 -6.183149337768555
582 -9.040148735046387
583 -7.519396781921387
584 -6.9472975730896
585 -5.935383319854736
586 -6.824476718902588
587 -7.740137100219727
588 -6.578437805175781
589 -6.548889636993408
590 -6.523697853088379
591 -8.272717475891113
592 -6.045762062072754
593 -6.602731704711914
594 -7.006877422332764
595 -6.340426921844482
596 -8.54436206817627
597 -7.317943096160889
598 -6.750571250915527
599 -7.0123748779296875
600 -6.813127040863037
601 -6.201997756958008
602 -6.835335731506348
603 -6.987876892089844
604 -6.176353454589844
605 -8.577817916870117
606 -6.702852725982666
607 -6.46360969543457
608 -8.774109840393066
609 -8.448740005493164
610 -6.712688446044922
611 -6.743114471435547
612 -7.665096759796143
613 -7.286098003387451
614 -6.468436241149902
615 -8.445368766784668
616 -6.869907855987549
617 -6.501910209655762
618 -6.24725866317749
619 -6.339948654174805
620 -6.979589462280273
621 -6.909366130828857
622 -6.979589939117432
623 -6.229901313781738
624 -8.617753982543945
625 -6.045820236206055
626 -6.534345626831055
627 -6.754229545593262
628 -6.092155456542969
629 -8.842267990112305
630 -5.801473617553711
631 -6.493507385253906
632 -8.738598823547363
633 -6.943463325500488
634 -8.162256240844727
635 -8.923367500305176
636 -8.102397918701172
637 -7.276152610778809
638 -7.457738876342773
639 -6.838550567626953
640 -8.938612937927246
641 -6.703568935394287
642 -6.219189167022705
643 -6.743830680847168
644 -6.255979537963867
645 -8.725686073303223
646 -9.023831367492676
647 -8.626401901245117
648 -7.103830337524414
649 -9.064090728759766
650 -6.621039390563965
651 -8.393241882324219
652 -6.960988998413086
653 -6.979589939117432
654 -7.49713659286499
655 -6.285120010375977
656 -6.715752601623535
657 -7.096397399902344
658 -7.646367073059082
659 -6.1659836769104
660 -8.590583801269531
661 -9.064090728759766
662 -8.683650016784668
663 -8.773696899414062
664 -9.064090728759766
665 -6.671684265136719
666 -7.008245468139648
667 -6.598230838775635
668 -6.242524147033691
669 -6.258212089538574
670 -6.778207778930664
671 -8.761791229248047
672 -9.02579402923584
673 -6.499330043792725
674 -7.56943416595459
675 -7.928930282592773
676 -7.647772789001465
677 -7.049684524536133
678 -6.5019097328186035
679 -7.464893817901611
680 -6.249075412750244
681 -7.3762335777282715
682 -8.560393333435059
683 -7.6985697746276855
684 -7.889420986175537
685 -7.383341312408447
686 -6.647879123687744
687 -6.416982650756836
688 -7.130585193634033
689 -8.738662719726562
690 -6.860499858856201
691 -6.282821178436279
692 -6.36588716506958
693 -6.888708114624023
694 -6.212162017822266
695 -6.32127571105957
696 -8.405492782592773
697 -9.064090728759766
698 -6.305864334106445
699 -6.685259819030762
700 -6.849292755126953
701 -7.359401226043701
702 -6.34005069732666
703 -6.597504615783691
704 -6.2656683921813965
705 -5.821845054626465
706 -6.305969715118408
707 -6.83322286605835
708 -9.064090728759766
709 -9.06408977508545
710 -6.487247467041016
711 -7.174086570739746
712 -6.2931060791015625
713 -5.940444469451904
714 -6.039736747741699
715 -6.982058525085449
716 -9.04360294342041
717 -6.71689510345459
718 -7.245621204376221
719 -7.781097888946533
720 -7.965695858001709
721 -6.508967876434326
722 -8.776925086975098
723 -6.414697647094727
724 -7.614956378936768
725 -6.3794379234313965
726 -6.256176948547363
727 -9.003205299377441
728 -6.890296936035156
729 -6.466113567352295
730 -7.270763397216797
731 -6.849707126617432
732 -6.39052152633667
733 -7.474108695983887
734 -7.778254508972168
735 -7.002240180969238
736 -7.311370849609375
737 -6.353392601013184
738 -6.785941123962402
739 -6.661982536315918
740 -8.53128433227539
741 -8.032855033874512
742 -6.8073930740356445
743 -6.399397373199463
744 -7.521934509277344
745 -6.358071327209473
746 -6.798271656036377
747 -6.2575907707214355
748 -6.2667317390441895
749 -8.096906661987305
750 -6.687966346740723
751 -8.655962944030762
752 -6.228540420532227
753 -6.109249591827393
754 -6.182498455047607
755 -6.275138854980469
756 -5.976145267486572
757 -8.628113746643066
758 -6.098566055297852
759 -6.89957332611084
760 -6.99295711517334
761 -6.541787624359131
762 -8.835567474365234
763 -5.84554386138916
764 -6.398417949676514
765 -7.27293062210083
766 -6.485779285430908
767 -6.033298492431641
768 -7.269006252288818
769 -6.3246235847473145
770 -6.137316703796387
771 -6.071375846862793
772 -6.88976526260376
773 -6.397391319274902
774 -6.887678623199463
775 -5.983086585998535
776 -6.264106273651123
777 -7.7156219482421875
778 -6.986971855163574
779 -9.064090728759766
780 -6.17542839050293
781 -6.199182987213135
782 -6.339949131011963
783 -6.421607494354248
784 -5.760276794433594
785 -6.012412071228027
786 -8.746923446655273
787 -6.811774253845215
788 -6.604902267456055
789 -9.064090728759766
790 -7.150036811828613
791 -6.449069499969482
792 -6.120843887329102
793 -6.293062686920166
794 -6.282186508178711
795 -6.925107002258301
796 -5.944494724273682
797 -6.185473918914795
798 -6.637892723083496
799 -7.060806751251221
800 -7.489805221557617
801 -7.13673210144043
802 -6.089043617248535
803 -6.314226150512695
804 -6.329254627227783
805 -7.415587902069092
806 -6.58409309387207
807 -6.695306301116943
808 -7.502438068389893
809 -6.111744403839111
810 -6.604788780212402
811 -8.06879711151123
812 -7.156528949737549
813 -6.822654724121094
814 -8.520622253417969
815 -6.409159183502197
816 -9.007092475891113
817 -6.480501174926758
818 -6.125972270965576
819 -7.537403583526611
820 -8.432406425476074
821 -7.495283603668213
822 -6.4495415687561035
823 -6.733243465423584
824 -6.992946624755859
825 -6.5073161125183105
826 -7.677518367767334
827 -9.06408977508545
828 -8.414125442504883
829 -6.465087890625
830 -8.03504467010498
831 -6.613649368286133
832 -6.928328514099121
833 -6.542990207672119
834 -6.250528335571289
835 -6.473418235778809
836 -6.87148380279541
837 -7.605791091918945
838 -6.755346298217773
839 -7.2641801834106445
840 -6.614711761474609
841 -9.064090728759766
842 -6.5091071128845215
843 -6.54275369644165
844 -7.68864631652832
845 -6.841667652130127
846 -8.930229187011719
847 -8.650390625
848 -6.547990322113037
849 -6.143845081329346
850 -6.009875297546387
851 -7.987710475921631
852 -6.516812801361084
853 -7.424549579620361
854 -8.485833168029785
855 -6.347410202026367
856 -6.567140579223633
857 -8.15395736694336
858 -6.330559730529785
859 -6.294380187988281
860 -7.0012526512146
861 -8.814892768859863
862 -6.9832563400268555
863 -7.656501770019531
864 -9.02625846862793
865 -8.35910415649414
866 -6.264280796051025
867 -6.843306541442871
868 -7.689694404602051
869 -7.14659309387207
870 -6.736035346984863
871 -7.918971538543701
872 -6.64750862121582
873 -8.461994171142578
874 -6.333832740783691
875 -6.028056621551514
876 -6.2889556884765625
877 -5.992490291595459
878 -6.735119819641113
879 -6.2285614013671875
880 -7.859180450439453
881 -8.78289794921875
882 -6.848691940307617
883 -7.922168731689453
884 -6.225014686584473
885 -6.762307167053223
886 -6.432622909545898
887 -7.22273063659668
888 -6.34998083114624
889 -8.895524978637695
890 -6.363773822784424
891 -6.473263740539551
892 -7.174890995025635
893 -8.857516288757324
894 -6.287267208099365
895 -6.681166648864746
896 -6.442601203918457
897 -7.6086883544921875
898 -7.0727643966674805
899 -6.554764270782471
900 -7.071427345275879
901 -6.953681468963623
902 -5.908998489379883
903 -6.25363302230835
904 -6.2538228034973145
905 -6.697895050048828
906 -7.0946478843688965
907 -6.385222911834717
908 -6.953681945800781
909 -6.512047290802002
910 -6.4665327072143555
911 -8.67812728881836
912 -6.331452369689941
913 -6.8386335372924805
914 -7.521407127380371
915 -8.337247848510742
916 -6.294002532958984
917 -8.03154182434082
918 -7.555990219116211
919 -6.260974884033203
920 -6.406642436981201
921 -6.306206226348877
922 -6.773604393005371
923 -6.280364036560059
924 -6.528172016143799
925 -7.319439888000488
926 -6.843036651611328
927 -7.50235652923584
928 -7.008866786956787
929 -6.45654296875
930 -6.700458526611328
931 -6.894876480102539
932 -6.382698059082031
933 -6.212952613830566
934 -6.179978847503662
935 -7.427109718322754
936 -8.880303382873535
937 -6.470554351806641
938 -6.505767345428467
939 -8.828832626342773
940 -7.622549057006836
941 -7.185505390167236
942 -8.17162036895752
943 -6.792949199676514
944 -9.064090728759766
945 -9.014211654663086
946 -8.793804168701172
947 -8.851665496826172
948 -6.2401347160339355
949 -6.060811996459961
950 -6.327588081359863
951 -6.415215015411377
952 -7.050416469573975
953 -6.582697868347168
954 -6.621570587158203
955 -7.568009853363037
956 -6.119267463684082
957 -6.897231101989746
958 -8.81126880645752
959 -6.8465352058410645
960 -6.604911804199219
961 -7.428687572479248
962 -7.020676612854004
963 -6.248115539550781
964 -6.153472423553467
965 -6.84346866607666
966 -8.320273399353027
967 -6.716926574707031
968 -8.932371139526367
969 -6.928803443908691
970 -8.73509693145752
971 -6.929704189300537
972 -7.151690483093262
973 -9.064090728759766
974 -6.349935531616211
975 -7.74104118347168
976 -6.2107696533203125
977 -7.778021812438965
978 -6.7282514572143555
979 -8.82583999633789
980 -7.174723148345947
981 -9.064090728759766
982 -6.091324806213379
983 -6.30568265914917
984 -6.770552635192871
985 -6.649319171905518
986 -6.6555047035217285
987 -6.399168014526367
988 -6.283689022064209
989 -7.328540802001953
990 -6.3861870765686035
991 -6.423557281494141
992 -7.395009994506836
993 -9.06408977508545
994 -6.803210258483887
995 -6.601499080657959
996 -6.151281833648682
997 -8.957684516906738
998 -6.806354522705078
999 -6.91070032119751
