0 -8.050257682800293
1 -7.598981857299805
2 -9.064079284667969
3 -9.064079284667969
4 -7.4737958908081055
5 -9.064090728759766
6 -9.064066886901855
7 -9.064064025878906
8 -9.064079284667969
9 -9.064071655273438
10 -9.064058303833008
11 -9.064079284667969
12 -9.064074516296387
13 -8.113290786743164
14 -9.06408405303955
15 -7.433902263641357
16 -9.064090728759766
17 -7.804874897003174
18 -9.06408405303955
19 -9.064067840576172
20 -9.064087867736816
21 -7.350632190704346
22 -9.064071655273438
23 -7.587884426116943
24 -9.06408405303955
25 -9.06407356262207
26 -7.665282726287842
27 -7.532927989959717
28 -7.698697566986084
29 -9.0640869140625
30 -7.77999210357666
31 -9.064072608947754
32 -7.7799811363220215
33 -7.238271713256836
34 -7.6883039474487305
35 -9.064081192016602
36 -9.064078330993652
37 -9.064082145690918
38 -7.902890205383301
39 -9.064062118530273
40 -7.378875732421875
41 -7.864775657653809
42 -9.064064025878906
43 -9.064072608947754
44 -7.748279094696045
45 -7.779993057250977
46 -9.064078330993652
47 -9.06408405303955
48 -9.064080238342285
49 -9.064070701599121
50 -9.064088821411133
51 -9.064078330993652
52 -9.064040184020996
53 -9.064083099365234
54 -7.864805221557617
55 -9.0640869140625
56 -8.113298416137695
57 -9.064090728759766
58 -7.9023661613464355
59 -7.905405521392822
60 -8.060050010681152
61 -7.7799835205078125
62 -9.064072608947754
63 -9.064082145690918
64 -7.494687080383301
65 -9.064083099365234
66 -9.064078330993652
67 -9.064081192016602
68 -9.064068794250488
69 -9.064082145690918
70 -7.849145889282227
71 -9.064085960388184
72 -7.717766284942627
73 -9.064090728759766
74 -9.064090728759766
75 -9.064085960388184
76 -9.064085960388184
77 -9.064055442810059
78 -9.064040184020996
79 -7.672043800354004
80 -9.064074516296387
81 -9.064090728759766
82 -9.064090728759766
83 -9.064081192016602
84 -9.06408405303955
85 -7.579019546508789
86 -9.064085006713867
87 -9.064074516296387
88 -9.064059257507324
89 -7.8647918701171875
90 -9.064079284667969
91 -7.804863929748535
92 -7.606501579284668
93 -9.064090728759766
94 -7.77998685836792
95 -9.064090728759766
96 -7.837871551513672
97 -9.0640869140625
98 -9.064077377319336
99 -7.572824001312256
100 -9.064082145690918
101 -7.434413433074951
102 -7.798744201660156
103 -7.90540885925293
104 -9.064065933227539
105 -8.060037612915039
106 -9.06406307220459
107 -9.06407356262207
108 -9.064074516296387
109 -8.11329460144043
110 -9.064079284667969
111 -9.044059753417969
112 -7.802645206451416
113 -7.804873466491699
114 -9.06407356262207
115 -8.113295555114746
116 -7.802640914916992
117 -9.064082145690918
118 -7.390036582946777
119 -9.064078330993652
120 -9.064085006713867
121 -9.06403923034668
122 -7.798720359802246
123 -9.064068794250488
124 -7.899118423461914
125 -7.864785194396973
126 -9.064069747924805
127 -9.064075469970703
128 -9.06406307220459
129 -9.064059257507324
130 -9.06406307220459
131 -7.690667152404785
132 -9.064074516296387
133 -7.864793300628662
134 -7.734108924865723
135 -9.064087867736816
136 -9.06406021118164
137 -7.7799973487854
138 -9.06407356262207
139 -7.715005397796631
140 -9.064058303833008
141 -7.905317306518555
142 -9.0640869140625
143 -9.06407356262207
144 -9.064069747924805
145 -7.576983451843262
146 -7.904510974884033
147 -7.732813835144043
148 -7.903787136077881
149 -9.064062118530273
150 -9.064080238342285
151 -9.064078330993652
152 -7.747220039367676
153 -9.06407356262207
154 -8.007935523986816
155 -7.837913990020752
156 -7.473828315734863
157 -9.064079284667969
158 -9.064057350158691
159 -9.064085006713867
160 -9.064085960388184
161 -8.060056686401367
162 -9.064088821411133
163 -9.06407356262207
164 -9.064075469970703
165 -9.064081192016602
166 -7.632695198059082
167 -7.646297454833984
168 -9.064090728759766
169 -9.064081192016602
170 -9.064083099365234
171 -9.064087867736816
172 -9.064085960388184
173 -7.701419830322266
174 -7.657488822937012
175 -9.064043045043945
176 -7.431252956390381
177 -9.064082145690918
178 -9.064081192016602
179 -9.06406307220459
180 -9.064079284667969
181 -9.064082145690918
182 -7.739598751068115
183 -9.064075469970703
184 -9.064074516296387
185 -7.725417137145996
186 -9.064071655273438
187 -8.113286972045898
188 -8.113293647766113
189 -7.636525630950928
190 -9.064078330993652
191 -9.064070701599121
192 -8.113289833068848
193 -9.064075469970703
194 -7.864798545837402
195 -9.064054489135742
196 -7.4304656982421875
197 -9.064067840576172
198 -9.064080238342285
199 -7.415099620819092
200 -9.064064025878906
201 -9.064018249511719
202 -7.8647661209106445
203 -9.064085006713867
204 -9.064085006713867
205 -9.064035415649414
206 -9.064057350158691
207 -9.064078330993652
208 -9.064090728759766
209 -7.371765613555908
210 -7.371770858764648
211 -7.415104866027832
212 -9.064068794250488
213 -9.064056396484375
214 -9.064074516296387
215 -9.064072608947754
216 -9.064062118530273
217 -9.064055442810059
218 -7.707200527191162
219 -7.864808082580566
220 -8.113290786743164
221 -9.064083099365234
222 -9.064081192016602
223 -8.113296508789062
224 -9.064077377319336
225 -9.064064025878906
226 -7.796909809112549
227 -7.70729923248291
228 -7.798720836639404
229 -9.06405258178711
230 -7.721320152282715
231 -8.008033752441406
232 -9.06407356262207
233 -9.06405258178711
234 -9.064075469970703
235 -9.06408405303955
236 -7.366044521331787
237 -9.064090728759766
238 -9.064062118530273
239 -9.064087867736816
240 -9.064045906066895
241 -7.739645957946777
242 -9.064090728759766
243 -9.064043998718262
244 -9.06408977508545
245 -9.064080238342285
246 -9.064074516296387
247 -9.064078330993652
248 -9.064056396484375
249 -9.064080238342285
250 -8.113288879394531
251 -9.064046859741211
252 -7.714571952819824
253 -7.714996337890625
254 -9.064083099365234
255 -7.383749008178711
256 -7.58925199508667
257 -7.449190139770508
258 -7.544389724731445
259 -7.998442649841309
260 -7.76170539855957
261 -8.060051918029785
262 -9.064058303833008
263 -9.064069747924805
264 -9.064079284667969
265 -9.064090728759766
266 -7.264925956726074
267 -7.646254062652588
268 -9.06406307220459
269 -9.064078330993652
270 -9.064064025878906
271 -9.064059257507324
272 -7.627002716064453
273 -7.482924461364746
274 -9.064078330993652
275 -9.064083099365234
276 -9.064078330993652
277 -9.064061164855957
278 -7.905292987823486
279 -9.0640869140625
280 -9.064051628112793
281 -9.06408977508545
282 -7.939319610595703
283 -9.064080238342285
284 -9.064047813415527
285 -9.06408977508545
286 -9.064082145690918
287 -9.064082145690918
288 -9.064081192016602
289 -9.064071655273438
290 -9.064088821411133
291 -9.06404972076416
292 -9.06406021118164
293 -7.415088653564453
294 -9.064048767089844
295 -9.064079284667969
296 -9.064090728759766
297 -9.064082145690918
298 -7.715752601623535
299 -9.064082145690918
300 -7.4095139503479
301 -9.064079284667969
302 -9.064087867736816
303 -9.064067840576172
304 -9.064055442810059
305 -9.062231063842773
306 -9.064054489135742
307 -7.748226642608643
308 -7.83786678314209
309 -7.902399063110352
310 -9.064083099365234
311 -7.566905498504639
312 -9.064075469970703
313 -9.064079284667969
314 -7.132541656494141
315 -9.064079284667969
316 -9.064083099365234
317 -7.838027000427246
318 -8.007989883422852
319 -9.0640869140625
320 -7.621903419494629
321 -7.804880142211914
322 -7.91406774520874
323 -9.06408405303955
324 -9.064037322998047
325 -7.64525842666626
326 -9.064082145690918
327 -9.06406021118164
328 -7.804872035980225
329 -7.392295837402344
330 -9.064080238342285
331 -9.064071655273438
332 -9.064078330993652
333 -9.064065933227539
334 -9.064085006713867
335 -7.8647942543029785
336 -7.864809513092041
337 -9.064090728759766
338 -7.837861061096191
339 -7.690715312957764
340 -9.064081192016602
341 -9.064055442810059
342 -7.587983131408691
343 -9.06407356262207
344 -9.064071655273438
345 -9.064085006713867
346 -7.798728942871094
347 -9.064053535461426
348 -7.708898067474365
349 -7.996133804321289
350 -9.064077377319336
351 -9.064072608947754
352 -9.064083099365234
353 -7.545726299285889
354 -7.657193183898926
355 -8.113286018371582
356 -9.064090728759766
357 -9.064062118530273
358 -7.278610706329346
359 -7.8048577308654785
360 -7.6604905128479
361 -9.064044952392578
362 -9.064079284667969
363 -9.064085006713867
364 -9.064083099365234
365 -9.064085960388184
366 -9.064055442810059
367 -9.06408405303955
368 -9.06402587890625
369 -8.113299369812012
370 -7.415095806121826
371 -9.064090728759766
372 -9.063888549804688
373 -8.059992790222168
374 -7.587815284729004
375 -9.06407642364502
376 -7.324096202850342
377 -7.741793632507324
378 -9.064078330993652
379 -9.06407356262207
380 -9.064078330993652
381 -9.064071655273438
382 -9.064078330993652
383 -7.707294940948486
384 -9.064080238342285
385 -9.064056396484375
386 -9.064088821411133
387 -7.798736095428467
388 -9.064088821411133
389 -9.064048767089844
390 -7.442648887634277
391 -8.060060501098633
392 -7.676789283752441
393 -9.064075469970703
394 -9.064065933227539
395 -7.837852954864502
396 -9.064041137695312
397 -9.062837600708008
398 -9.064079284667969
399 -8.113295555114746
400 -8.06004810333252
401 -7.7072906494140625
402 -9.064071655273438
403 -7.541093826293945
404 -9.064038276672363
405 -7.525049686431885
406 -7.6907196044921875
407 -9.064078330993652
408 -7.864788055419922
409 -9.064040184020996
410 -7.912106990814209
411 -9.064055442810059
412 -9.06407356262207
413 -9.0640869140625
414 -9.064068794250488
415 -8.059858322143555
416 -9.064081192016602
417 -9.064079284667969
418 -9.064081192016602
419 -9.064079284667969
420 -8.113295555114746
421 -9.064081192016602
422 -9.064090728759766
423 -9.064059257507324
424 -9.064067840576172
425 -9.06404972076416
426 -9.064090728759766
427 -9.064053535461426
428 -7.864792346954346
429 -7.988117218017578
430 -9.064085960388184
431 -7.6695404052734375
432 -7.588641166687012
433 -9.064051628112793
434 -9.064081192016602
435 -7.587980270385742
436 -9.06406307220459
437 -9.06407356262207
438 -9.0640869140625
439 -7.6022257804870605
440 -9.064081192016602
441 -9.064064025878906
442 -9.063934326171875
443 -8.110758781433105
444 -9.064064025878906
445 -9.064072608947754
446 -7.864784240722656
447 -9.064050674438477
448 -9.064081192016602
449 -7.2814202308654785
450 -7.424104690551758
451 -9.064074516296387
452 -7.800029277801514
453 -7.717776298522949
454 -7.9030232429504395
455 -9.064083099365234
456 -9.064072608947754
457 -9.064087867736816
458 -9.064074516296387
459 -9.064046859741211
460 -7.802628993988037
461 -9.064083099365234
462 -9.064080238342285
463 -9.064083099365234
464 -7.864804744720459
465 -7.710456371307373
466 -7.473496437072754
467 -9.064079284667969
468 -9.06408405303955
469 -9.064081192016602
470 -9.064070701599121
471 -7.392314910888672
472 -9.064077377319336
473 -7.565692901611328
474 -7.3436503410339355
475 -7.779996871948242
476 -9.06407356262207
477 -9.064081192016602
478 -9.064061164855957
479 -9.064061164855957
480 -9.06407642364502
481 -9.064075469970703
482 -9.06408405303955
483 -8.06005859375
484 -9.064061164855957
485 -9.06407356262207
486 -7.709075927734375
487 -9.064079284667969
488 -7.843873500823975
489 -9.064078330993652
490 -9.064082145690918
491 -7.540597438812256
492 -7.895794868469238
493 -9.064058303833008
494 -7.5674543380737305
495 -9.06406021118164
496 -9.064078330993652
497 -7.864790916442871
498 -9.064080238342285
499 -7.798637390136719
500 -9.064079284667969
501 -9.0640869140625
502 -7.748249530792236
503 -9.064082145690918
504 -9.064085006713867
505 -8.020745277404785
506 -9.064070701599121
507 -9.064081192016602
508 -7.40379524230957
509 -9.064083099365234
510 -9.064083099365234
511 -9.06407642364502
512 -7.657463073730469
513 -9.064079284667969
514 -9.064090728759766
515 -7.42377233505249
516 -9.064058303833008
517 -8.06004524230957
518 -7.587983131408691
519 -9.064077377319336
520 -7.80487585067749
521 -9.0640869140625
522 -7.782632350921631
523 -9.064090728759766
524 -7.625964164733887
525 -7.330077171325684
526 -9.064040184020996
527 -9.064075469970703
528 -7.796919822692871
529 -7.802636623382568
530 -9.064071655273438
531 -9.064085960388184
532 -7.798017501831055
533 -7.80259895324707
534 -9.064087867736816
535 -7.423558235168457
536 -7.67667818069458
537 -7.86479377746582
538 -9.064077377319336
539 -9.064068794250488
540 -7.83784294128418
541 -8.113295555114746
542 -9.064050674438477
543 -7.905409812927246
544 -9.064079284667969
545 -9.064078330993652
546 -9.064083099365234
547 -7.657464981079102
548 -9.064085006713867
549 -7.800609588623047
550 -7.563810348510742
551 -9.064064979553223
552 -9.064081192016602
553 -8.113298416137695
554 -8.11329174041748
555 -9.064087867736816
556 -7.635313987731934
557 -9.064090728759766
558 -7.707296371459961
559 -9.064072608947754
560 -9.064054489135742
561 -7.623433589935303
562 -7.415097713470459
563 -7.614676475524902
564 -9.064082145690918
565 -9.064066886901855
566 -7.709610939025879
567 -9.06408405303955
568 -9.064058303833008
569 -9.064077377319336
570 -9.06406021118164
571 -9.064042091369629
572 -9.064074516296387
573 -9.064079284667969
574 -9.06407642364502
575 -9.064085006713867
576 -7.738192081451416
577 -9.064085006713867
578 -9.064069747924805
579 -9.064069747924805
580 -7.734387397766113
581 -9.064085006713867
582 -9.064077377319336
583 -7.905401229858398
584 -9.064059257507324
585 -7.846269130706787
586 -9.064048767089844
587 -8.113298416137695
588 -7.802650451660156
589 -9.064072608947754
590 -7.621337890625
591 -9.064069747924805
592 -9.064069747924805
593 -9.064081192016602
594 -7.8438720703125
595 -9.064085006713867
596 -7.661844730377197
597 -9.064082145690918
598 -9.064074516296387
599 -9.06408405303955
600 -9.06405258178711
601 -7.732761383056641
602 -9.064087867736816
603 -7.649765968322754
604 -9.064061164855957
605 -9.064064025878906
606 -9.064066886901855
607 -9.064055442810059
608 -7.864791393280029
609 -9.064082145690918
610 -9.064068794250488
611 -7.400429725646973
612 -9.064082145690918
613 -8.113268852233887
614 -9.064088821411133
615 -7.610218048095703
616 -8.060056686401367
617 -9.06404972076416
618 -9.064078330993652
619 -9.064069747924805
620 -9.064048767089844
621 -7.721982002258301
622 -9.064088821411133
623 -9.064077377319336
624 -7.424099922180176
625 -9.064090728759766
626 -7.717697620391846
627 -7.780001640319824
628 -9.064064025878906
629 -9.064069747924805
630 -9.064085960388184
631 -9.064085006713867
632 -7.715003967285156
633 -9.064081192016602
634 -9.064079284667969
635 -9.064058303833008
636 -7.864789009094238
637 -9.064090728759766
638 -9.064078330993652
639 -7.837813377380371
640 -9.064090728759766
641 -7.708923816680908
642 -8.060065269470215
643 -9.064079284667969
644 -7.779980659484863
645 -7.515573501586914
646 -7.646310329437256
647 -7.371102809906006
648 -9.064090728759766
649 -9.064080238342285
650 -7.656641483306885
651 -9.064051628112793
652 -7.837856292724609
653 -9.064065933227539
654 -7.905416011810303
655 -9.064072608947754
656 -9.064081192016602
657 -9.064087867736816
658 -9.06408405303955
659 -7.8047919273376465
660 -7.781528472900391
661 -9.064071655273438
662 -8.06006145477295
663 -9.06406307220459
664 -7.648562908172607
665 -7.431121349334717
666 -7.473825454711914
667 -9.064080238342285
668 -9.06406021118164
669 -9.06404972076416
670 -9.064090728759766
671 -9.064074516296387
672 -9.064068794250488
673 -8.11329174041748
674 -7.83736515045166
675 -9.064078330993652
676 -9.064082145690918
677 -9.0640869140625
678 -7.396914482116699
679 -7.864783763885498
680 -7.798731803894043
681 -7.649766445159912
682 -7.900538921356201
683 -9.064031600952148
684 -9.064085960388184
685 -7.5669474601745605
686 -7.383738040924072
687 -9.064081192016602
688 -7.732759475708008
689 -9.064090728759766
690 -7.593342304229736
691 -7.761704444885254
692 -9.06406021118164
693 -9.06408977508545
694 -9.064043998718262
695 -9.064082145690918
696 -8.059898376464844
697 -9.0640869140625
698 -9.064057350158691
699 -7.6024041175842285
700 -7.902416706085205
701 -9.064090728759766
702 -7.563830852508545
703 -9.064077377319336
704 -7.529796600341797
705 -7.355878829956055
706 -7.779973030090332
707 -9.064080238342285
708 -9.064056396484375
709 -8.003341674804688
710 -9.064079284667969
711 -9.064090728759766
712 -7.584794044494629
713 -9.064078330993652
714 -9.064077377319336
715 -9.064082145690918
716 -9.064090728759766
717 -9.064083099365234
718 -9.06408405303955
719 -9.06403923034668
720 -7.905374526977539
721 -9.06406021118164
722 -9.064083099365234
723 -9.064071655273438
724 -9.064082145690918
725 -7.915656566619873
726 -9.06407356262207
727 -9.064040184020996
728 -7.796850681304932
729 -9.064059257507324
730 -9.06205940246582
731 -7.606496810913086
732 -9.064066886901855
733 -7.80259370803833
734 -9.064067840576172
735 -9.064064025878906
736 -7.632194519042969
737 -7.6838059425354
738 -7.837863922119141
739 -9.064088821411133
740 -7.739192962646484
741 -7.804853439331055
742 -9.064069747924805
743 -9.06407356262207
744 -7.7148213386535645
745 -9.064078330993652
746 -8.060006141662598
747 -9.064050674438477
748 -9.06403923034668
749 -7.636037349700928
750 -9.064072608947754
751 -9.064054489135742
752 -9.064061164855957
753 -8.113296508789062
754 -9.064081192016602
755 -9.064056396484375
756 -9.06407356262207
757 -9.064083099365234
758 -9.064087867736816
759 -9.064055442810059
760 -7.899120330810547
761 -7.431219577789307
762 -9.064077377319336
763 -9.064068794250488
764 -9.064054489135742
765 -7.734114646911621
766 -7.415101051330566
767 -9.064088821411133
768 -9.064074516296387
769 -7.675497055053711
770 -9.064081192016602
771 -8.054003715515137
772 -9.064087867736816
773 -9.018656730651855
774 -9.064082145690918
775 -9.064088821411133
776 -9.064090728759766
777 -7.638209342956543
778 -9.064079284667969
779 -9.06408405303955
780 -9.064079284667969
781 -9.064085006713867
782 -9.064057350158691
783 -9.064053535461426
784 -7.588255405426025
785 -9.06405258178711
786 -9.064087867736816
787 -8.113192558288574
788 -9.064080238342285
789 -7.593331813812256
790 -9.064077377319336
791 -7.804840564727783
792 -7.798730850219727
793 -9.064078330993652
794 -9.064083099365234
795 -9.064075469970703
796 -9.064082145690918
797 -7.319032192230225
798 -9.064083099365234
799 -9.064078330993652
800 -9.064078330993652
801 -9.064061164855957
802 -7.7341742515563965
803 -9.064033508300781
804 -9.064085006713867
805 -7.780001163482666
806 -7.864795207977295
807 -9.064046859741211
808 -9.06406307220459
809 -7.473803520202637
810 -9.064048767089844
811 -9.06406021118164
812 -8.052512168884277
813 -9.06407642364502
814 -7.804810047149658
815 -9.064085960388184
816 -9.064078330993652
817 -9.064081192016602
818 -7.5893659591674805
819 -7.837758541107178
820 -9.0640869140625
821 -9.064058303833008
822 -7.904526710510254
823 -9.064081192016602
824 -9.064083099365234
825 -9.064056396484375
826 -9.064057350158691
827 -9.064077377319336
828 -9.063448905944824
829 -9.064082145690918
830 -9.064087867736816
831 -9.06408977508545
832 -9.064083099365234
833 -9.064083099365234
834 -7.5880045890808105
835 -9.064074516296387
836 -7.864791393280029
837 -9.06407356262207
838 -9.063918113708496
839 -9.06408977508545
840 -8.113295555114746
841 -7.494722843170166
842 -9.064064025878906
843 -7.798673152923584
844 -9.0640869140625
845 -9.06408405303955
846 -7.566947937011719
847 -9.064081192016602
848 -9.064085006713867
849 -7.627406120300293
850 -9.064080238342285
851 -7.561057090759277
852 -9.064077377319336
853 -7.7800068855285645
854 -7.66788387298584
855 -7.5203728675842285
856 -9.0640869140625
857 -9.064080238342285
858 -9.064078330993652
859 -7.8048810958862305
860 -7.899112701416016
861 -7.798737049102783
862 -9.06406307220459
863 -9.06408405303955
864 -9.06408977508545
865 -9.06406021118164
866 -8.025729179382324
867 -9.064062118530273
868 -9.064090728759766
869 -8.008009910583496
870 -9.064050674438477
871 -9.064056396484375
872 -7.214114665985107
873 -9.064072608947754
874 -9.064068794250488
875 -7.676488876342773
876 -9.064082145690918
877 -9.064081192016602
878 -7.434805870056152
879 -9.064027786254883
880 -9.064085006713867
881 -9.064059257507324
882 -7.415086269378662
883 -9.06407356262207
884 -7.905418395996094
885 -7.8379340171813965
886 -9.064087867736816
887 -9.064079284667969
888 -7.905359745025635
889 -7.86480188369751
890 -7.714592456817627
891 -9.064085006713867
892 -9.064081192016602
893 -9.064066886901855
894 -7.761703014373779
895 -7.549175262451172
896 -9.064064025878906
897 -9.06408977508545
898 -7.543533802032471
899 -9.064083099365234
900 -9.064071655273438
901 -8.060065269470215
902 -7.548595428466797
903 -9.064088821411133
904 -9.06407642364502
905 -7.67674446105957
906 -9.064043045043945
907 -9.064062118530273
908 -9.064074516296387
909 -7.864806175231934
910 -9.064030647277832
911 -7.903017997741699
912 -9.064083099365234
913 -8.060065269470215
914 -9.064056396484375
915 -9.064082145690918
916 -8.060050964355469
917 -7.424101829528809
918 -9.064070701599121
919 -9.064043998718262
920 -7.993509292602539
921 -7.449112415313721
922 -7.721993446350098
923 -9.064082145690918
924 -9.064067840576172
925 -7.654814720153809
926 -9.062313079833984
927 -9.064085960388184
928 -9.064080238342285
929 -7.796951770782471
930 -7.602389812469482
931 -8.008018493652344
932 -9.064081192016602
933 -7.6259565353393555
934 -9.064090728759766
935 -9.064068794250488
936 -9.064069747924805
937 -9.064083099365234
938 -7.7482805252075195
939 -9.064079284667969
940 -9.064077377319336
941 -7.724832534790039
942 -7.714992523193359
943 -7.4150919914245605
944 -9.064083099365234
945 -9.064064979553223
946 -9.064090728759766
947 -9.064058303833008
948 -9.064085006713867
949 -7.606489181518555
950 -9.06407642364502
951 -7.74339485168457
952 -9.064057350158691
953 -7.837899684906006
954 -7.7897748947143555
955 -7.645201683044434
956 -7.804851531982422
957 -7.743879318237305
958 -9.064072608947754
959 -7.864805698394775
960 -9.064038276672363
961 -9.064067840576172
962 -9.06406021118164
963 -9.064083099365234
964 -9.064050674438477
965 -9.064090728759766
966 -9.064077377319336
967 -9.064071655273438
968 -7.804868221282959
969 -9.06408977508545
970 -9.06408405303955
971 -9.06408977508545
972 -8.113300323486328
973 -9.06407642364502
974 -7.761141777038574
975 -7.837888717651367
976 -7.8647966384887695
977 -9.064062118530273
978 -9.064077377319336
979 -9.064062118530273
980 -7.665287971496582
981 -9.064071655273438
982 -9.064087867736816
983 -8.113287925720215
984 -9.064077377319336
985 -9.064067840576172
986 -9.064071655273438
987 -7.533313274383545
988 -9.0640869140625
989 -8.06006145477295
990 -8.113295555114746
991 -7.772031784057617
992 -9.064081192016602
993 -7.804872989654541
994 -7.864806175231934
995 -7.291662693023682
996 -9.064068794250488
997 -9.064077377319336
998 -9.064057350158691
999 -8.06005573272705
