0 -7.804874420166016
1 -7.707291603088379
2 -9.063248634338379
3 -8.11329174041748
4 -7.619101524353027
5 -9.064057350158691
6 -7.415098190307617
7 -8.060017585754395
8 -8.533853530883789
9 -7.683796405792236
10 -7.9046125411987305
11 -7.8025593757629395
12 -7.903025150299072
13 -8.113285064697266
14 -8.060039520263672
15 -9.064038276672363
16 -9.064042091369629
17 -9.06401252746582
18 -9.064083099365234
19 -9.064087867736816
20 -9.064064979553223
21 -9.064083099365234
22 -7.567459583282471
23 -9.064082145690918
24 -9.064081192016602
25 -8.11329460144043
26 -9.064072608947754
27 -9.064069747924805
28 -9.064090728759766
29 -9.064080238342285
30 -9.064090728759766
31 -7.655905723571777
32 -7.705939769744873
33 -8.113286972045898
34 -9.064082145690918
35 -9.064083099365234
36 -7.688315391540527
37 -7.86480712890625
38 -9.064081192016602
39 -9.06408405303955
40 -9.064047813415527
41 -7.711928367614746
42 -9.064080238342285
43 -9.064072608947754
44 -9.064081192016602
45 -9.064064979553223
46 -7.612903594970703
47 -9.064078330993652
48 -7.7119646072387695
49 -9.064090728759766
50 -9.06403923034668
51 -9.064046859741211
52 -9.063664436340332
53 -9.064074516296387
54 -9.064074516296387
55 -9.064062118530273
56 -7.659711837768555
57 -7.894735336303711
58 -9.06407642364502
59 -9.064074516296387
60 -7.837837219238281
61 -9.064082145690918
62 -9.064081192016602
63 -9.064085006713867
64 -9.064047813415527
65 -9.064070701599121
66 -9.064091682434082
67 -9.064068794250488
68 -7.64524507522583
69 -7.80487060546875
70 -9.06408405303955
71 -7.837828636169434
72 -9.064083099365234
73 -7.707182884216309
74 -9.064051628112793
75 -7.889476776123047
76 -9.064078330993652
77 -9.064059257507324
78 -9.064081192016602
79 -7.646305561065674
80 -9.06407356262207
81 -7.802638053894043
82 -7.901675701141357
83 -9.064072608947754
84 -7.645172119140625
85 -9.064085960388184
86 -9.064085006713867
87 -7.903029441833496
88 -9.064072608947754
89 -9.064066886901855
90 -9.064066886901855
91 -9.064055442810059
92 -7.605748176574707
93 -8.060063362121582
94 -9.064062118530273
95 -9.064043045043945
96 -9.064072608947754
97 -7.779973983764648
98 -7.798725128173828
99 -9.06407642364502
100 -7.71500301361084
101 -9.064081192016602
102 -9.064065933227539
103 -9.064083099365234
104 -9.064075469970703
105 -7.748145580291748
106 -9.064085006713867
107 -9.0640869140625
108 -9.064038276672363
109 -9.064064025878906
110 -9.064043045043945
111 -7.553267002105713
112 -7.779988765716553
113 -9.064058303833008
114 -9.064077377319336
115 -7.779812335968018
116 -9.0640869140625
117 -7.676739692687988
118 -9.064078330993652
119 -8.113289833068848
120 -9.064085960388184
121 -7.837657928466797
122 -7.72501802444458
123 -7.5690107345581055
124 -8.060016632080078
125 -9.064064979553223
126 -8.060066223144531
127 -7.748144626617432
128 -9.064083099365234
129 -9.06408405303955
130 -7.725436687469482
131 -9.064062118530273
132 -9.064083099365234
133 -9.064055442810059
134 -7.6452717781066895
135 -9.063286781311035
136 -9.064078330993652
137 -9.064079284667969
138 -9.064070701599121
139 -9.064083099365234
140 -9.064072608947754
141 -9.064068794250488
142 -9.064078330993652
143 -7.76149845123291
144 -9.064071655273438
145 -9.064079284667969
146 -7.317087173461914
147 -7.804872989654541
148 -9.064058303833008
149 -9.064057350158691
150 -9.064075469970703
151 -9.064061164855957
152 -9.064083099365234
153 -7.73270845413208
154 -9.064062118530273
155 -7.802620887756348
156 -9.064057350158691
157 -9.064080238342285
158 -9.064072608947754
159 -7.634695053100586
160 -9.064082145690918
161 -9.064075469970703
162 -9.06408405303955
163 -9.06408405303955
164 -9.064077377319336
165 -9.064064025878906
166 -9.064090728759766
167 -9.064090728759766
168 -9.064044952392578
169 -7.804826736450195
170 -7.473803997039795
171 -9.06404972076416
172 -9.064090728759766
173 -9.064085960388184
174 -9.064061164855957
175 -9.064083099365234
176 -9.064077377319336
177 -9.064071655273438
178 -7.982815265655518
179 -9.064085960388184
180 -9.064090728759766
181 -7.832485198974609
182 -9.064085006713867
183 -9.064081192016602
184 -9.064023971557617
185 -7.617033958435059
186 -7.378124237060547
187 -9.06406307220459
188 -9.064090728759766
189 -7.481491565704346
190 -9.064071655273438
191 -9.064074516296387
192 -7.837907314300537
193 -9.064065933227539
194 -9.064064025878906
195 -7.550727844238281
196 -7.710475444793701
197 -9.064075469970703
198 -9.064088821411133
199 -9.064070701599121
200 -9.06406021118164
201 -7.86480188369751
202 -7.219776153564453
203 -7.837875843048096
204 -9.064044952392578
205 -9.064083099365234
206 -9.064043998718262
207 -7.676788330078125
208 -8.113287925720215
209 -9.064064979553223
210 -9.064083099365234
211 -9.064075469970703
212 -9.064035415649414
213 -7.475046634674072
214 -9.06403923034668
215 -9.064075469970703
216 -9.064085006713867
217 -7.748255729675293
218 -9.064079284667969
219 -9.064080238342285
220 -9.064064979553223
221 -9.0640869140625
222 -7.8378705978393555
223 -7.904527187347412
224 -7.415101528167725
225 -7.568921089172363
226 -9.06406021118164
227 -9.064082145690918
228 -9.064090728759766
229 -9.064085006713867
230 -7.779748916625977
231 -7.415097236633301
232 -7.634008884429932
233 -9.064072608947754
234 -9.064077377319336
235 -9.064079284667969
236 -9.064085006713867
237 -9.064085960388184
238 -7.423906326293945
239 -7.645263671875
240 -9.06404972076416
241 -9.06404972076416
242 -9.064081192016602
243 -9.064080238342285
244 -9.064066886901855
245 -9.062254905700684
246 -9.064090728759766
247 -9.064069747924805
248 -7.909405708312988
249 -7.602310657501221
250 -7.90242338180542
251 -7.518972873687744
252 -9.064078330993652
253 -7.64630126953125
254 -9.064066886901855
255 -7.761784076690674
256 -7.79873514175415
257 -9.064065933227539
258 -9.06405258178711
259 -9.06408977508545
260 -9.064048767089844
261 -9.064043998718262
262 -9.063986778259277
263 -9.064085006713867
264 -7.80262565612793
265 -9.06407356262207
266 -7.6574554443359375
267 -9.064085006713867
268 -9.064081192016602
269 -9.064083099365234
270 -9.064054489135742
271 -7.424094200134277
272 -7.737541675567627
273 -7.468868732452393
274 -7.739689826965332
275 -7.732767581939697
276 -9.064082145690918
277 -7.8647918701171875
278 -9.064072608947754
279 -8.059979438781738
280 -7.613214492797852
281 -7.782767295837402
282 -9.064081192016602
283 -9.064057350158691
284 -7.89910888671875
285 -9.064085006713867
286 -9.06407356262207
287 -7.864777088165283
288 -9.064061164855957
289 -9.064067840576172
290 -9.064085960388184
291 -7.520370006561279
292 -9.064079284667969
293 -9.064079284667969
294 -9.064047813415527
295 -7.585289001464844
296 -9.064082145690918
297 -9.064082145690918
298 -9.064082145690918
299 -8.060068130493164
300 -9.064041137695312
301 -9.06408405303955
302 -9.064066886901855
303 -7.837897777557373
304 -7.587776184082031
305 -9.064044952392578
306 -8.060062408447266
307 -9.064061164855957
308 -9.064090728759766
309 -7.779984474182129
310 -9.063990592956543
311 -9.06408977508545
312 -9.064077377319336
313 -7.667278289794922
314 -9.06408405303955
315 -7.67674446105957
316 -7.604549884796143
317 -9.064066886901855
318 -7.418687343597412
319 -9.064061164855957
320 -9.06408405303955
321 -9.064072608947754
322 -9.064090728759766
323 -9.0640869140625
324 -7.804876327514648
325 -9.064083099365234
326 -9.06403923034668
327 -9.064074516296387
328 -9.064068794250488
329 -9.064090728759766
330 -9.06408405303955
331 -9.064079284667969
332 -9.064058303833008
333 -9.064081192016602
334 -9.064079284667969
335 -9.064055442810059
336 -7.864808082580566
337 -9.063825607299805
338 -9.06320858001709
339 -9.064082145690918
340 -9.06408405303955
341 -7.739588737487793
342 -9.0640869140625
343 -8.059989929199219
344 -7.505428791046143
345 -9.06408977508545
346 -9.064077377319336
347 -7.734147548675537
348 -9.064078330993652
349 -7.67603063583374
350 -7.837859630584717
351 -9.064090728759766
352 -9.064087867736816
353 -9.064079284667969
354 -9.064081192016602
355 -7.645186901092529
356 -9.064045906066895
357 -9.064083099365234
358 -7.5988993644714355
359 -9.064079284667969
360 -9.064075469970703
361 -9.06408977508545
362 -9.064079284667969
363 -9.064081192016602
364 -9.064083099365234
365 -9.064085006713867
366 -9.064081192016602
367 -9.064064979553223
368 -9.064087867736816
369 -9.064051628112793
370 -9.064055442810059
371 -7.748263835906982
372 -9.062694549560547
373 -9.064064979553223
374 -9.064085006713867
375 -7.905407428741455
376 -9.064081192016602
377 -7.673887252807617
378 -7.646275520324707
379 -7.446690559387207
380 -9.064056396484375
381 -7.412295341491699
382 -8.113287925720215
383 -9.06408977508545
384 -9.064081192016602
385 -9.064068794250488
386 -7.708489418029785
387 -7.9156413078308105
388 -9.064046859741211
389 -9.06408977508545
390 -7.415091037750244
391 -7.802868366241455
392 -9.064090728759766
393 -9.06404972076416
394 -9.064078330993652
395 -9.064081192016602
396 -9.064065933227539
397 -9.064045906066895
398 -9.064077377319336
399 -9.064070701599121
400 -9.064081192016602
401 -7.864802360534668
402 -9.064058303833008
403 -7.6651740074157715
404 -9.064083099365234
405 -7.3241801261901855
406 -7.739100456237793
407 -7.83771276473999
408 -9.06406021118164
409 -9.064068794250488
410 -7.903008937835693
411 -9.064085960388184
412 -9.064080238342285
413 -7.649526596069336
414 -9.064046859741211
415 -9.064080238342285
416 -8.060049057006836
417 -7.798736572265625
418 -9.06407356262207
419 -9.064083099365234
420 -7.802635192871094
421 -9.06406307220459
422 -9.064082145690918
423 -9.064041137695312
424 -9.064050674438477
425 -7.602135181427002
426 -9.063796997070312
427 -9.064059257507324
428 -9.064067840576172
429 -7.846128940582275
430 -9.06408405303955
431 -7.804867744445801
432 -9.06405258178711
433 -7.631045341491699
434 -7.837859153747559
435 -8.060060501098633
436 -9.064065933227539
437 -9.064079284667969
438 -9.064081192016602
439 -7.37424373626709
440 -7.739111423492432
441 -7.424106121063232
442 -7.636781692504883
443 -7.910915851593018
444 -7.415092945098877
445 -9.064069747924805
446 -9.063410758972168
447 -8.007721900939941
448 -9.064045906066895
449 -9.064071655273438
450 -9.064072608947754
451 -8.060057640075684
452 -7.798743724822998
453 -9.064079284667969
454 -9.064042091369629
455 -7.8647780418396
456 -9.064043045043945
457 -9.064077377319336
458 -7.402510166168213
459 -7.804874420166016
460 -7.762448310852051
461 -7.605043411254883
462 -9.064080238342285
463 -9.064074516296387
464 -9.064078330993652
465 -7.739683628082275
466 -7.721648216247559
467 -9.064068794250488
468 -9.064085006713867
469 -9.064058303833008
470 -9.064082145690918
471 -9.064062118530273
472 -7.739690780639648
473 -9.064074516296387
474 -7.54312801361084
475 -7.798736095428467
476 -9.064071655273438
477 -9.064066886901855
478 -9.064057350158691
479 -9.064062118530273
480 -7.779994964599609
481 -9.064067840576172
482 -9.064082145690918
483 -9.064085006713867
484 -9.064088821411133
485 -9.06406307220459
486 -9.064082145690918
487 -9.06407356262207
488 -9.064085960388184
489 -7.535674095153809
490 -9.063969612121582
491 -9.064072608947754
492 -7.645198345184326
493 -7.440286159515381
494 -9.064035415649414
495 -9.064064979553223
496 -9.064068794250488
497 -7.671394348144531
498 -7.837721347808838
499 -9.064068794250488
500 -9.064090728759766
501 -7.837866306304932
502 -9.06406307220459
503 -8.113225936889648
504 -7.846165657043457
505 -7.795297622680664
506 -9.06408977508545
507 -9.064065933227539
508 -7.43296480178833
509 -9.064071655273438
510 -9.064083099365234
511 -9.06407642364502
512 -9.064082145690918
513 -9.064083099365234
514 -9.064069747924805
515 -7.864317893981934
516 -9.064053535461426
517 -7.90189266204834
518 -9.064067840576172
519 -7.864798545837402
520 -9.064078330993652
521 -7.6837921142578125
522 -9.064081192016602
523 -7.570207595825195
524 -8.113295555114746
525 -9.06408405303955
526 -7.804866790771484
527 -9.064083099365234
528 -9.064074516296387
529 -9.064090728759766
530 -9.064077377319336
531 -9.064082145690918
532 -9.064081192016602
533 -9.06408405303955
534 -7.481414794921875
535 -8.113292694091797
536 -9.064083099365234
537 -7.66914701461792
538 -9.064072608947754
539 -9.064085006713867
540 -7.905411243438721
541 -9.064066886901855
542 -7.677008152008057
543 -9.064074516296387
544 -7.707272529602051
545 -9.064071655273438
546 -9.064058303833008
547 -7.798739433288574
548 -7.796921253204346
549 -9.064066886901855
550 -9.064047813415527
551 -7.905385971069336
552 -9.064065933227539
553 -7.972357749938965
554 -9.064087867736816
555 -9.064075469970703
556 -7.392337322235107
557 -7.5692925453186035
558 -9.064082145690918
559 -9.064090728759766
560 -9.064072608947754
561 -9.06406307220459
562 -9.064088821411133
563 -9.06407642364502
564 -9.06407356262207
565 -9.064083099365234
566 -8.113265991210938
567 -9.064083099365234
568 -8.060052871704102
569 -9.064080238342285
570 -7.566478252410889
571 -9.064032554626465
572 -9.06407356262207
573 -7.837900638580322
574 -7.511094093322754
575 -7.544925689697266
576 -8.11329460144043
577 -7.780001640319824
578 -9.064078330993652
579 -7.59026575088501
580 -9.064048767089844
581 -9.064065933227539
582 -9.064065933227539
583 -7.9156317710876465
584 -7.905420780181885
585 -9.064090728759766
586 -7.3355021476745605
587 -9.06407642364502
588 -7.415100574493408
589 -9.064053535461426
590 -9.064079284667969
591 -7.804878234863281
592 -9.064085960388184
593 -9.064047813415527
594 -9.064058303833008
595 -7.798738479614258
596 -9.06408405303955
597 -7.721961975097656
598 -7.798730850219727
599 -7.893281936645508
600 -7.473837852478027
601 -9.06408977508545
602 -9.064078330993652
603 -9.06406021118164
604 -9.064047813415527
605 -9.064050674438477
606 -9.064056396484375
607 -9.064041137695312
608 -9.064061164855957
609 -9.064078330993652
610 -9.06406307220459
611 -7.864797592163086
612 -7.901942729949951
613 -7.90541934967041
614 -9.06407642364502
615 -7.790050506591797
616 -7.721993923187256
617 -9.064081192016602
618 -9.064083099365234
619 -9.064083099365234
620 -9.06405258178711
621 -7.364239692687988
622 -9.064081192016602
623 -7.902404308319092
624 -9.064065933227539
625 -9.0640869140625
626 -7.864790916442871
627 -7.739712238311768
628 -7.736166954040527
629 -9.06408405303955
630 -9.064067840576172
631 -9.064066886901855
632 -9.064087867736816
633 -9.06408405303955
634 -9.064090728759766
635 -9.064088821411133
636 -7.864799499511719
637 -9.064058303833008
638 -9.06407356262207
639 -9.064055442810059
640 -7.864800930023193
641 -9.064069747924805
642 -9.064054489135742
643 -7.5606584548950195
644 -8.11329174041748
645 -7.633227348327637
646 -7.570316314697266
647 -7.613257884979248
648 -9.064064979553223
649 -7.673885822296143
650 -9.064062118530273
651 -9.064090728759766
652 -9.064014434814453
653 -9.064079284667969
654 -9.06408977508545
655 -7.473825931549072
656 -8.060049057006836
657 -9.06408405303955
658 -9.064074516296387
659 -7.671988487243652
660 -9.064077377319336
661 -7.829137325286865
662 -9.064065933227539
663 -7.902411937713623
664 -8.008011817932129
665 -7.998497009277344
666 -9.06407642364502
667 -9.064069747924805
668 -9.064082145690918
669 -7.711948871612549
670 -8.06005859375
671 -7.375316619873047
672 -9.06404972076416
673 -8.060052871704102
674 -9.064082145690918
675 -9.064067840576172
676 -9.064078330993652
677 -7.798716068267822
678 -7.7119669914245605
679 -7.798740863800049
680 -9.064067840576172
681 -7.779999256134033
682 -7.804866790771484
683 -7.7799973487854
684 -9.06407356262207
685 -7.566948413848877
686 -9.064059257507324
687 -9.064055442810059
688 -9.064059257507324
689 -7.577368259429932
690 -9.0640869140625
691 -9.064050674438477
692 -6.623983383178711
693 -9.064058303833008
694 -7.915550708770752
695 -9.064090728759766
696 -7.773299694061279
697 -9.064064979553223
698 -9.064054489135742
699 -9.063619613647461
700 -9.064079284667969
701 -9.064080238342285
702 -9.064075469970703
703 -9.064090728759766
704 -9.064065933227539
705 -9.064082145690918
706 -9.064064979553223
707 -7.738193511962891
708 -7.649753093719482
709 -8.007986068725586
710 -7.6061859130859375
711 -9.064047813415527
712 -9.064074516296387
713 -7.6767706871032715
714 -8.00783920288086
715 -7.903021335601807
716 -8.11329460144043
717 -9.0640869140625
718 -9.064080238342285
719 -9.064087867736816
720 -9.064081192016602
721 -7.605831146240234
722 -9.052043914794922
723 -7.6770148277282715
724 -9.064083099365234
725 -7.739104270935059
726 -9.064085960388184
727 -9.064067840576172
728 -8.060052871704102
729 -7.779999256134033
730 -7.704207420349121
731 -7.625977039337158
732 -9.064083099365234
733 -7.864798069000244
734 -7.567445278167725
735 -7.473475933074951
736 -9.064075469970703
737 -7.7119293212890625
738 -9.064065933227539
739 -9.06408977508545
740 -7.566946029663086
741 -7.943981647491455
742 -8.05982780456543
743 -7.779994010925293
744 -9.064068794250488
745 -9.064075469970703
746 -9.064074516296387
747 -9.064081192016602
748 -9.064078330993652
749 -9.06408405303955
750 -9.064080238342285
751 -7.7969465255737305
752 -9.064043045043945
753 -9.064067840576172
754 -9.064072608947754
755 -9.064085006713867
756 -9.064085960388184
757 -9.064082145690918
758 -7.738158702850342
759 -9.064065933227539
760 -9.064069747924805
761 -7.741831302642822
762 -7.7969441413879395
763 -7.636762619018555
764 -9.064090728759766
765 -9.064075469970703
766 -7.798593521118164
767 -7.797979354858398
768 -9.064055442810059
769 -8.060036659240723
770 -9.06407356262207
771 -9.06406021118164
772 -9.064070701599121
773 -9.064082145690918
774 -9.064056396484375
775 -7.798730373382568
776 -7.837930679321289
777 -7.516934394836426
778 -9.064081192016602
779 -9.064078330993652
780 -9.064083099365234
781 -9.064083099365234
782 -7.424098968505859
783 -7.710686683654785
784 -9.0640869140625
785 -9.064035415649414
786 -9.064078330993652
787 -9.064043998718262
788 -9.063895225524902
789 -9.064087867736816
790 -7.902393817901611
791 -9.064055442810059
792 -7.655035972595215
793 -9.064056396484375
794 -9.064058303833008
795 -9.06408405303955
796 -9.064080238342285
797 -9.064079284667969
798 -9.064069747924805
799 -7.798741817474365
800 -7.570327281951904
801 -9.064079284667969
802 -9.064050674438477
803 -9.063922882080078
804 -9.064053535461426
805 -9.064081192016602
806 -7.86480188369751
807 -9.064053535461426
808 -9.064081192016602
809 -7.747908115386963
810 -9.064078330993652
811 -9.064066886901855
812 -7.7482781410217285
813 -9.064045906066895
814 -9.064053535461426
815 -9.06408405303955
816 -9.064070701599121
817 -9.064057350158691
818 -7.798610687255859
819 -9.064072608947754
820 -8.11329174041748
821 -9.064079284667969
822 -8.060049057006836
823 -9.064057350158691
824 -9.064077377319336
825 -7.572115898132324
826 -9.0640869140625
827 -7.502932071685791
828 -7.660630226135254
829 -7.588275909423828
830 -9.06408977508545
831 -7.544671058654785
832 -9.064077377319336
833 -9.064069747924805
834 -9.0616455078125
835 -9.064068794250488
836 -9.064083099365234
837 -7.8647966384887695
838 -9.064054489135742
839 -7.518989086151123
840 -7.837876319885254
841 -9.064079284667969
842 -9.064058303833008
843 -9.064079284667969
844 -7.89910364151001
845 -9.064079284667969
846 -7.544984817504883
847 -9.064048767089844
848 -7.903020858764648
849 -7.837866306304932
850 -9.06407356262207
851 -7.645271301269531
852 -9.064083099365234
853 -9.064085960388184
854 -9.06407642364502
855 -9.064081192016602
856 -9.064080238342285
857 -7.798487663269043
858 -9.064068794250488
859 -7.681179046630859
860 -8.104122161865234
861 -9.06407642364502
862 -9.064080238342285
863 -9.064081192016602
864 -9.064079284667969
865 -9.064082145690918
866 -8.060036659240723
867 -9.06408977508545
868 -9.064064025878906
869 -9.06407356262207
870 -7.798736572265625
871 -8.060059547424316
872 -7.804874420166016
873 -9.064078330993652
874 -9.06407642364502
875 -7.614694595336914
876 -9.06408977508545
877 -9.06406307220459
878 -7.5879998207092285
879 -8.113276481628418
880 -9.064078330993652
881 -9.064054489135742
882 -9.064078330993652
883 -9.064077377319336
884 -7.5262370109558105
885 -9.064079284667969
886 -8.058141708374023
887 -9.06408405303955
888 -9.06407356262207
889 -7.636743545532227
890 -9.06406307220459
891 -9.064085006713867
892 -9.064077377319336
893 -9.064044952392578
894 -9.064081192016602
895 -9.064077377319336
896 -9.064074516296387
897 -9.064079284667969
898 -9.064077377319336
899 -9.064078330993652
900 -7.990373611450195
901 -9.0640869140625
902 -7.732769012451172
903 -7.6213884353637695
904 -7.802489280700684
905 -9.064085006713867
906 -7.523743629455566
907 -7.364255905151367
908 -7.50031042098999
909 -7.748132705688477
910 -9.06406021118164
911 -9.064081192016602
912 -7.801983833312988
913 -9.064059257507324
914 -9.064072608947754
915 -9.064075469970703
916 -7.779105186462402
917 -9.06407356262207
918 -9.064088821411133
919 -7.864803314208984
920 -9.064075469970703
921 -9.064090728759766
922 -7.611051082611084
923 -9.064081192016602
924 -7.569291591644287
925 -9.064056396484375
926 -9.064082145690918
927 -9.06408977508545
928 -9.064057350158691
929 -7.734148025512695
930 -9.06407642364502
931 -7.717772006988525
932 -7.636773109436035
933 -9.064055442810059
934 -9.064083099365234
935 -7.456064701080322
936 -8.113296508789062
937 -9.064047813415527
938 -7.605813980102539
939 -9.064083099365234
940 -9.06408405303955
941 -9.064077377319336
942 -9.064066886901855
943 -9.064080238342285
944 -9.0640869140625
945 -7.646286487579346
946 -8.113296508789062
947 -7.899089813232422
948 -7.904526233673096
949 -7.670653343200684
950 -9.06405258178711
951 -9.064067840576172
952 -9.064087867736816
953 -7.761701583862305
954 -7.6767802238464355
955 -8.060059547424316
956 -9.064056396484375
957 -9.06407356262207
958 -7.671990394592285
959 -9.064048767089844
960 -9.064070701599121
961 -7.310772895812988
962 -9.06408977508545
963 -9.064064979553223
964 -9.064069747924805
965 -7.782684326171875
966 -9.064087867736816
967 -7.400145530700684
968 -9.064075469970703
969 -9.064082145690918
970 -9.064083099365234
971 -7.802592754364014
972 -7.74183988571167
973 -9.064040184020996
974 -9.064081192016602
975 -9.06408977508545
976 -9.06406307220459
977 -9.06407642364502
978 -9.064090728759766
979 -9.06406021118164
980 -7.717759132385254
981 -9.064040184020996
982 -9.064071655273438
983 -7.905425071716309
984 -9.064067840576172
985 -9.06407356262207
986 -9.06408405303955
987 -9.064085006713867
988 -7.905414581298828
989 -9.064043998718262
990 -9.064065933227539
991 -8.060057640075684
992 -9.064083099365234
993 -9.064066886901855
994 -9.064077377319336
995 -9.064006805419922
996 -7.710666179656982
997 -7.779980659484863
998 -9.0640869140625
999 -7.99437952041626
