0 -5.114560127258301
1 -5.235957145690918
2 -5.194807052612305
3 -5.421984672546387
4 -4.846538543701172
5 -7.411933422088623
6 -8.159072875976562
7 -6.20346736907959
8 -6.695886135101318
9 -6.831177234649658
10 -9.064090728759766
11 -6.6154351234436035
12 -5.621664047241211
13 -6.621610641479492
14 -6.47743034362793
15 -8.3575439453125
16 -6.63193416595459
17 -8.533353805541992
18 -7.002252578735352
19 -9.064090728759766
20 -9.064090728759766
21 -6.236846923828125
22 -7.683621406555176
23 -6.562222003936768
24 -6.866814613342285
25 -7.499028205871582
26 -6.253217697143555
27 -8.072911262512207
28 -6.800856590270996
29 -6.059345245361328
30 -6.368670463562012
31 -6.914846420288086
32 -7.485959053039551
33 -8.22197437286377
34 -6.587567329406738
35 -6.523416519165039
36 -8.668644905090332
37 -6.779285430908203
38 -6.578088760375977
39 -6.5249924659729
40 -7.992801666259766
41 -8.996880531311035
42 -8.050326347351074
43 -7.613855838775635
44 -6.597408771514893
45 -6.6760478019714355
46 -8.686495780944824
47 -7.522376537322998
48 -6.8849687576293945
49 -6.6339311599731445
50 -6.531986236572266
51 -7.271346569061279
52 -7.519397735595703
53 -6.416094779968262
54 -6.769279479980469
55 -5.892005920410156
56 -7.600125312805176
57 -8.167850494384766
58 -6.3309760093688965
59 -6.306056976318359
60 -6.735093116760254
61 -6.088636875152588
62 -7.618412971496582
63 -8.693624496459961
64 -6.621343612670898
65 -7.835262775421143
66 -6.514801502227783
67 -6.4385480880737305
68 -7.511178016662598
69 -6.397271156311035
70 -7.4535088539123535
71 -6.236368179321289
72 -7.825918674468994
73 -6.883007049560547
74 -8.601734161376953
75 -7.05992317199707
76 -8.442158699035645
77 -8.41854190826416
78 -7.331079483032227
79 -8.397209167480469
80 -6.603443145751953
81 -9.064090728759766
82 -6.159999847412109
83 -6.253950119018555
84 -6.634224891662598
85 -7.226766109466553
86 -6.825436115264893
87 -8.586176872253418
88 -8.683433532714844
89 -7.201107025146484
90 -6.640501499176025
91 -8.692436218261719
92 -6.7586565017700195
93 -6.231813907623291
94 -6.137810707092285
95 -7.673956394195557
96 -8.109625816345215
97 -6.015557289123535
98 -6.76267147064209
99 -6.071069717407227
100 -8.558587074279785
101 -6.608574867248535
102 -7.708381175994873
103 -6.530050754547119
104 -7.172909259796143
105 -6.376682758331299
106 -6.586797714233398
107 -6.342426776885986
108 -6.793793678283691
109 -7.517033576965332
110 -6.573381423950195
111 -9.064090728759766
112 -8.166925430297852
113 -6.770560264587402
114 -6.658138275146484
115 -6.261544227600098
116 -6.554598808288574
117 -6.727118492126465
118 -6.117443084716797
119 -7.140445232391357
120 -6.9396138191223145
121 -6.8399200439453125
122 -6.567858695983887
123 -8.710430145263672
124 -6.685972213745117
125 -6.985941410064697
126 -7.3195109367370605
127 -6.341983795166016
128 -6.317221641540527
129 -5.857389450073242
130 -6.840921878814697
131 -7.804104804992676
132 -8.258808135986328
133 -8.50071907043457
134 -6.153417587280273
135 -7.172328948974609
136 -6.2373552322387695
137 -8.452214241027832
138 -6.466107368469238
139 -6.329521179199219
140 -6.6660027503967285
141 -7.093574047088623
142 -6.757969856262207
143 -6.816343784332275
144 -5.974812030792236
145 -6.04008150100708
146 -6.6376447677612305
147 -7.4570770263671875
148 -7.297940254211426
149 -9.064090728759766
150 -8.70897388458252
151 -7.484371662139893
152 -8.659385681152344
153 -6.060316562652588
154 -6.867373943328857
155 -6.603273391723633
156 -8.65651798248291
157 -7.396836757659912
158 -6.1493024826049805
159 -7.790682792663574
160 -6.111420631408691
161 -9.064090728759766
162 -6.503262042999268
163 -6.264177322387695
164 -5.971902370452881
165 -6.2319231033325195
166 -6.424410343170166
167 -7.148362159729004
168 -6.894885063171387
169 -6.979590892791748
170 -6.320573806762695
171 -6.682473659515381
172 -9.064090728759766
173 -6.731117248535156
174 -6.672643661499023
175 -5.97723913192749
176 -6.8417205810546875
177 -6.022268772125244
178 -6.901386737823486
179 -6.815269947052002
180 -6.547629356384277
181 -6.605095863342285
182 -7.010554313659668
183 -8.765175819396973
184 -6.657327651977539
185 -7.154661655426025
186 -6.352301597595215
187 -7.173169136047363
188 -6.596610069274902
189 -6.532374382019043
190 -7.494139671325684
191 -6.50260066986084
192 -6.284307479858398
193 -6.563437461853027
194 -6.329562187194824
195 -6.601737976074219
196 -7.429904937744141
197 -8.684747695922852
198 -7.947548866271973
199 -7.009931564331055
200 -6.5529046058654785
201 -6.816390037536621
202 -7.80363655090332
203 -6.966550827026367
204 -8.472040176391602
205 -6.130778789520264
206 -6.719096660614014
207 -6.263650417327881
208 -6.7765936851501465
209 -6.267239093780518
210 -7.404989242553711
211 -6.099053382873535
212 -8.627153396606445
213 -6.094237327575684
214 -6.210031509399414
215 -6.620600700378418
216 -6.402735233306885
217 -7.3110456466674805
218 -6.00455904006958
219 -6.43606424331665
220 -6.586881160736084
221 -8.790238380432129
222 -6.59714412689209
223 -6.318508625030518
224 -7.505143642425537
225 -6.450418472290039
226 -6.129136562347412
227 -6.190841197967529
228 -7.36256217956543
229 -6.5013837814331055
230 -8.215404510498047
231 -5.968228340148926
232 -8.336268424987793
233 -6.220133304595947
234 -6.513589382171631
235 -7.4227495193481445
236 -6.6522674560546875
237 -7.7279791831970215
238 -6.339351654052734
239 -7.300283432006836
240 -6.917496204376221
241 -6.150649070739746
242 -6.537208080291748
243 -6.248283386230469
244 -7.826836109161377
245 -6.451746940612793
246 -7.206632137298584
247 -6.37919282913208
248 -6.8514509201049805
249 -7.005801200866699
250 -6.185663223266602
251 -6.540217876434326
252 -8.358508110046387
253 -6.759776592254639
254 -6.641716480255127
255 -6.798680305480957
256 -6.5116376876831055
257 -6.645726203918457
258 -8.8109769821167
259 -6.56932258605957
260 -6.289776802062988
261 -6.22247314453125
262 -6.896276950836182
263 -7.362631320953369
264 -8.447555541992188
265 -6.790583610534668
266 -6.13143253326416
267 -8.535781860351562
268 -7.001492500305176
269 -6.387042999267578
270 -8.364570617675781
271 -6.278545379638672
272 -6.72294807434082
273 -8.652724266052246
274 -7.361342430114746
275 -6.14077615737915
276 -8.092460632324219
277 -7.833787441253662
278 -6.537914276123047
279 -5.968137264251709
280 -6.604855537414551
281 -5.963266372680664
282 -8.319159507751465
283 -7.422525405883789
284 -8.813464164733887
285 -7.3343048095703125
286 -6.724189758300781
287 -8.236504554748535
288 -8.69053840637207
289 -9.064090728759766
290 -8.128695487976074
291 -6.384200096130371
292 -6.898922920227051
293 -7.151609420776367
294 -6.100480556488037
295 -7.463122367858887
296 -7.742589473724365
297 -7.526396751403809
298 -6.5786333084106445
299 -6.551017761230469
300 -6.76132869720459
301 -6.195405960083008
302 -7.690154075622559
303 -6.855597972869873
304 -6.476260185241699
305 -8.715456008911133
306 -6.1060357093811035
307 -6.2841973304748535
308 -7.4859771728515625
309 -7.213757514953613
310 -6.996054649353027
311 -8.967732429504395
312 -6.595455169677734
313 -7.16487979888916
314 -6.178888320922852
315 -7.6546125411987305
316 -9.064090728759766
317 -6.635262489318848
318 -6.811056137084961
319 -7.489518642425537
320 -8.999492645263672
321 -6.108124732971191
322 -6.521156311035156
323 -6.184311866760254
324 -6.511170387268066
325 -6.38955020904541
326 -8.99145793914795
327 -6.547497749328613
328 -6.146369934082031
329 -6.320653915405273
330 -6.677399635314941
331 -9.002284049987793
332 -5.973990440368652
333 -8.391448020935059
334 -7.023771286010742
335 -8.39344596862793
336 -7.330831527709961
337 -6.753452777862549
338 -6.274897575378418
339 -6.920097351074219
340 -8.27855110168457
341 -6.860182285308838
342 -6.051322937011719
343 -6.300500869750977
344 -8.629459381103516
345 -6.340954303741455
346 -6.329593658447266
347 -6.846703052520752
348 -7.2742414474487305
349 -6.599911689758301
350 -6.426003456115723
351 -6.1730546951293945
352 -6.720484733581543
353 -8.745858192443848
354 -6.429660320281982
355 -7.346912384033203
356 -6.609035015106201
357 -7.535167694091797
358 -7.6637725830078125
359 -6.318280220031738
360 -6.485830307006836
361 -6.4662675857543945
362 -7.283030033111572
363 -6.228824615478516
364 -5.751089096069336
365 -6.255551338195801
366 -6.602173805236816
367 -6.347207546234131
368 -6.781093597412109
369 -6.5933451652526855
370 -7.307043075561523
371 -6.263206481933594
372 -6.683742046356201
373 -9.06408977508545
374 -7.214554786682129
375 -6.69088077545166
376 -6.435251235961914
377 -9.064090728759766
378 -7.668150424957275
379 -6.345537185668945
380 -6.164063930511475
381 -6.250237464904785
382 -7.307900428771973
383 -7.1271796226501465
384 -6.702118873596191
385 -7.4638166427612305
386 -6.623063564300537
387 -8.468364715576172
388 -6.039753437042236
389 -7.356398582458496
390 -8.954641342163086
391 -8.074996948242188
392 -8.028204917907715
393 -6.079004764556885
394 -9.01673698425293
395 -9.06408977508545
396 -6.385357856750488
397 -6.288039207458496
398 -8.518147468566895
399 -6.94864559173584
400 -6.246237754821777
401 -7.430952072143555
402 -8.399494171142578
403 -6.156044006347656
404 -6.454554080963135
405 -8.955836296081543
406 -6.838858127593994
407 -6.20020866394043
408 -6.529679775238037
409 -6.765636444091797
410 -6.936594009399414
411 -6.1117753982543945
412 -8.882027626037598
413 -6.465925216674805
414 -6.391782283782959
415 -8.922525405883789
416 -5.91481876373291
417 -7.481800079345703
418 -6.261941909790039
419 -7.4478068351745605
420 -6.4188232421875
421 -7.053865432739258
422 -7.250690937042236
423 -7.1162638664245605
424 -6.859585762023926
425 -5.907883167266846
426 -6.237481117248535
427 -7.498403549194336
428 -6.737813472747803
429 -7.818234443664551
430 -7.725155830383301
431 -6.785299777984619
432 -6.672092914581299
433 -6.284433841705322
434 -7.082820892333984
435 -6.18640661239624
436 -7.265736103057861
437 -6.763657569885254
438 -7.274024963378906
439 -7.054389953613281
440 -6.245145797729492
441 -7.420075416564941
442 -6.227655410766602
443 -6.394594669342041
444 -9.064090728759766
445 -6.080993175506592
446 -7.298807144165039
447 -7.305449485778809
448 -9.038687705993652
449 -9.043079376220703
450 -6.196444511413574
451 -6.136018753051758
452 -8.889105796813965
453 -9.064090728759766
454 -6.312104225158691
455 -8.382746696472168
456 -5.914356231689453
457 -6.943574905395508
458 -8.629711151123047
459 -6.3244781494140625
460 -8.644091606140137
461 -6.481056213378906
462 -6.677430152893066
463 -6.285992622375488
464 -6.341696262359619
465 -6.429015159606934
466 -7.069491386413574
467 -6.533060550689697
468 -6.640213489532471
469 -7.150305271148682
470 -8.442383766174316
471 -7.966518878936768
472 -6.431617736816406
473 -6.698039531707764
474 -6.6181440353393555
475 -6.598198890686035
476 -5.967695236206055
477 -9.054678916931152
478 -7.512207984924316
479 -6.495042324066162
480 -8.035270690917969
481 -6.612800598144531
482 -7.845311164855957
483 -6.692761421203613
484 -7.438592910766602
485 -6.5828728675842285
486 -6.784550666809082
487 -8.753661155700684
488 -7.585997104644775
489 -6.391175270080566
490 -7.006979942321777
491 -6.2285051345825195
492 -6.299384117126465
493 -6.616657257080078
494 -7.142010688781738
495 -8.039117813110352
496 -7.171792507171631
497 -8.69943904876709
498 -6.790256023406982
499 -9.017525672912598
500 -7.3667778968811035
501 -9.064090728759766
502 -6.701480865478516
503 -6.675173759460449
504 -7.489289283752441
505 -5.873429298400879
506 -6.919233798980713
507 -6.118204116821289
508 -6.232119560241699
509 -8.108819007873535
510 -6.666008949279785
511 -6.484431266784668
512 -8.763872146606445
513 -6.444699764251709
514 -6.468001842498779
515 -6.338399410247803
516 -6.930459499359131
517 -7.448866367340088
518 -7.127771377563477
519 -6.811313629150391
520 -8.546737670898438
521 -6.655973434448242
522 -7.956236839294434
523 -8.02657413482666
524 -7.711147308349609
525 -6.387713432312012
526 -6.588188171386719
527 -6.045849323272705
528 -7.2806925773620605
529 -6.678640365600586
530 -6.365700721740723
531 -8.392205238342285
532 -8.119060516357422
533 -8.793830871582031
534 -6.156637191772461
535 -8.842964172363281
536 -6.579085350036621
537 -6.798739433288574
538 -6.001513481140137
539 -7.348455429077148
540 -6.920112609863281
541 -6.247827529907227
542 -7.549036979675293
543 -8.914567947387695
544 -6.652092456817627
545 -6.463266372680664
546 -7.928398609161377
547 -6.879518985748291
548 -6.172682762145996
549 -6.296095848083496
550 -8.200284004211426
551 -6.470557689666748
552 -7.047305107116699
553 -6.829460144042969
554 -8.520907402038574
555 -8.597481727600098
556 -6.958747863769531
557 -7.111253261566162
558 -6.555498123168945
559 -5.963683128356934
560 -7.0598673820495605
561 -6.204278945922852
562 -6.850257873535156
563 -6.53460693359375
564 -6.294486045837402
565 -6.519129753112793
566 -6.291808128356934
567 -9.064090728759766
568 -6.553223609924316
569 -6.639271259307861
570 -6.622937202453613
571 -6.56511926651001
572 -6.4881978034973145
573 -6.809144020080566
574 -6.632994651794434
575 -6.797205448150635
576 -6.558953285217285
577 -6.503304481506348
578 -7.863509178161621
579 -8.973623275756836
580 -7.8090739250183105
581 -6.712322235107422
582 -7.786334037780762
583 -6.725186824798584
584 -6.1938886642456055
585 -6.564511299133301
586 -6.737437725067139
587 -5.879637241363525
588 -6.365562915802002
589 -8.610615730285645
590 -6.559192657470703
591 -6.665127754211426
592 -6.485337257385254
593 -8.409289360046387
594 -8.365428924560547
595 -6.546153545379639
596 -7.848280906677246
597 -7.737517356872559
598 -7.327568054199219
599 -9.06408977508545
600 -6.171440601348877
601 -9.051608085632324
602 -6.635473251342773
603 -6.121594429016113
604 -7.131191253662109
605 -6.187477111816406
606 -8.974227905273438
607 -8.816682815551758
608 -9.064091682434082
609 -6.681762218475342
610 -8.63230037689209
611 -6.116070747375488
612 -8.525952339172363
613 -6.902839660644531
614 -8.779304504394531
615 -7.0230183601379395
616 -6.23185396194458
617 -6.945194721221924
618 -8.096990585327148
619 -6.193256855010986
620 -6.260917663574219
621 -6.953909873962402
622 -6.8909783363342285
623 -6.122807502746582
624 -6.802656173706055
625 -6.895641326904297
626 -6.652620315551758
627 -5.7614288330078125
628 -6.818626403808594
629 -6.591789722442627
630 -8.611263275146484
631 -7.428107261657715
632 -6.3600616455078125
633 -6.124121189117432
634 -7.090951442718506
635 -7.101259231567383
636 -6.486679553985596
637 -8.725004196166992
638 -6.800249099731445
639 -9.064090728759766
640 -7.3189377784729
641 -6.482832431793213
642 -7.14136266708374
643 -6.462646484375
644 -6.659186840057373
645 -8.891118049621582
646 -6.612890720367432
647 -9.064090728759766
648 -6.955968856811523
649 -7.995385646820068
650 -6.444516181945801
651 -6.6570210456848145
652 -6.0610527992248535
653 -5.747211456298828
654 -6.518019676208496
655 -7.049576759338379
656 -6.385921001434326
657 -6.0150957107543945
658 -6.073552131652832
659 -7.746214866638184
660 -6.5197224617004395
661 -7.488877296447754
662 -6.476431846618652
663 -7.184179306030273
664 -6.845309257507324
665 -6.880974292755127
666 -6.189103603363037
667 -7.173168182373047
668 -7.854097843170166
669 -7.276761054992676
670 -8.999139785766602
671 -8.604280471801758
672 -7.426243305206299
673 -6.492973327636719
674 -6.124948501586914
675 -6.290473461151123
676 -6.718923568725586
677 -8.043603897094727
678 -7.53545618057251
679 -6.864258766174316
680 -6.8432488441467285
681 -7.858118057250977
682 -6.261834144592285
683 -7.07310676574707
684 -6.5483856201171875
685 -5.858268737792969
686 -6.512978553771973
687 -7.211367130279541
688 -6.147031307220459
689 -6.065262794494629
690 -8.113212585449219
691 -5.981722831726074
692 -5.890768051147461
693 -6.521490097045898
694 -6.162415504455566
695 -9.06408977508545
696 -9.029807090759277
697 -6.4048943519592285
698 -6.164442539215088
699 -7.785888671875
700 -7.083839416503906
701 -7.04963493347168
702 -6.7246527671813965
703 -6.198493957519531
704 -7.911027431488037
705 -7.657616138458252
706 -8.901813507080078
707 -6.350019931793213
708 -6.258054733276367
709 -6.098413944244385
710 -6.012747764587402
711 -6.846912860870361
712 -7.090029716491699
713 -5.844024658203125
714 -6.32813835144043
715 -9.010619163513184
716 -7.203945159912109
717 -5.948407173156738
718 -7.5203537940979
719 -6.579505920410156
720 -7.266266822814941
721 -7.311334133148193
722 -6.6921610832214355
723 -6.529995918273926
724 -7.561912536621094
725 -6.266483783721924
726 -6.115026473999023
727 -9.06408977508545
728 -8.115579605102539
729 -6.230418682098389
730 -8.713067054748535
731 -7.135065078735352
732 -8.961227416992188
733 -5.997690677642822
734 -7.152843475341797
735 -6.793874740600586
736 -6.3365654945373535
737 -9.032512664794922
738 -6.484365940093994
739 -6.975908279418945
740 -8.802563667297363
741 -6.602985382080078
742 -8.742036819458008
743 -8.49074649810791
744 -6.546871185302734
745 -6.671497344970703
746 -9.0394868850708
747 -6.148766994476318
748 -6.611489772796631
749 -9.064090728759766
750 -8.5726318359375
751 -7.927456855773926
752 -8.180363655090332
753 -6.273660182952881
754 -7.969216823577881
755 -6.616128921508789
756 -7.572543621063232
757 -6.18437385559082
758 -8.470458030700684
759 -6.754347801208496
760 -5.9909539222717285
761 -6.275907516479492
762 -6.742445945739746
763 -7.297563076019287
764 -5.820838451385498
765 -8.96059513092041
766 -9.064090728759766
767 -6.975111484527588
768 -6.668857097625732
769 -6.259793281555176
770 -6.594024658203125
771 -6.585397720336914
772 -7.118283271789551
773 -8.480985641479492
774 -8.694995880126953
775 -9.064090728759766
776 -8.609522819519043
777 -6.159951210021973
778 -6.150485038757324
779 -8.893664360046387
780 -6.366306304931641
781 -6.538066864013672
782 -6.549788475036621
783 -7.408565998077393
784 -6.900667667388916
785 -7.88803243637085
786 -6.3546977043151855
787 -6.491217613220215
788 -5.914472579956055
789 -9.06408977508545
790 -8.567590713500977
791 -6.121581554412842
792 -6.154721736907959
793 -8.779919624328613
794 -6.776883602142334
795 -7.631081581115723
796 -7.448413848876953
797 -6.743197917938232
798 -6.902091026306152
799 -8.05440902709961
800 -6.52098274230957
801 -6.56938362121582
802 -8.286535263061523
803 -6.612802505493164
804 -6.428506851196289
805 -7.235713958740234
806 -7.665600776672363
807 -6.468057155609131
808 -6.096430778503418
809 -8.170884132385254
810 -6.512929916381836
811 -6.325035095214844
812 -6.794699668884277
813 -6.894495010375977
814 -6.642072677612305
815 -6.573042392730713
816 -6.594868183135986
817 -6.41660737991333
818 -6.379931449890137
819 -6.285207748413086
820 -6.28513765335083
821 -6.941703796386719
822 -7.231433868408203
823 -9.064090728759766
824 -6.235440254211426
825 -6.148992538452148
826 -6.558537483215332
827 -8.988006591796875
828 -6.449501037597656
829 -6.685644149780273
830 -7.135639190673828
831 -8.80579662322998
832 -7.798786163330078
833 -6.7114949226379395
834 -8.743429183959961
835 -6.222752571105957
836 -6.649318218231201
837 -8.95677661895752
838 -6.503647804260254
839 -6.914804935455322
840 -7.139141082763672
841 -7.667067050933838
842 -6.183591842651367
843 -8.944159507751465
844 -6.44980525970459
845 -7.129703044891357
846 -6.76410436630249
847 -7.155940055847168
848 -8.846590995788574
849 -8.87691879272461
850 -6.596848487854004
851 -6.77593469619751
852 -7.5131449699401855
853 -6.485166549682617
854 -6.672835826873779
855 -6.076192855834961
856 -6.475388050079346
857 -6.8430705070495605
858 -6.635748863220215
859 -9.064090728759766
860 -6.81691837310791
861 -6.692379951477051
862 -7.493708610534668
863 -7.196613311767578
864 -6.062070846557617
865 -6.189089775085449
866 -6.347566604614258
867 -7.119999885559082
868 -6.6328887939453125
869 -7.0489501953125
870 -5.789034843444824
871 -6.5523457527160645
872 -7.360651969909668
873 -7.024222373962402
874 -6.396541595458984
875 -6.2619404792785645
876 -7.486452579498291
877 -6.297248840332031
878 -6.270097732543945
879 -7.920325756072998
880 -6.720587253570557
881 -7.458127498626709
882 -6.510865211486816
883 -7.487952709197998
884 -7.832065582275391
885 -9.06408977508545
886 -6.505473613739014
887 -8.607207298278809
888 -9.064090728759766
889 -6.755130290985107
890 -6.552379131317139
891 -8.25661563873291
892 -8.197025299072266
893 -7.358895301818848
894 -8.30282211303711
895 -9.06408977508545
896 -9.016132354736328
897 -6.7248077392578125
898 -5.850831985473633
899 -6.318785667419434
900 -6.405211448669434
901 -6.498725891113281
902 -6.346118927001953
903 -6.32197380065918
904 -9.03628921508789
905 -6.972972393035889
906 -7.181867599487305
907 -6.379367351531982
908 -6.567215442657471
909 -5.952634334564209
910 -6.339800834655762
911 -6.015169143676758
912 -7.0178680419921875
913 -6.51402473449707
914 -6.277942657470703
915 -9.064090728759766
916 -6.850423336029053
917 -6.2664618492126465
918 -8.152732849121094
919 -7.638679504394531
920 -7.494770050048828
921 -6.292845726013184
922 -6.618719100952148
923 -6.157533645629883
924 -7.187158107757568
925 -6.759455680847168
926 -6.6475677490234375
927 -8.761336326599121
928 -8.920858383178711
929 -6.108849048614502
930 -6.408082008361816
931 -6.140665054321289
932 -8.660931587219238
933 -8.915691375732422
934 -8.630096435546875
935 -7.183420181274414
936 -6.708508014678955
937 -6.997583389282227
938 -6.190394401550293
939 -5.912172794342041
940 -6.001859664916992
941 -6.336970806121826
942 -8.763808250427246
943 -8.431315422058105
944 -8.461358070373535
945 -7.551154136657715
946 -6.618294715881348
947 -6.158609390258789
948 -5.98719596862793
949 -6.410674095153809
950 -6.212594032287598
951 -8.776694297790527
952 -8.566530227661133
953 -6.46185827255249
954 -6.083169937133789
955 -7.90782356262207
956 -5.989837646484375
957 -8.753173828125
958 -7.286536693572998
959 -6.5122222900390625
960 -6.444666862487793
961 -6.797332763671875
962 -6.208648681640625
963 -6.126513481140137
964 -6.653995513916016
965 -7.183330059051514
966 -8.67752742767334
967 -6.871103286743164
968 -6.324136257171631
969 -6.611380577087402
970 -7.322425842285156
971 -7.510213375091553
972 -5.940726280212402
973 -8.084861755371094
974 -6.002655506134033
975 -6.139344692230225
976 -6.688539505004883
977 -7.495927810668945
978 -6.945859909057617
979 -6.746603488922119
980 -6.151614665985107
981 -6.295085906982422
982 -6.248674392700195
983 -6.738804340362549
984 -8.207510948181152
985 -7.154504776000977
986 -6.196453094482422
987 -6.679843902587891
988 -8.330816268920898
989 -6.664978981018066
990 -6.570436000823975
991 -8.838680267333984
992 -6.397976398468018
993 -6.388630390167236
994 -9.064090728759766
995 -8.915193557739258
996 -6.899324893951416
997 -7.33806037902832
998 -6.3100409507751465
999 -6.074016571044922
