0 -9.064082145690918
1 -7.646289825439453
2 -8.052027702331543
3 -7.613239288330078
4 -7.721920490264893
5 -9.064083099365234
6 -9.064085960388184
7 -8.113290786743164
8 -9.064070701599121
9 -9.064083099365234
10 -9.064090728759766
11 -7.902409553527832
12 -9.064079284667969
13 -7.72899055480957
14 -9.064038276672363
15 -9.0640869140625
16 -7.717774391174316
17 -9.064050674438477
18 -9.064085006713867
19 -9.064050674438477
20 -7.633293151855469
21 -9.064074516296387
22 -8.113296508789062
23 -9.064055442810059
24 -7.274619102478027
25 -7.798736095428467
26 -7.285035133361816
27 -9.064081192016602
28 -7.645259857177734
29 -9.06407642364502
30 -7.569000244140625
31 -7.738201141357422
32 -9.064048767089844
33 -9.06407356262207
34 -7.565661907196045
35 -9.064087867736816
36 -7.636752128601074
37 -9.064080238342285
38 -9.06407356262207
39 -7.804831027984619
40 -9.064066886901855
41 -7.8025102615356445
42 -9.064085006713867
43 -9.064064979553223
44 -9.064075469970703
45 -9.064085960388184
46 -9.064067840576172
47 -7.645273208618164
48 -7.899102210998535
49 -7.9013543128967285
50 -9.061236381530762
51 -7.899056911468506
52 -9.06405258178711
53 -7.780001640319824
54 -9.064085960388184
55 -9.064070701599121
56 -7.8647918701171875
57 -9.064081192016602
58 -7.78286600112915
59 -9.064082145690918
60 -9.064080238342285
61 -8.00665283203125
62 -7.77998685836792
63 -9.064065933227539
64 -9.064074516296387
65 -7.415099620819092
66 -9.064090728759766
67 -9.064090728759766
68 -7.532262325286865
69 -7.58694314956665
70 -7.90542459487915
71 -9.064078330993652
72 -7.4150919914245605
73 -7.741835594177246
74 -9.064055442810059
75 -9.062994956970215
76 -7.541434288024902
77 -7.939990997314453
78 -9.064078330993652
79 -7.717770099639893
80 -7.902921676635742
81 -9.064087867736816
82 -9.06407356262207
83 -9.064074516296387
84 -9.06406307220459
85 -9.064075469970703
86 -9.064082145690918
87 -9.064061164855957
88 -9.064053535461426
89 -7.738181114196777
90 -9.064085006713867
91 -9.064072608947754
92 -9.064068794250488
93 -7.904957294464111
94 -7.721768379211426
95 -9.064081192016602
96 -9.064079284667969
97 -9.064081192016602
98 -9.064078330993652
99 -9.06406021118164
100 -7.4750261306762695
101 -7.544989109039307
102 -9.064085006713867
103 -7.523226261138916
104 -7.864803791046143
105 -9.064068794250488
106 -9.064066886901855
107 -9.064071655273438
108 -9.064079284667969
109 -9.063919067382812
110 -8.03676986694336
111 -9.064087867736816
112 -9.0640869140625
113 -7.658989429473877
114 -9.06407356262207
115 -7.864774703979492
116 -9.064085006713867
117 -7.116750717163086
118 -9.064077377319336
119 -9.06407356262207
120 -9.064069747924805
121 -9.064045906066895
122 -7.802583694458008
123 -7.748146057128906
124 -9.064068794250488
125 -7.8048481941223145
126 -9.064066886901855
127 -7.905416488647461
128 -9.064082145690918
129 -9.064083099365234
130 -7.995502948760986
131 -7.415101051330566
132 -7.852301597595215
133 -9.062806129455566
134 -9.064069747924805
135 -7.804869651794434
136 -7.606474876403809
137 -9.064045906066895
138 -9.064083099365234
139 -9.064071655273438
140 -7.424099445343018
141 -9.06408405303955
142 -7.676815986633301
143 -9.064085006713867
144 -9.064075469970703
145 -9.064081192016602
146 -9.064088821411133
147 -9.064074516296387
148 -7.798734188079834
149 -7.738128185272217
150 -9.064075469970703
151 -7.798732280731201
152 -9.064067840576172
153 -9.064075469970703
154 -9.064079284667969
155 -9.064085960388184
156 -7.761744499206543
157 -9.064090728759766
158 -9.064067840576172
159 -9.064069747924805
160 -9.064070701599121
161 -9.064077377319336
162 -9.064061164855957
163 -7.989211559295654
164 -7.415097713470459
165 -7.777475833892822
166 -9.064074516296387
167 -9.064024925231934
168 -9.064062118530273
169 -9.064081192016602
170 -7.864786148071289
171 -7.60235595703125
172 -9.064080238342285
173 -9.064075469970703
174 -9.064080238342285
175 -9.064090728759766
176 -7.589212417602539
177 -7.644615173339844
178 -9.064077377319336
179 -9.064064979553223
180 -9.064070701599121
181 -9.064080238342285
182 -8.113280296325684
183 -9.064079284667969
184 -7.7219953536987305
185 -9.06408977508545
186 -9.064080238342285
187 -9.064072608947754
188 -9.064074516296387
189 -9.06407356262207
190 -9.06406021118164
191 -7.688260078430176
192 -7.714587688446045
193 -7.77999210357666
194 -7.529775142669678
195 -7.6719865798950195
196 -7.676996231079102
197 -7.837861061096191
198 -7.515707492828369
199 -7.7616658210754395
200 -7.717759609222412
201 -9.064080238342285
202 -8.113292694091797
203 -8.007887840270996
204 -7.903906345367432
205 -9.064080238342285
206 -9.064087867736816
207 -9.06406021118164
208 -9.064054489135742
209 -9.064080238342285
210 -9.06404972076416
211 -7.802668571472168
212 -9.064066886901855
213 -9.064085960388184
214 -9.064064979553223
215 -9.0640869140625
216 -9.063945770263672
217 -7.864807605743408
218 -9.064046859741211
219 -9.064090728759766
220 -9.064069747924805
221 -7.580500602722168
222 -9.064088821411133
223 -7.566947937011719
224 -7.864802837371826
225 -9.064068794250488
226 -9.064085006713867
227 -7.690728187561035
228 -9.06406307220459
229 -7.566947937011719
230 -9.064085006713867
231 -7.7414422035217285
232 -7.748275279998779
233 -7.802523136138916
234 -9.064085006713867
235 -9.064085006713867
236 -9.064067840576172
237 -9.064085006713867
238 -7.796898365020752
239 -7.748256683349609
240 -9.064078330993652
241 -7.676700592041016
242 -9.064075469970703
243 -7.654551029205322
244 -9.064068794250488
245 -7.889120101928711
246 -9.064079284667969
247 -7.415093421936035
248 -9.064090728759766
249 -7.905055522918701
250 -9.064085960388184
251 -9.064054489135742
252 -9.064064025878906
253 -9.064083099365234
254 -7.52636194229126
255 -9.064058303833008
256 -9.064078330993652
257 -7.622106552124023
258 -9.064071655273438
259 -9.064082145690918
260 -7.804871082305908
261 -7.590203762054443
262 -9.064041137695312
263 -9.06407642364502
264 -8.060064315795898
265 -9.064081192016602
266 -7.735827922821045
267 -9.064090728759766
268 -7.9046125411987305
269 -9.064078330993652
270 -9.064081192016602
271 -9.064080238342285
272 -9.064078330993652
273 -9.064066886901855
274 -9.06407642364502
275 -9.064088821411133
276 -7.539912223815918
277 -9.064085006713867
278 -7.473788261413574
279 -7.994217395782471
280 -7.733493804931641
281 -9.064069747924805
282 -9.06407356262207
283 -7.675619602203369
284 -9.064067840576172
285 -9.064044952392578
286 -7.544647693634033
287 -9.064064979553223
288 -9.064077377319336
289 -9.0640869140625
290 -9.064059257507324
291 -7.84440803527832
292 -9.064079284667969
293 -7.845814228057861
294 -7.8779191970825195
295 -7.587960720062256
296 -9.064061164855957
297 -7.798725605010986
298 -9.064072608947754
299 -7.905426025390625
300 -9.064065933227539
301 -7.837869167327881
302 -7.7220025062561035
303 -9.064065933227539
304 -9.064080238342285
305 -9.063826560974121
306 -7.724930286407471
307 -9.064091682434082
308 -9.064064025878906
309 -9.064043045043945
310 -9.064082145690918
311 -9.064078330993652
312 -9.063957214355469
313 -9.064078330993652
314 -9.064087867736816
315 -7.8991193771362305
316 -9.06408977508545
317 -9.064038276672363
318 -9.064074516296387
319 -7.779983043670654
320 -7.864772796630859
321 -9.064058303833008
322 -9.064057350158691
323 -7.605818748474121
324 -7.672031402587891
325 -9.064056396484375
326 -7.337885856628418
327 -9.064083099365234
328 -9.064085960388184
329 -7.744321346282959
330 -9.064065933227539
331 -9.064078330993652
332 -9.064057350158691
333 -9.0640869140625
334 -9.064085006713867
335 -9.0640869140625
336 -7.588003158569336
337 -9.064085006713867
338 -9.064042091369629
339 -9.064074516296387
340 -9.06407642364502
341 -7.476029872894287
342 -9.064085960388184
343 -9.064088821411133
344 -9.06404972076416
345 -9.064070701599121
346 -7.415094375610352
347 -9.06406021118164
348 -7.717776298522949
349 -9.064059257507324
350 -9.064055442810059
351 -9.064090728759766
352 -9.064062118530273
353 -9.06407642364502
354 -9.064067840576172
355 -9.064083099365234
356 -9.064042091369629
357 -9.0640230178833
358 -7.802528381347656
359 -9.06408405303955
360 -9.064045906066895
361 -9.064085960388184
362 -9.064071655273438
363 -9.064085960388184
364 -9.064085006713867
365 -9.064062118530273
366 -9.064071655273438
367 -9.06408405303955
368 -9.064085960388184
369 -7.535698413848877
370 -9.063913345336914
371 -9.064054489135742
372 -9.064056396484375
373 -9.064067840576172
374 -8.621086120605469
375 -7.864803314208984
376 -9.064070701599121
377 -9.064078330993652
378 -9.064075469970703
379 -9.064072608947754
380 -9.06406021118164
381 -7.365427494049072
382 -9.064083099365234
383 -9.064077377319336
384 -9.064065933227539
385 -9.064074516296387
386 -8.060053825378418
387 -9.06396484375
388 -9.063228607177734
389 -7.78000545501709
390 -9.06408405303955
391 -7.334957599639893
392 -9.064090728759766
393 -9.064054489135742
394 -8.060039520263672
395 -9.064081192016602
396 -7.899064064025879
397 -9.0640869140625
398 -9.064081192016602
399 -7.611085891723633
400 -9.064085006713867
401 -7.802575588226318
402 -7.64522123336792
403 -9.064079284667969
404 -7.557803153991699
405 -9.064079284667969
406 -7.595520973205566
407 -9.064071655273438
408 -7.414849758148193
409 -7.837847709655762
410 -7.903005599975586
411 -9.064043045043945
412 -9.06407356262207
413 -7.798748016357422
414 -9.064090728759766
415 -9.06404972076416
416 -9.06408405303955
417 -7.942377090454102
418 -8.008028030395508
419 -7.739748001098633
420 -7.432986259460449
421 -7.804877758026123
422 -7.90540075302124
423 -9.064078330993652
424 -7.804854393005371
425 -9.064056396484375
426 -9.064071655273438
427 -9.064087867736816
428 -7.695934295654297
429 -9.063994407653809
430 -9.064082145690918
431 -9.064077377319336
432 -7.905418872833252
433 -7.998398780822754
434 -9.064058303833008
435 -7.899087429046631
436 -8.112915992736816
437 -9.064066886901855
438 -9.064058303833008
439 -7.654272556304932
440 -9.064078330993652
441 -7.424103736877441
442 -9.06408405303955
443 -9.064081192016602
444 -8.034873008728027
445 -9.06408405303955
446 -7.717754364013672
447 -9.064065933227539
448 -7.915651321411133
449 -7.996486663818359
450 -7.500270843505859
451 -7.553852558135986
452 -9.064072608947754
453 -9.06407642364502
454 -7.798731803894043
455 -9.064071655273438
456 -9.06408405303955
457 -7.544651031494141
458 -9.064065933227539
459 -7.837821960449219
460 -9.064043045043945
461 -7.7391791343688965
462 -9.064059257507324
463 -9.064062118530273
464 -9.064056396484375
465 -7.7616496086120605
466 -7.669165134429932
467 -9.064066886901855
468 -9.064090728759766
469 -9.064081192016602
470 -7.630461692810059
471 -9.064083099365234
472 -9.06408405303955
473 -9.0640869140625
474 -9.064085960388184
475 -7.721989154815674
476 -9.064080238342285
477 -9.06406307220459
478 -7.864793300628662
479 -9.064057350158691
480 -9.064074516296387
481 -9.064057350158691
482 -9.064057350158691
483 -9.064068794250488
484 -7.7381815910339355
485 -9.064078330993652
486 -9.064078330993652
487 -9.064056396484375
488 -9.064083099365234
489 -7.8647990226745605
490 -7.902423858642578
491 -9.064083099365234
492 -7.709351062774658
493 -9.06407642364502
494 -9.064080238342285
495 -7.780001640319824
496 -9.064043998718262
497 -9.0640869140625
498 -9.06408405303955
499 -9.06407642364502
500 -7.761669158935547
501 -7.7341532707214355
502 -9.064059257507324
503 -7.569002151489258
504 -7.717777252197266
505 -7.7969584465026855
506 -9.064081192016602
507 -7.804867267608643
508 -9.06406307220459
509 -7.711901664733887
510 -9.064037322998047
511 -9.064069747924805
512 -7.415099143981934
513 -9.064078330993652
514 -7.676745414733887
515 -7.77998161315918
516 -7.5703582763671875
517 -9.06408977508545
518 -9.06406021118164
519 -9.064074516296387
520 -9.064064025878906
521 -9.064059257507324
522 -9.064074516296387
523 -9.064079284667969
524 -7.739185810089111
525 -9.064090728759766
526 -7.846011161804199
527 -7.902374267578125
528 -7.804867267608643
529 -9.06392765045166
530 -9.064068794250488
531 -9.064078330993652
532 -9.064077377319336
533 -9.064081192016602
534 -9.064061164855957
535 -9.064077377319336
536 -9.064090728759766
537 -7.74182653427124
538 -8.060053825378418
539 -9.064072608947754
540 -9.0640869140625
541 -9.064068794250488
542 -9.064074516296387
543 -7.837871551513672
544 -9.064085006713867
545 -9.064087867736816
546 -9.064078330993652
547 -7.622035980224609
548 -7.415097236633301
549 -7.779995441436768
550 -7.905389308929443
551 -7.569037914276123
552 -8.113302230834961
553 -7.648552417755127
554 -9.064061164855957
555 -9.06408977508545
556 -9.064069747924805
557 -9.064075469970703
558 -7.74825382232666
559 -9.064085960388184
560 -7.40741491317749
561 -8.113295555114746
562 -9.064085006713867
563 -9.064079284667969
564 -9.064074516296387
565 -7.717763423919678
566 -9.064082145690918
567 -7.779984474182129
568 -9.06406307220459
569 -7.864797592163086
570 -9.064077377319336
571 -7.657223224639893
572 -7.864798069000244
573 -9.064087867736816
574 -9.064083099365234
575 -7.6215338706970215
576 -9.064064979553223
577 -7.424103736877441
578 -9.064079284667969
579 -9.064085006713867
580 -9.0640869140625
581 -7.549534797668457
582 -7.585182189941406
583 -9.064070701599121
584 -9.064078330993652
585 -9.064047813415527
586 -7.9046101570129395
587 -9.064064979553223
588 -7.779969692230225
589 -9.06408977508545
590 -7.625189304351807
591 -7.804871082305908
592 -7.83793306350708
593 -7.647374153137207
594 -7.648154258728027
595 -7.5142927169799805
596 -9.064080238342285
597 -9.064082145690918
598 -9.064083099365234
599 -9.06406021118164
600 -9.064053535461426
601 -9.064067840576172
602 -7.895380973815918
603 -9.064055442810059
604 -9.064067840576172
605 -9.064077377319336
606 -9.064058303833008
607 -9.06406307220459
608 -7.71500301361084
609 -8.060062408447266
610 -9.064085006713867
611 -9.064053535461426
612 -9.064078330993652
613 -9.064078330993652
614 -7.586702346801758
615 -9.064083099365234
616 -9.064075469970703
617 -7.606494426727295
618 -9.06407356262207
619 -9.064072608947754
620 -9.064067840576172
621 -7.59890079498291
622 -9.064070701599121
623 -9.064077377319336
624 -7.681182384490967
625 -8.060054779052734
626 -7.798737525939941
627 -9.064041137695312
628 -9.06405258178711
629 -7.415098667144775
630 -9.064074516296387
631 -9.06407642364502
632 -7.802611827850342
633 -7.262112140655518
634 -9.064071655273438
635 -9.064079284667969
636 -8.113293647766113
637 -7.601719856262207
638 -9.064069747924805
639 -7.98927116394043
640 -9.06405258178711
641 -9.06408977508545
642 -9.064065933227539
643 -9.064069747924805
644 -7.837888717651367
645 -9.064070701599121
646 -7.370667457580566
647 -9.064066886901855
648 -9.064090728759766
649 -9.064080238342285
650 -9.063875198364258
651 -9.06404972076416
652 -9.06404972076416
653 -9.064090728759766
654 -9.064077377319336
655 -9.064050674438477
656 -9.064083099365234
657 -9.064083099365234
658 -7.890223026275635
659 -9.064059257507324
660 -9.064081192016602
661 -9.064057350158691
662 -9.064043998718262
663 -9.064058303833008
664 -9.06404972076416
665 -7.804859161376953
666 -9.064088821411133
667 -7.621695041656494
668 -9.064071655273438
669 -9.064078330993652
670 -9.064006805419922
671 -9.064072608947754
672 -7.544756889343262
673 -9.064072608947754
674 -7.40227746963501
675 -9.064079284667969
676 -9.064075469970703
677 -7.623402118682861
678 -7.415102481842041
679 -7.502943515777588
680 -7.363774299621582
681 -9.064082145690918
682 -7.748271465301514
683 -9.064081192016602
684 -9.06406021118164
685 -7.780001163482666
686 -9.064081192016602
687 -9.064074516296387
688 -7.252735137939453
689 -9.064070701599121
690 -7.219989776611328
691 -7.738137722015381
692 -9.064057350158691
693 -9.06404972076416
694 -9.06408405303955
695 -9.064081192016602
696 -7.734097957611084
697 -7.473798751831055
698 -9.064050674438477
699 -9.064075469970703
700 -9.064077377319336
701 -9.064070701599121
702 -8.008017539978027
703 -9.064050674438477
704 -9.062195777893066
705 -9.064071655273438
706 -9.064079284667969
707 -9.064077377319336
708 -9.064087867736816
709 -9.06408977508545
710 -7.837900638580322
711 -9.06407356262207
712 -9.064074516296387
713 -9.06407356262207
714 -7.86479377746582
715 -7.864791393280029
716 -7.739729404449463
717 -9.064079284667969
718 -7.80252742767334
719 -9.064066886901855
720 -9.0640869140625
721 -9.064057350158691
722 -7.804870128631592
723 -7.739747524261475
724 -9.064083099365234
725 -9.064091682434082
726 -7.569284915924072
727 -7.864799976348877
728 -9.064065933227539
729 -9.064071655273438
730 -9.064059257507324
731 -7.437623023986816
732 -7.645175933837891
733 -7.779959201812744
734 -9.064079284667969
735 -7.535694599151611
736 -7.5879645347595215
737 -7.589239120483398
738 -9.064077377319336
739 -7.739757061004639
740 -9.064056396484375
741 -9.063952445983887
742 -7.363757133483887
743 -9.064082145690918
744 -8.113297462463379
745 -9.064081192016602
746 -9.064069747924805
747 -7.80263614654541
748 -9.064078330993652
749 -9.064071655273438
750 -7.9019551277160645
751 -9.064087867736816
752 -9.064056396484375
753 -9.064048767089844
754 -9.064069747924805
755 -9.064091682434082
756 -9.064054489135742
757 -7.995492458343506
758 -7.798741340637207
759 -9.064083099365234
760 -9.064081192016602
761 -7.671952724456787
762 -9.06407642364502
763 -7.899108409881592
764 -9.06408977508545
765 -9.064068794250488
766 -9.064042091369629
767 -9.064082145690918
768 -9.064082145690918
769 -7.602352142333984
770 -8.113225936889648
771 -7.799998760223389
772 -7.734133720397949
773 -9.064074516296387
774 -9.064058303833008
775 -7.671995162963867
776 -7.5902791023254395
777 -9.06408405303955
778 -9.064082145690918
779 -7.721989154815674
780 -7.711945533752441
781 -7.73274040222168
782 -9.06407642364502
783 -7.362497806549072
784 -9.064074516296387
785 -9.064083099365234
786 -9.064074516296387
787 -9.06403923034668
788 -7.915643692016602
789 -9.06407642364502
790 -7.308137893676758
791 -9.064083099365234
792 -9.064057350158691
793 -9.0640869140625
794 -7.864795207977295
795 -9.06403636932373
796 -9.064064979553223
797 -9.064090728759766
798 -7.623443603515625
799 -9.06408977508545
800 -7.636035919189453
801 -9.06407356262207
802 -7.915654182434082
803 -9.064067840576172
804 -9.06407356262207
805 -9.064066886901855
806 -9.064064979553223
807 -9.06403923034668
808 -9.064077377319336
809 -9.064082145690918
810 -9.064085006713867
811 -9.064090728759766
812 -9.064078330993652
813 -7.864786148071289
814 -9.064071655273438
815 -9.06406307220459
816 -8.055501937866211
817 -9.064091682434082
818 -9.06407356262207
819 -7.646224021911621
820 -9.06407642364502
821 -7.896623134613037
822 -7.509348392486572
823 -9.064058303833008
824 -7.715001106262207
825 -7.779983043670654
826 -9.064065933227539
827 -7.797410488128662
828 -9.064064025878906
829 -9.064050674438477
830 -9.064070701599121
831 -8.113075256347656
832 -9.06407642364502
833 -9.06407356262207
834 -7.589745044708252
835 -9.064077377319336
836 -9.064085006713867
837 -9.064074516296387
838 -7.535710334777832
839 -9.064087867736816
840 -9.0640869140625
841 -7.988067626953125
842 -9.06407642364502
843 -7.804859638214111
844 -7.475042819976807
845 -7.370101451873779
846 -7.415091514587402
847 -9.064065933227539
848 -7.690714359283447
849 -7.5849809646606445
850 -9.06408405303955
851 -7.721781253814697
852 -9.064058303833008
853 -7.606479644775391
854 -9.064067840576172
855 -7.89029598236084
856 -9.064069747924805
857 -9.06404972076416
858 -7.864802360534668
859 -7.606492042541504
860 -9.0640869140625
861 -9.06407356262207
862 -9.06407642364502
863 -8.113282203674316
864 -9.064082145690918
865 -9.064085960388184
866 -9.064082145690918
867 -7.864781379699707
868 -9.064040184020996
869 -9.06407356262207
870 -9.064090728759766
871 -9.064061164855957
872 -7.673893928527832
873 -9.06407356262207
874 -9.064058303833008
875 -7.864799976348877
876 -9.064062118530273
877 -9.064067840576172
878 -7.266101360321045
879 -9.064090728759766
880 -9.06407356262207
881 -7.798732280731201
882 -8.11328125
883 -9.064081192016602
884 -9.064066886901855
885 -9.064070701599121
886 -9.064075469970703
887 -7.559286117553711
888 -9.064035415649414
889 -7.7987260818481445
890 -9.064090728759766
891 -9.064081192016602
892 -7.864808559417725
893 -9.064080238342285
894 -7.7987284660339355
895 -7.660541534423828
896 -9.06407356262207
897 -9.064062118530273
898 -9.064065933227539
899 -7.732741355895996
900 -9.064080238342285
901 -7.864792346954346
902 -9.06297492980957
903 -9.064058303833008
904 -9.064050674438477
905 -9.064077377319336
906 -9.064077377319336
907 -9.06407642364502
908 -8.112196922302246
909 -7.606505393981934
910 -9.064078330993652
911 -9.064079284667969
912 -7.632119178771973
913 -9.064065933227539
914 -9.064085960388184
915 -9.064085006713867
916 -9.06405258178711
917 -7.612659931182861
918 -9.064058303833008
919 -9.064055442810059
920 -9.064085006713867
921 -9.064068794250488
922 -7.864779949188232
923 -9.064082145690918
924 -9.064075469970703
925 -7.8647894859313965
926 -7.905395030975342
927 -8.060049057006836
928 -9.064075469970703
929 -9.063983917236328
930 -7.672006130218506
931 -7.8647966384887695
932 -7.693129539489746
933 -9.06408977508545
934 -7.738070964813232
935 -7.355894088745117
936 -9.064057350158691
937 -7.710701942443848
938 -9.064066886901855
939 -9.06408405303955
940 -7.456104278564453
941 -9.064088821411133
942 -7.902403354644775
943 -9.064072608947754
944 -9.064078330993652
945 -9.064079284667969
946 -9.064083099365234
947 -7.804861545562744
948 -8.06005573272705
949 -9.06408977508545
950 -9.064057350158691
951 -9.064050674438477
952 -9.064064025878906
953 -7.613264083862305
954 -7.779988765716553
955 -9.064079284667969
956 -9.064077377319336
957 -9.064085006713867
958 -7.86478328704834
959 -7.655884742736816
960 -9.064054489135742
961 -9.06407356262207
962 -9.064085006713867
963 -9.064072608947754
964 -9.0330228805542
965 -9.064065933227539
966 -9.063425064086914
967 -9.064079284667969
968 -7.782589435577393
969 -9.064067840576172
970 -9.064067840576172
971 -9.064056396484375
972 -9.064070701599121
973 -7.464442729949951
974 -7.714985370635986
975 -7.816206455230713
976 -7.854994297027588
977 -9.064067840576172
978 -9.064070701599121
979 -9.064066886901855
980 -9.064085006713867
981 -9.064082145690918
982 -9.064075469970703
983 -9.064071655273438
984 -8.059894561767578
985 -9.064065933227539
986 -7.688291549682617
987 -9.06403923034668
988 -9.064067840576172
989 -9.064077377319336
990 -9.064079284667969
991 -7.804872035980225
992 -7.804874420166016
993 -7.6064982414245605
994 -7.415093898773193
995 -9.064070701599121
996 -9.064064979553223
997 -9.064090728759766
998 -7.628692626953125
999 -9.064090728759766
