0 -5.6472954750061035
1 -5.3268141746521
2 -5.151291370391846
3 -5.5996294021606445
4 -5.382175445556641
5 -6.337082862854004
6 -6.090014457702637
7 -6.515902042388916
8 -6.675175666809082
9 -6.550240993499756
10 -6.9166717529296875
11 -6.335602283477783
12 -6.134762763977051
13 -6.449423789978027
14 -6.474649906158447
15 -7.295407772064209
16 -7.207076072692871
17 -5.99208402633667
18 -9.064090728759766
19 -8.351341247558594
20 -6.090891361236572
21 -8.487009048461914
22 -6.6439948081970215
23 -7.573856353759766
24 -6.613426685333252
25 -6.55287504196167
26 -6.371332168579102
27 -6.7329535484313965
28 -8.38034725189209
29 -6.521561622619629
30 -6.912137985229492
31 -6.0316572189331055
32 -6.798934459686279
33 -6.40186882019043
34 -8.991256713867188
35 -6.7231597900390625
36 -6.478984832763672
37 -6.1363525390625
38 -8.718979835510254
39 -7.559436321258545
40 -7.425207614898682
41 -8.473073959350586
42 -6.7173895835876465
43 -8.739176750183105
44 -9.064090728759766
45 -8.469232559204102
46 -8.708683967590332
47 -7.682913780212402
48 -7.319623947143555
49 -6.92611837387085
50 -6.06024169921875
51 -7.80363655090332
52 -6.533191680908203
53 -7.555173397064209
54 -8.442174911499023
55 -6.425042152404785
56 -8.467270851135254
57 -8.985190391540527
58 -6.780174255371094
59 -6.255481243133545
60 -6.435813903808594
61 -6.382155895233154
62 -7.381248474121094
63 -6.994885444641113
64 -6.26888370513916
65 -7.250752925872803
66 -6.138123512268066
67 -6.4199090003967285
68 -6.489140510559082
69 -6.9651641845703125
70 -7.893992900848389
71 -7.990994930267334
72 -6.293965816497803
73 -6.436605453491211
74 -6.111159801483154
75 -6.300055503845215
76 -6.28427267074585
77 -6.877957344055176
78 -5.93252420425415
79 -6.794184684753418
80 -6.385294437408447
81 -5.827439308166504
82 -7.091378688812256
83 -6.413637638092041
84 -7.203341484069824
85 -6.4285478591918945
86 -6.532196998596191
87 -6.280427932739258
88 -7.087789535522461
89 -6.859739303588867
90 -8.73776912689209
91 -6.475874900817871
92 -6.236934661865234
93 -8.070076942443848
94 -6.227924823760986
95 -6.333071708679199
96 -6.339949607849121
97 -6.699090003967285
98 -6.309928894042969
99 -7.211098670959473
100 -7.197047233581543
101 -8.876200675964355
102 -7.9239349365234375
103 -7.318748474121094
104 -6.143298149108887
105 -6.958955764770508
106 -7.59047269821167
107 -7.930027484893799
108 -6.751797676086426
109 -7.28392219543457
110 -6.121751308441162
111 -6.6949462890625
112 -7.2067790031433105
113 -5.96784782409668
114 -8.675576210021973
115 -6.953455924987793
116 -6.544462203979492
117 -9.009202003479004
118 -6.72678804397583
119 -6.577009201049805
120 -6.243511199951172
121 -6.620222091674805
122 -6.846413612365723
123 -6.654898643493652
124 -9.064090728759766
125 -8.017311096191406
126 -6.498055458068848
127 -6.5242743492126465
128 -6.201698303222656
129 -7.56122350692749
130 -9.064091682434082
131 -7.172023773193359
132 -7.369143486022949
133 -7.131855010986328
134 -6.418552398681641
135 -6.672163486480713
136 -6.855332851409912
137 -8.945785522460938
138 -8.997025489807129
139 -6.038372993469238
140 -7.558584213256836
141 -6.87933349609375
142 -6.727363586425781
143 -6.03806209564209
144 -6.637496471405029
145 -6.339779376983643
146 -6.9304327964782715
147 -6.254772186279297
148 -6.380955219268799
149 -7.159294128417969
150 -6.924984931945801
151 -8.385029792785645
152 -7.0930633544921875
153 -6.184391021728516
154 -8.992399215698242
155 -9.064090728759766
156 -7.538268089294434
157 -6.7116851806640625
158 -6.449444770812988
159 -6.687753677368164
160 -5.874855041503906
161 -7.440521717071533
162 -6.639410972595215
163 -6.187605857849121
164 -7.6310248374938965
165 -6.570730686187744
166 -6.347315788269043
167 -6.171860694885254
168 -6.538823127746582
169 -6.816795349121094
170 -6.408411026000977
171 -6.738643169403076
172 -6.414271354675293
173 -9.064090728759766
174 -6.481503009796143
175 -6.451563358306885
176 -6.597301959991455
177 -6.103375434875488
178 -6.285886287689209
179 -7.3416571617126465
180 -7.787091255187988
181 -7.524280548095703
182 -6.867240905761719
183 -6.408291339874268
184 -6.464794635772705
185 -7.058753967285156
186 -6.549098491668701
187 -6.766011714935303
188 -6.49122428894043
189 -6.5339813232421875
190 -6.382745742797852
191 -6.876889228820801
192 -6.799078941345215
193 -6.240290641784668
194 -6.3727006912231445
195 -9.045064926147461
196 -8.347737312316895
197 -6.162219047546387
198 -6.687376022338867
199 -6.5422492027282715
200 -7.2741379737854
201 -7.5812249183654785
202 -9.064090728759766
203 -6.531130790710449
204 -6.27887487411499
205 -6.908980369567871
206 -8.684747695922852
207 -7.541024684906006
208 -9.06408977508545
209 -6.348052501678467
210 -7.864668846130371
211 -8.834373474121094
212 -6.978484153747559
213 -7.174886703491211
214 -8.323258399963379
215 -7.224681377410889
216 -7.540849685668945
217 -6.692089080810547
218 -6.369227886199951
219 -8.119372367858887
220 -8.73543643951416
221 -9.037317276000977
222 -6.185397624969482
223 -6.4199066162109375
224 -6.58182430267334
225 -8.929119110107422
226 -6.158370018005371
227 -6.432424545288086
228 -6.208036422729492
229 -6.621591567993164
230 -6.6923418045043945
231 -6.6939167976379395
232 -5.92066764831543
233 -6.394303321838379
234 -6.464776039123535
235 -8.8782320022583
236 -6.126683235168457
237 -6.319597244262695
238 -6.486580848693848
239 -7.305676460266113
240 -6.504858493804932
241 -6.768392562866211
242 -8.793624877929688
243 -6.366893768310547
244 -6.01121187210083
245 -6.5654168128967285
246 -7.155514240264893
247 -7.8351216316223145
248 -6.077010154724121
249 -6.922687530517578
250 -6.5713276863098145
251 -9.06408977508545
252 -7.076088905334473
253 -6.683330535888672
254 -6.004594802856445
255 -9.064090728759766
256 -8.170007705688477
257 -6.408461570739746
258 -6.527108669281006
259 -6.347712516784668
260 -6.105135917663574
261 -9.064090728759766
262 -6.163700103759766
263 -7.213545322418213
264 -6.415698528289795
265 -6.601137161254883
266 -8.181326866149902
267 -6.334272384643555
268 -6.234431266784668
269 -6.276642799377441
270 -7.457024574279785
271 -6.92306661605835
272 -7.811021327972412
273 -8.9796781539917
274 -6.78061580657959
275 -6.550555229187012
276 -6.997634410858154
277 -6.306142330169678
278 -6.630368709564209
279 -6.475441932678223
280 -7.80363655090332
281 -6.814370632171631
282 -8.271807670593262
283 -6.843293190002441
284 -7.583660125732422
285 -7.814476490020752
286 -7.017502784729004
287 -9.064090728759766
288 -6.3978986740112305
289 -6.332897663116455
290 -7.046630859375
291 -6.261859893798828
292 -8.737149238586426
293 -6.670988082885742
294 -6.22587776184082
295 -8.498414993286133
296 -8.542622566223145
297 -9.06408977508545
298 -6.4590229988098145
299 -8.84067440032959
300 -8.489363670349121
301 -6.818889617919922
302 -6.149510383605957
303 -7.905173301696777
304 -6.911930084228516
305 -6.739902019500732
306 -7.378294944763184
307 -6.426211357116699
308 -6.380748748779297
309 -6.768497943878174
310 -7.0590362548828125
311 -7.5262861251831055
312 -8.300543785095215
313 -6.1967315673828125
314 -6.86815881729126
315 -7.358185768127441
316 -9.06408977508545
317 -8.800283432006836
318 -8.585948944091797
319 -7.051276683807373
320 -7.669802665710449
321 -6.029346466064453
322 -6.616249084472656
323 -6.476835250854492
324 -9.064090728759766
325 -6.199865341186523
326 -6.485729217529297
327 -6.50477409362793
328 -9.064090728759766
329 -6.513167858123779
330 -6.2581939697265625
331 -6.569714546203613
332 -6.558554649353027
333 -6.470637321472168
334 -7.587980270385742
335 -8.333102226257324
336 -6.517444610595703
337 -7.343291759490967
338 -6.149392127990723
339 -7.215439796447754
340 -6.864993572235107
341 -7.070926666259766
342 -6.732946872711182
343 -8.66142749786377
344 -6.066377639770508
345 -6.095551013946533
346 -8.734238624572754
347 -6.632003307342529
348 -6.453380584716797
349 -6.397921085357666
350 -6.73726224899292
351 -7.512300491333008
352 -7.584160327911377
353 -6.491420745849609
354 -8.069915771484375
355 -5.912693023681641
356 -6.147438049316406
357 -6.408903121948242
358 -7.4427714347839355
359 -6.680772304534912
360 -7.964754104614258
361 -8.987857818603516
362 -7.086472511291504
363 -8.58605670928955
364 -6.787886619567871
365 -9.06408977508545
366 -6.383241176605225
367 -9.064090728759766
368 -6.069591522216797
369 -6.73574161529541
370 -6.123956680297852
371 -6.626140594482422
372 -6.156636714935303
373 -6.102862358093262
374 -6.794402122497559
375 -6.648126602172852
376 -6.897521495819092
377 -6.151282787322998
378 -6.212215423583984
379 -5.920468330383301
380 -7.381442070007324
381 -7.228396892547607
382 -6.239584922790527
383 -8.8284330368042
384 -6.344328880310059
385 -6.484387397766113
386 -8.764925956726074
387 -6.670033931732178
388 -6.670033931732178
389 -8.37966537475586
390 -6.3279266357421875
391 -6.589608192443848
392 -6.460319995880127
393 -7.519397735595703
394 -6.9557647705078125
395 -6.530941486358643
396 -5.973708152770996
397 -7.383048057556152
398 -6.547363758087158
399 -6.670034408569336
400 -6.072720527648926
401 -5.900181770324707
402 -8.273828506469727
403 -6.393621444702148
404 -6.654932022094727
405 -6.6646952629089355
406 -6.003726005554199
407 -7.368339538574219
408 -7.0980329513549805
409 -9.01419448852539
410 -8.52489185333252
411 -7.076295852661133
412 -9.064090728759766
413 -7.686432838439941
414 -6.0798749923706055
415 -6.592464447021484
416 -6.239865303039551
417 -6.186339378356934
418 -6.582430839538574
419 -6.745966911315918
420 -6.4989519119262695
421 -6.524364471435547
422 -6.793525695800781
423 -6.376587390899658
424 -6.501307964324951
425 -7.335213661193848
426 -6.328463077545166
427 -6.4917755126953125
428 -7.905357360839844
429 -7.4745917320251465
430 -6.646145343780518
431 -7.3639912605285645
432 -6.374207973480225
433 -6.318117141723633
434 -7.87725305557251
435 -7.514220237731934
436 -8.621109008789062
437 -6.486645698547363
438 -7.459128379821777
439 -7.01023006439209
440 -6.777822017669678
441 -6.142912864685059
442 -8.810277938842773
443 -6.607547283172607
444 -6.418049335479736
445 -6.921540260314941
446 -8.486257553100586
447 -8.429563522338867
448 -8.141142845153809
449 -6.754995346069336
450 -6.031835556030273
451 -6.32817268371582
452 -6.3518290519714355
453 -7.406651973724365
454 -8.27131175994873
455 -7.30023717880249
456 -9.06408977508545
457 -7.171172618865967
458 -6.585329532623291
459 -8.709815979003906
460 -8.58205509185791
461 -7.158214092254639
462 -6.352693557739258
463 -7.0168538093566895
464 -6.420840263366699
465 -6.474523067474365
466 -9.047096252441406
467 -9.002211570739746
468 -6.25498104095459
469 -8.120872497558594
470 -8.687884330749512
471 -6.37714958190918
472 -6.875028133392334
473 -6.662101745605469
474 -6.672366142272949
475 -6.187478542327881
476 -6.6881103515625
477 -6.336586952209473
478 -8.816594123840332
479 -6.841500282287598
480 -6.657825469970703
481 -7.000036239624023
482 -7.5244975090026855
483 -6.750072479248047
484 -5.94515323638916
485 -6.508387088775635
486 -7.966639518737793
487 -6.600376129150391
488 -5.992844104766846
489 -7.469071865081787
490 -6.818737030029297
491 -6.571020603179932
492 -9.009363174438477
493 -6.588409900665283
494 -8.020658493041992
495 -6.658244609832764
496 -8.050031661987305
497 -7.358397483825684
498 -6.412204742431641
499 -6.602992534637451
500 -8.374460220336914
501 -7.904392242431641
502 -9.008678436279297
503 -6.375078201293945
504 -6.453739166259766
505 -7.3394880294799805
506 -6.575190544128418
507 -6.625063896179199
508 -6.433084011077881
509 -6.305300235748291
510 -6.908537864685059
511 -6.910114765167236
512 -6.6988396644592285
513 -6.628245830535889
514 -6.640791893005371
515 -7.764894962310791
516 -7.539758205413818
517 -6.22731876373291
518 -6.9330854415893555
519 -6.407835006713867
520 -6.699926376342773
521 -6.548392295837402
522 -6.792486190795898
523 -6.921696662902832
524 -9.064090728759766
525 -6.488346576690674
526 -5.99431848526001
527 -6.799746513366699
528 -6.992786407470703
529 -5.75997257232666
530 -8.000137329101562
531 -6.527771472930908
532 -6.78198766708374
533 -6.256936550140381
534 -7.394301891326904
535 -8.942607879638672
536 -6.927606105804443
537 -8.308996200561523
538 -6.266636371612549
539 -6.984975814819336
540 -8.700653076171875
541 -8.030338287353516
542 -7.778669357299805
543 -7.2012553215026855
544 -7.729915618896484
545 -8.043336868286133
546 -8.99416446685791
547 -7.138877868652344
548 -6.26685905456543
549 -6.383846759796143
550 -6.876217365264893
551 -8.995863914489746
552 -6.168063163757324
553 -6.542751312255859
554 -7.3871870040893555
555 -6.165102005004883
556 -6.328254699707031
557 -6.45594596862793
558 -7.760324954986572
559 -6.361384391784668
560 -8.050539016723633
561 -7.091114044189453
562 -8.044645309448242
563 -8.648099899291992
564 -6.683660507202148
565 -6.34171199798584
566 -6.8588104248046875
567 -7.0272088050842285
568 -6.426325798034668
569 -6.466466903686523
570 -7.237509727478027
571 -7.519398212432861
572 -6.702932357788086
573 -7.253981113433838
574 -6.082465171813965
575 -6.235180854797363
576 -8.76577377319336
577 -6.687163352966309
578 -8.009175300598145
579 -7.499310493469238
580 -6.422241687774658
581 -9.064090728759766
582 -6.795551776885986
583 -9.064090728759766
584 -6.247427940368652
585 -8.120872497558594
586 -6.594566345214844
587 -8.977242469787598
588 -6.559049129486084
589 -6.80085563659668
590 -6.372645854949951
591 -6.675845146179199
592 -6.147900104522705
593 -6.394371509552002
594 -6.9260149002075195
595 -6.247046947479248
596 -6.909942626953125
597 -9.04761028289795
598 -6.531829357147217
599 -6.665489196777344
600 -6.06305456161499
601 -6.975116729736328
602 -8.079631805419922
603 -6.508466720581055
604 -6.43873405456543
605 -8.777878761291504
606 -8.907949447631836
607 -6.361499309539795
608 -6.428539276123047
609 -8.764633178710938
610 -6.548917770385742
611 -7.599294185638428
612 -6.378810882568359
613 -6.167600631713867
614 -5.978825092315674
615 -6.201441287994385
616 -6.314357757568359
617 -7.318947792053223
618 -6.898385047912598
619 -7.121838092803955
620 -6.108425140380859
621 -6.861435890197754
622 -6.784188270568848
623 -6.156637191772461
624 -6.41625452041626
625 -7.420073986053467
626 -7.5515570640563965
627 -7.401771545410156
628 -6.469897270202637
629 -6.498007774353027
630 -7.469615936279297
631 -6.57274866104126
632 -8.526994705200195
633 -6.6505584716796875
634 -7.216166019439697
635 -5.639220237731934
636 -6.849245071411133
637 -6.909806728363037
638 -9.06408977508545
639 -9.06408977508545
640 -6.378659248352051
641 -9.054733276367188
642 -6.176513195037842
643 -6.830761432647705
644 -6.320124626159668
645 -8.709807395935059
646 -8.660504341125488
647 -7.960531234741211
648 -7.068514347076416
649 -8.956357955932617
650 -6.044782638549805
651 -6.31721830368042
652 -7.5658183097839355
653 -6.125308990478516
654 -6.941702842712402
655 -6.2108988761901855
656 -6.771300315856934
657 -6.299559116363525
658 -6.341156005859375
659 -6.656625747680664
660 -6.346366882324219
661 -6.344770431518555
662 -6.927667617797852
663 -6.342791557312012
664 -7.016635894775391
665 -6.351503372192383
666 -6.503476142883301
667 -9.009608268737793
668 -6.262471675872803
669 -6.274233818054199
670 -6.2675604820251465
671 -6.947798252105713
672 -9.064090728759766
673 -6.7084269523620605
674 -6.3572258949279785
675 -6.1937255859375
676 -6.264291286468506
677 -8.881628036499023
678 -7.7621307373046875
679 -6.276525020599365
680 -8.085986137390137
681 -6.214192867279053
682 -6.979589939117432
683 -6.546463966369629
684 -6.289610862731934
685 -6.411323070526123
686 -6.364407062530518
687 -6.845789909362793
688 -6.269488334655762
689 -6.400199890136719
690 -8.560480117797852
691 -7.20892333984375
692 -8.952933311462402
693 -6.628418922424316
694 -6.447998523712158
695 -6.509636402130127
696 -9.015059471130371
697 -8.681241035461426
698 -6.287813186645508
699 -9.064090728759766
700 -6.331233978271484
701 -9.06408977508545
702 -5.957947731018066
703 -6.457022190093994
704 -7.2224931716918945
705 -8.839127540588379
706 -6.605808734893799
707 -6.670871734619141
708 -6.751250743865967
709 -6.007778167724609
710 -7.884471416473389
711 -6.266611576080322
712 -6.434039115905762
713 -8.202532768249512
714 -6.749566078186035
715 -6.372443675994873
716 -7.036285877227783
717 -8.453391075134277
718 -5.721480369567871
719 -8.305193901062012
720 -6.28461217880249
721 -7.859880447387695
722 -6.017911911010742
723 -7.540523529052734
724 -8.585416793823242
725 -6.86093807220459
726 -6.259491920471191
727 -7.098989486694336
728 -7.33406925201416
729 -6.687403202056885
730 -6.495755195617676
731 -6.143255233764648
732 -9.064090728759766
733 -6.294205665588379
734 -8.487998962402344
735 -6.397809028625488
736 -7.089929580688477
737 -6.007281303405762
738 -6.57002067565918
739 -6.6824445724487305
740 -6.358453750610352
741 -6.50443172454834
742 -6.460831642150879
743 -6.644398212432861
744 -6.670726299285889
745 -6.385870456695557
746 -6.889434814453125
747 -6.935819625854492
748 -8.785540580749512
749 -6.323114395141602
750 -6.435108184814453
751 -8.943683624267578
752 -6.9257097244262695
753 -6.529710292816162
754 -6.468717575073242
755 -7.17225456237793
756 -6.409527778625488
757 -6.550906181335449
758 -6.653191566467285
759 -8.50814437866211
760 -8.860016822814941
761 -6.92732048034668
762 -6.849499225616455
763 -6.094882965087891
764 -6.586248397827148
765 -6.120833396911621
766 -7.373574256896973
767 -6.497341156005859
768 -6.401934623718262
769 -8.021148681640625
770 -6.7670769691467285
771 -5.922000885009766
772 -6.41787576675415
773 -9.06408977508545
774 -8.703816413879395
775 -6.619606971740723
776 -6.504961967468262
777 -6.519114971160889
778 -6.225743770599365
779 -7.562183856964111
780 -7.101408004760742
781 -7.284735679626465
782 -6.689291954040527
783 -6.468705177307129
784 -7.3794450759887695
785 -6.518531799316406
786 -6.291484832763672
787 -7.368927001953125
788 -7.635923385620117
789 -6.203914165496826
790 -5.033394813537598
791 -6.368794918060303
792 -6.28160285949707
793 -6.780352592468262
794 -7.018351078033447
795 -6.378477573394775
796 -6.442532062530518
797 -6.3275346755981445
798 -6.275525093078613
799 -6.36114501953125
800 -7.519397735595703
801 -6.76125955581665
802 -9.06408977508545
803 -8.806921005249023
804 -6.3105788230896
805 -6.685049057006836
806 -6.865890979766846
807 -6.775234222412109
808 -9.064090728759766
809 -8.451239585876465
810 -6.08609676361084
811 -6.549271583557129
812 -6.313976764678955
813 -7.506350994110107
814 -6.358883857727051
815 -8.015069007873535
816 -9.064090728759766
817 -7.142625331878662
818 -6.799264907836914
819 -6.889117240905762
820 -6.857293128967285
821 -8.591097831726074
822 -6.282129287719727
823 -6.702725887298584
824 -6.996273517608643
825 -7.764896869659424
826 -6.0908894538879395
827 -8.913228988647461
828 -6.408575057983398
829 -6.089790344238281
830 -8.707332611083984
831 -8.10012149810791
832 -6.914032459259033
833 -6.6466145515441895
834 -6.845637321472168
835 -7.5075578689575195
836 -6.081892013549805
837 -6.338438510894775
838 -6.27079963684082
839 -6.446199417114258
840 -8.17922592163086
841 -6.542815685272217
842 -6.008375644683838
843 -6.226178169250488
844 -9.064090728759766
845 -6.394328594207764
846 -7.5193963050842285
847 -6.147729873657227
848 -6.264162540435791
849 -7.130584716796875
850 -5.9518866539001465
851 -8.763763427734375
852 -7.582515239715576
853 -8.811260223388672
854 -7.653016567230225
855 -6.209590911865234
856 -6.561227798461914
857 -8.69477653503418
858 -6.5477681159973145
859 -6.413157939910889
860 -7.178630828857422
861 -6.630199432373047
862 -6.863486289978027
863 -6.962768077850342
864 -8.657013893127441
865 -6.60102653503418
866 -6.424334526062012
867 -6.452773094177246
868 -8.460731506347656
869 -9.064090728759766
870 -6.30948543548584
871 -7.560440540313721
872 -6.270127773284912
873 -6.854200839996338
874 -6.156783103942871
875 -7.130455493927002
876 -5.976778030395508
877 -6.394474983215332
878 -6.069211959838867
879 -8.338312149047852
880 -7.8591413497924805
881 -7.3074469566345215
882 -6.129698753356934
883 -6.527425765991211
884 -7.7034711837768555
885 -6.31877326965332
886 -6.051528453826904
887 -7.26583194732666
888 -7.603821277618408
889 -7.745152473449707
890 -7.510526180267334
891 -6.827793121337891
892 -8.585431098937988
893 -6.676743030548096
894 -6.609133243560791
895 -7.406581878662109
896 -7.488162040710449
897 -6.289207935333252
898 -6.443775177001953
899 -9.064090728759766
900 -8.835836410522461
901 -8.662259101867676
902 -6.84091329574585
903 -6.586781978607178
904 -6.636552810668945
905 -7.055302619934082
906 -7.1115570068359375
907 -6.507970809936523
908 -7.428947925567627
909 -8.453689575195312
910 -6.4560017585754395
911 -6.529340744018555
912 -6.659428119659424
913 -6.924387454986572
914 -7.987530708312988
915 -6.260022163391113
916 -7.360060691833496
917 -6.274762153625488
918 -7.5682549476623535
919 -6.473620891571045
920 -6.4741010665893555
921 -7.091699123382568
922 -6.501735687255859
923 -5.984776496887207
924 -6.570655822753906
925 -6.085963249206543
926 -7.368900299072266
927 -6.958864688873291
928 -6.975924491882324
929 -6.824275016784668
930 -6.4048309326171875
931 -7.247802734375
932 -7.777681827545166
933 -8.21509838104248
934 -7.421272277832031
935 -6.569762229919434
936 -6.792331695556641
937 -6.2845354080200195
938 -6.662213325500488
939 -6.790876865386963
940 -6.303596496582031
941 -7.554286003112793
942 -6.608148097991943
943 -6.561746120452881
944 -6.498225688934326
945 -8.923757553100586
946 -6.97959041595459
947 -6.594209671020508
948 -6.213291168212891
949 -6.716224670410156
950 -6.4048333168029785
951 -7.195418834686279
952 -8.638014793395996
953 -6.0555195808410645
954 -7.665192604064941
955 -8.64577579498291
956 -8.942055702209473
957 -6.489922523498535
958 -6.3962626457214355
959 -6.809690475463867
960 -6.656583786010742
961 -6.5399675369262695
962 -6.607232570648193
963 -6.393824100494385
964 -6.374259948730469
965 -6.432451248168945
966 -5.848531723022461
967 -6.766704082489014
968 -9.064090728759766
969 -6.767476558685303
970 -6.498084545135498
971 -6.706966400146484
972 -6.765588283538818
973 -8.942086219787598
974 -6.855309963226318
975 -6.349456787109375
976 -7.260826587677002
977 -6.173709869384766
978 -6.103721618652344
979 -6.854139804840088
980 -6.390753746032715
981 -6.637246131896973
982 -6.84272575378418
983 -8.988879203796387
984 -6.918631076812744
985 -6.335587978363037
986 -6.4971137046813965
987 -6.65155029296875
988 -6.157724857330322
989 -7.977984428405762
990 -6.613903999328613
991 -6.445837020874023
992 -6.297400951385498
993 -6.6708784103393555
994 -7.240612983703613
995 -6.866586685180664
996 -6.130846977233887
997 -7.021912574768066
998 -6.923612117767334
999 -9.064090728759766
