0 -7.4470086097717285
1 -7.623417854309082
2 -7.796930313110352
3 -7.520648002624512
4 -8.1124906539917
5 -7.598994255065918
6 -7.690715312957764
7 -9.063238143920898
8 -8.056340217590332
9 -9.064064979553223
10 -9.064064979553223
11 -7.761690616607666
12 -7.8647847175598145
13 -9.06405258178711
14 -9.064008712768555
15 -9.064058303833008
16 -9.064087867736816
17 -7.864801406860352
18 -9.064079284667969
19 -9.0640869140625
20 -9.063899040222168
21 -7.549029350280762
22 -9.06407642364502
23 -7.915658950805664
24 -9.064057350158691
25 -9.064074516296387
26 -9.064070701599121
27 -9.064059257507324
28 -9.064059257507324
29 -9.064075469970703
30 -7.864802837371826
31 -9.05168342590332
32 -7.9053754806518555
33 -7.566948413848877
34 -9.064079284667969
35 -9.06408405303955
36 -9.064069747924805
37 -9.064040184020996
38 -9.064032554626465
39 -9.064075469970703
40 -9.06407642364502
41 -7.567412853240967
42 -9.06407356262207
43 -9.064045906066895
44 -9.06403923034668
45 -9.064042091369629
46 -9.064081192016602
47 -9.064068794250488
48 -9.064090728759766
49 -9.06405258178711
50 -9.064077377319336
51 -7.734173774719238
52 -7.804875373840332
53 -9.064069747924805
54 -7.802570343017578
55 -7.710402965545654
56 -9.064047813415527
57 -7.5879316329956055
58 -9.064074516296387
59 -9.064058303833008
60 -7.864804267883301
61 -9.06407356262207
62 -7.802526473999023
63 -9.064075469970703
64 -7.589206695556641
65 -7.645270347595215
66 -9.06407642364502
67 -9.064085960388184
68 -9.06406021118164
69 -9.06404972076416
70 -7.567452430725098
71 -9.064077377319336
72 -9.064081192016602
73 -9.064075469970703
74 -9.064072608947754
75 -7.864800453186035
76 -8.095697402954102
77 -9.064075469970703
78 -7.798736572265625
79 -8.060051918029785
80 -9.063977241516113
81 -7.566912651062012
82 -9.064079284667969
83 -7.804863929748535
84 -9.064066886901855
85 -7.592526435852051
86 -7.675630569458008
87 -9.064061164855957
88 -9.064079284667969
89 -9.064078330993652
90 -9.064050674438477
91 -9.064066886901855
92 -7.525990009307861
93 -9.064050674438477
94 -9.064067840576172
95 -9.064083099365234
96 -7.370687007904053
97 -9.06407356262207
98 -9.064075469970703
99 -7.606503486633301
100 -9.064045906066895
101 -9.06407642364502
102 -9.064079284667969
103 -9.0640869140625
104 -9.064077377319336
105 -7.515138149261475
106 -9.064062118530273
107 -7.627397060394287
108 -9.064050674438477
109 -7.779995441436768
110 -9.064058303833008
111 -9.064055442810059
112 -7.739747047424316
113 -9.063855171203613
114 -9.064081192016602
115 -7.779989719390869
116 -7.837834358215332
117 -9.06406307220459
118 -7.648568630218506
119 -9.064065933227539
120 -9.064079284667969
121 -7.837823867797852
122 -9.064057350158691
123 -9.064065933227539
124 -7.560920238494873
125 -9.064050674438477
126 -9.064055442810059
127 -9.064054489135742
128 -7.903026580810547
129 -9.064057350158691
130 -9.064074516296387
131 -9.064082145690918
132 -9.064082145690918
133 -9.06406307220459
134 -9.064082145690918
135 -9.064088821411133
136 -9.064065933227539
137 -9.064057350158691
138 -9.062911987304688
139 -7.402499198913574
140 -9.064078330993652
141 -9.064064025878906
142 -9.064072608947754
143 -7.392334461212158
144 -7.622472286224365
145 -8.059452056884766
146 -7.613171577453613
147 -7.802574157714844
148 -9.064075469970703
149 -9.06407642364502
150 -9.064079284667969
151 -9.064090728759766
152 -7.515886306762695
153 -9.06408405303955
154 -7.543654918670654
155 -8.06006145477295
156 -9.064026832580566
157 -7.636520862579346
158 -9.064059257507324
159 -7.544917106628418
160 -9.064082145690918
161 -9.064057350158691
162 -7.992332935333252
163 -9.06407356262207
164 -9.0640869140625
165 -9.064017295837402
166 -9.064075469970703
167 -7.739091873168945
168 -9.064055442810059
169 -9.06408405303955
170 -9.064066886901855
171 -8.11329460144043
172 -7.864218711853027
173 -9.064059257507324
174 -8.11329460144043
175 -9.064080238342285
176 -9.064070701599121
177 -9.06407642364502
178 -9.064053535461426
179 -7.645191669464111
180 -9.064082145690918
181 -7.8647918701171875
182 -9.064075469970703
183 -7.837860107421875
184 -9.064081192016602
185 -7.748093605041504
186 -7.79872989654541
187 -9.06405258178711
188 -9.064062118530273
189 -7.902153015136719
190 -7.738186836242676
191 -7.415102005004883
192 -9.064054489135742
193 -9.06407356262207
194 -9.064079284667969
195 -9.06408977508545
196 -7.780012607574463
197 -9.064082145690918
198 -9.0640869140625
199 -9.064090728759766
200 -9.064072608947754
201 -9.064087867736816
202 -7.666046142578125
203 -7.7211012840271
204 -7.673709869384766
205 -9.064077377319336
206 -9.064081192016602
207 -9.064077377319336
208 -7.779949188232422
209 -9.064079284667969
210 -9.064079284667969
211 -7.671975612640381
212 -9.064085006713867
213 -9.064054489135742
214 -7.864799499511719
215 -9.064055442810059
216 -7.798737525939941
217 -9.064071655273438
218 -9.064046859741211
219 -7.905268669128418
220 -9.06408405303955
221 -9.05758285522461
222 -9.064075469970703
223 -7.611102104187012
224 -9.064053535461426
225 -9.00006103515625
226 -7.661827564239502
227 -7.566760063171387
228 -9.064065933227539
229 -9.0640869140625
230 -9.064054489135742
231 -7.78275728225708
232 -9.064090728759766
233 -7.864809036254883
234 -9.064088821411133
235 -9.06406307220459
236 -7.837867259979248
237 -9.064077377319336
238 -7.570374011993408
239 -9.06406307220459
240 -7.623442649841309
241 -9.064040184020996
242 -7.739404678344727
243 -9.064067840576172
244 -9.06407642364502
245 -9.06407642364502
246 -8.113296508789062
247 -8.113290786743164
248 -7.473775863647461
249 -7.516932964324951
250 -9.06407356262207
251 -9.064059257507324
252 -9.064081192016602
253 -7.902127742767334
254 -9.064088821411133
255 -9.064064025878906
256 -9.064067840576172
257 -8.113292694091797
258 -9.064091682434082
259 -9.0640869140625
260 -7.676666259765625
261 -9.063984870910645
262 -9.0640869140625
263 -9.064083099365234
264 -9.06404972076416
265 -9.064085960388184
266 -9.064066886901855
267 -9.064079284667969
268 -9.06408405303955
269 -9.064079284667969
270 -9.064072608947754
271 -9.06408405303955
272 -7.738166809082031
273 -8.113288879394531
274 -9.064048767089844
275 -9.06407642364502
276 -9.064085006713867
277 -7.590275287628174
278 -7.40247106552124
279 -7.69072151184082
280 -9.06403636932373
281 -9.064072608947754
282 -8.060054779052734
283 -7.79695463180542
284 -9.064070701599121
285 -9.064050674438477
286 -9.064083099365234
287 -9.064083099365234
288 -9.06406307220459
289 -9.064080238342285
290 -9.064064979553223
291 -7.615597724914551
292 -9.064090728759766
293 -7.837780475616455
294 -7.864790916442871
295 -7.905411720275879
296 -7.340277671813965
297 -9.064068794250488
298 -9.064062118530273
299 -9.064078330993652
300 -7.864802360534668
301 -9.064081192016602
302 -7.690642356872559
303 -9.064083099365234
304 -9.064081192016602
305 -7.5003743171691895
306 -7.400294303894043
307 -7.903008460998535
308 -9.064059257507324
309 -7.761645317077637
310 -7.864799976348877
311 -7.779991149902344
312 -9.064080238342285
313 -7.783696174621582
314 -9.064082145690918
315 -9.06407356262207
316 -7.837838172912598
317 -9.064077377319336
318 -7.8048577308654785
319 -9.064082145690918
320 -9.064080238342285
321 -9.064041137695312
322 -9.064085960388184
323 -7.779999732971191
324 -9.064090728759766
325 -7.468912124633789
326 -9.064078330993652
327 -9.064074516296387
328 -9.064057350158691
329 -8.008016586303711
330 -9.064090728759766
331 -9.06408977508545
332 -7.864800453186035
333 -9.064090728759766
334 -7.480741500854492
335 -7.80487060546875
336 -9.064090728759766
337 -9.064077377319336
338 -9.06407356262207
339 -7.6064910888671875
340 -9.06408405303955
341 -7.6225266456604
342 -9.064067840576172
343 -9.064083099365234
344 -9.064081192016602
345 -9.064081192016602
346 -9.064088821411133
347 -9.06407642364502
348 -9.06405258178711
349 -9.063966751098633
350 -9.06408405303955
351 -7.623418807983398
352 -7.798732757568359
353 -7.749599933624268
354 -7.7983880043029785
355 -9.06405258178711
356 -9.064075469970703
357 -7.67701530456543
358 -9.0640869140625
359 -9.064055442810059
360 -9.064045906066895
361 -7.802613735198975
362 -7.8647966384887695
363 -9.064033508300781
364 -9.06408405303955
365 -9.064058303833008
366 -7.864799976348877
367 -9.064044952392578
368 -9.064083099365234
369 -7.424088478088379
370 -7.864798069000244
371 -7.8647966384887695
372 -9.06407642364502
373 -9.064077377319336
374 -9.064082145690918
375 -9.064087867736816
376 -7.71498966217041
377 -9.064057350158691
378 -9.064087867736816
379 -9.06408405303955
380 -9.06406021118164
381 -9.06405258178711
382 -7.734137535095215
383 -9.064067840576172
384 -9.064082145690918
385 -9.064079284667969
386 -7.576871871948242
387 -7.606500148773193
388 -7.648569107055664
389 -9.064051628112793
390 -7.675624370574951
391 -9.064042091369629
392 -8.113301277160645
393 -7.56107234954834
394 -9.064079284667969
395 -9.064059257507324
396 -9.063098907470703
397 -9.0640869140625
398 -9.064018249511719
399 -9.064082145690918
400 -7.424097537994385
401 -9.064077377319336
402 -9.06406307220459
403 -9.064079284667969
404 -7.5065107345581055
405 -7.864808082580566
406 -9.06406307220459
407 -9.064088821411133
408 -7.544983863830566
409 -9.064082145690918
410 -9.064080238342285
411 -7.905354976654053
412 -9.064085006713867
413 -7.843904972076416
414 -9.064045906066895
415 -9.0640869140625
416 -9.064064979553223
417 -7.996789455413818
418 -7.41510009765625
419 -7.796917915344238
420 -9.0640869140625
421 -9.064085960388184
422 -9.064090728759766
423 -7.645002841949463
424 -9.063998222351074
425 -9.06408977508545
426 -7.798597812652588
427 -9.06408405303955
428 -7.837862968444824
429 -9.064083099365234
430 -8.113080978393555
431 -9.064090728759766
432 -7.802623271942139
433 -9.064075469970703
434 -9.064083099365234
435 -9.06405258178711
436 -9.064085006713867
437 -7.657480716705322
438 -9.06407642364502
439 -7.415102005004883
440 -7.677507400512695
441 -7.739095211029053
442 -9.064085006713867
443 -7.905388832092285
444 -9.064071655273438
445 -9.064050674438477
446 -9.0640869140625
447 -9.064082145690918
448 -8.060057640075684
449 -9.064059257507324
450 -9.064090728759766
451 -9.064061164855957
452 -9.064043045043945
453 -8.06006145477295
454 -7.837871551513672
455 -9.064085006713867
456 -9.064065933227539
457 -7.804873943328857
458 -9.064074516296387
459 -9.064082145690918
460 -9.064079284667969
461 -7.864793300628662
462 -7.780010223388672
463 -9.064074516296387
464 -9.064083099365234
465 -7.798740386962891
466 -7.837890625
467 -7.8000311851501465
468 -9.064055442810059
469 -9.064085960388184
470 -7.864800453186035
471 -9.06408405303955
472 -9.064070701599121
473 -8.113286018371582
474 -9.064004898071289
475 -9.064085960388184
476 -9.064082145690918
477 -9.06403923034668
478 -9.064055442810059
479 -9.064090728759766
480 -7.661064147949219
481 -7.529697895050049
482 -9.06404972076416
483 -9.064078330993652
484 -9.064066886901855
485 -9.06408405303955
486 -9.06406021118164
487 -9.064082145690918
488 -7.714583396911621
489 -9.064082145690918
490 -7.473835468292236
491 -7.632112979888916
492 -7.779906272888184
493 -9.064079284667969
494 -7.592531204223633
495 -9.064083099365234
496 -8.113299369812012
497 -7.445313930511475
498 -9.064085960388184
499 -7.670691967010498
500 -9.064071655273438
501 -8.103522300720215
502 -7.71458101272583
503 -8.113295555114746
504 -9.064066886901855
505 -9.064083099365234
506 -9.064087867736816
507 -7.5533976554870605
508 -7.734118938446045
509 -9.06408977508545
510 -7.606176853179932
511 -9.064090728759766
512 -7.566914081573486
513 -7.902907848358154
514 -9.064059257507324
515 -8.11329460144043
516 -8.060035705566406
517 -7.5879902839660645
518 -7.68118953704834
519 -9.064041137695312
520 -9.064071655273438
521 -9.0640869140625
522 -8.060060501098633
523 -7.602341651916504
524 -7.5703582763671875
525 -8.060053825378418
526 -9.064079284667969
527 -9.064071655273438
528 -9.064043045043945
529 -7.633146286010742
530 -9.064077377319336
531 -9.064090728759766
532 -7.655853271484375
533 -9.064078330993652
534 -9.064081192016602
535 -9.064085006713867
536 -7.655892848968506
537 -9.064068794250488
538 -7.37480354309082
539 -7.905372142791748
540 -9.064074516296387
541 -9.064065933227539
542 -9.06406021118164
543 -7.864780426025391
544 -7.473779678344727
545 -7.9046220779418945
546 -9.064080238342285
547 -7.734140396118164
548 -9.064083099365234
549 -9.064082145690918
550 -9.064080238342285
551 -9.064057350158691
552 -7.837930202484131
553 -9.064077377319336
554 -9.064068794250488
555 -9.064072608947754
556 -7.761681079864502
557 -9.064077377319336
558 -9.064075469970703
559 -9.064071655273438
560 -9.064080238342285
561 -9.064064979553223
562 -9.06403923034668
563 -9.064079284667969
564 -9.064048767089844
565 -7.6756134033203125
566 -9.064090728759766
567 -9.06407356262207
568 -9.064081192016602
569 -9.064090728759766
570 -7.9016289710998535
571 -7.837858200073242
572 -7.908633708953857
573 -9.064056396484375
574 -9.064071655273438
575 -7.415096282958984
576 -9.064074516296387
577 -9.064074516296387
578 -9.064079284667969
579 -9.064083099365234
580 -9.064079284667969
581 -9.064087867736816
582 -9.064077377319336
583 -9.064088821411133
584 -7.606496810913086
585 -9.064081192016602
586 -9.064080238342285
587 -9.064062118530273
588 -9.064085006713867
589 -9.064081192016602
590 -9.064079284667969
591 -7.710667610168457
592 -9.064085006713867
593 -7.448448181152344
594 -9.064079284667969
595 -9.064087867736816
596 -9.064070701599121
597 -9.064085006713867
598 -7.837862968444824
599 -9.064066886901855
600 -9.063814163208008
601 -9.064083099365234
602 -9.064090728759766
603 -7.415094375610352
604 -9.064072608947754
605 -7.802646160125732
606 -9.064043998718262
607 -7.856116771697998
608 -7.613255500793457
609 -7.606504917144775
610 -9.064035415649414
611 -7.739168167114258
612 -7.9901580810546875
613 -9.064079284667969
614 -9.064046859741211
615 -7.86480188369751
616 -9.064064979553223
617 -9.064078330993652
618 -8.007990837097168
619 -7.657443046569824
620 -9.064064979553223
621 -9.064078330993652
622 -7.889164924621582
623 -9.064085006713867
624 -7.437644958496094
625 -9.064083099365234
626 -7.567453384399414
627 -9.064083099365234
628 -9.06407642364502
629 -7.837747573852539
630 -9.06408405303955
631 -7.7800092697143555
632 -9.06407356262207
633 -7.675608158111572
634 -7.567440509796143
635 -9.064074516296387
636 -8.007905960083008
637 -9.0640869140625
638 -7.9053874015808105
639 -9.064087867736816
640 -9.06408405303955
641 -8.06005573272705
642 -9.064085960388184
643 -7.593317985534668
644 -9.064083099365234
645 -9.0640869140625
646 -7.802525520324707
647 -9.064058303833008
648 -7.837906360626221
649 -9.064083099365234
650 -9.064082145690918
651 -9.063960075378418
652 -7.837873458862305
653 -7.804877281188965
654 -9.064064979553223
655 -7.796305179595947
656 -7.779983043670654
657 -9.064075469970703
658 -9.064087867736816
659 -7.864789962768555
660 -9.064048767089844
661 -7.915661811828613
662 -9.06408405303955
663 -7.804881572723389
664 -9.064054489135742
665 -9.064043045043945
666 -7.7987236976623535
667 -9.064077377319336
668 -9.064045906066895
669 -7.7969512939453125
670 -9.064062118530273
671 -9.064051628112793
672 -9.064085006713867
673 -7.649940013885498
674 -7.73270845413208
675 -7.434474945068359
676 -8.060051918029785
677 -9.064072608947754
678 -9.064068794250488
679 -9.064083099365234
680 -8.060039520263672
681 -9.064031600952148
682 -7.779962062835693
683 -8.113287925720215
684 -7.915485382080078
685 -7.8984785079956055
686 -9.06407356262207
687 -9.064068794250488
688 -7.673709869384766
689 -9.064055442810059
690 -7.473828315734863
691 -9.064085960388184
692 -9.064081192016602
693 -9.064065933227539
694 -9.06407356262207
695 -8.11329174041748
696 -7.676743030548096
697 -9.064072608947754
698 -7.661851406097412
699 -8.11328411102295
700 -7.864802360534668
701 -9.064040184020996
702 -7.905420780181885
703 -9.064072608947754
704 -7.415098667144775
705 -7.59894323348999
706 -7.902306079864502
707 -7.704206466674805
708 -9.064041137695312
709 -7.780002593994141
710 -9.064067840576172
711 -9.063943862915039
712 -9.064069747924805
713 -9.06408405303955
714 -7.5810041427612305
715 -7.415096282958984
716 -9.064058303833008
717 -9.064085006713867
718 -7.739687442779541
719 -9.064057350158691
720 -9.064069747924805
721 -7.899115085601807
722 -7.297532081604004
723 -9.064075469970703
724 -7.541321754455566
725 -9.064082145690918
726 -9.064074516296387
727 -9.064072608947754
728 -7.796901702880859
729 -7.798733234405518
730 -9.064081192016602
731 -9.064081192016602
732 -9.064070701599121
733 -9.064068794250488
734 -7.864796161651611
735 -9.064081192016602
736 -7.755616188049316
737 -7.864800453186035
738 -9.064075469970703
739 -9.064030647277832
740 -8.060056686401367
741 -7.5438103675842285
742 -7.899113655090332
743 -9.064058303833008
744 -8.007957458496094
745 -7.738168239593506
746 -7.699347496032715
747 -9.064083099365234
748 -9.064090728759766
749 -9.06405258178711
750 -7.401773452758789
751 -7.864787578582764
752 -9.064070701599121
753 -7.404720783233643
754 -9.064041137695312
755 -7.795393466949463
756 -9.06408405303955
757 -9.06408405303955
758 -8.060057640075684
759 -7.569007873535156
760 -7.391303062438965
761 -7.681193828582764
762 -7.506807327270508
763 -7.7968902587890625
764 -7.864801406860352
765 -8.113300323486328
766 -9.064055442810059
767 -9.064061164855957
768 -7.468163013458252
769 -9.064083099365234
770 -9.064070701599121
771 -9.064085960388184
772 -9.064081192016602
773 -9.064077377319336
774 -7.602433681488037
775 -9.06407356262207
776 -9.06408405303955
777 -9.064075469970703
778 -9.064085006713867
779 -9.064062118530273
780 -7.796926975250244
781 -7.435452461242676
782 -7.979277610778809
783 -9.064081192016602
784 -9.064080238342285
785 -9.064090728759766
786 -9.064080238342285
787 -9.064059257507324
788 -9.0640869140625
789 -9.06407356262207
790 -9.064050674438477
791 -9.0640869140625
792 -9.064085960388184
793 -9.064077377319336
794 -9.064074516296387
795 -9.064082145690918
796 -9.064064979553223
797 -7.711890697479248
798 -7.415101051330566
799 -9.064083099365234
800 -7.741822242736816
801 -7.518988609313965
802 -7.837747097015381
803 -7.7987284660339355
804 -9.064042091369629
805 -9.064078330993652
806 -7.897027969360352
807 -9.064074516296387
808 -7.864791393280029
809 -7.710440635681152
810 -9.06404972076416
811 -9.064072608947754
812 -9.064056396484375
813 -9.064080238342285
814 -9.064077377319336
815 -9.064062118530273
816 -9.064090728759766
817 -7.864787578582764
818 -7.721985340118408
819 -7.804877758026123
820 -8.058004379272461
821 -9.064069747924805
822 -9.064090728759766
823 -9.064082145690918
824 -9.06407642364502
825 -9.064072608947754
826 -9.064059257507324
827 -9.064067840576172
828 -9.064091682434082
829 -9.063862800598145
830 -7.552947044372559
831 -7.732762336730957
832 -9.064078330993652
833 -9.064074516296387
834 -9.064059257507324
835 -7.710693359375
836 -9.064061164855957
837 -7.710664749145508
838 -9.064090728759766
839 -9.064072608947754
840 -9.064085006713867
841 -7.582176685333252
842 -9.064056396484375
843 -7.904613494873047
844 -9.064083099365234
845 -9.064067840576172
846 -9.064050674438477
847 -9.064074516296387
848 -9.06404972076416
849 -9.06408977508545
850 -9.064082145690918
851 -9.064075469970703
852 -7.990489959716797
853 -7.598954200744629
854 -7.602361679077148
855 -9.064061164855957
856 -7.905258655548096
857 -9.06408405303955
858 -9.06407642364502
859 -7.864801406860352
860 -9.064051628112793
861 -7.864798545837402
862 -9.064080238342285
863 -9.06405258178711
864 -9.064067840576172
865 -7.424104690551758
866 -7.357364654541016
867 -7.804836273193359
868 -9.064064979553223
869 -9.064077377319336
870 -7.6616997718811035
871 -9.064071655273438
872 -9.064080238342285
873 -8.060051918029785
874 -7.625247955322266
875 -9.064082145690918
876 -9.06406307220459
877 -9.064062118530273
878 -9.064068794250488
879 -9.064048767089844
880 -9.064085006713867
881 -7.569360256195068
882 -7.79744291305542
883 -9.064066886901855
884 -9.064070701599121
885 -9.064047813415527
886 -7.905428886413574
887 -8.113299369812012
888 -9.063986778259277
889 -9.06408405303955
890 -9.0640869140625
891 -9.064083099365234
892 -9.064079284667969
893 -7.837806701660156
894 -9.06407642364502
895 -7.779989242553711
896 -9.064067840576172
897 -7.634402275085449
898 -7.8048787117004395
899 -7.365915298461914
900 -7.864797592163086
901 -9.064055442810059
902 -9.06407356262207
903 -7.798545837402344
904 -9.0640869140625
905 -7.797813892364502
906 -9.064077377319336
907 -7.390048503875732
908 -9.06407642364502
909 -7.676819324493408
910 -9.064090728759766
911 -9.064047813415527
912 -9.064066886901855
913 -7.665597915649414
914 -9.064070701599121
915 -7.674983501434326
916 -9.064082145690918
917 -9.064080238342285
918 -9.064081192016602
919 -9.064083099365234
920 -8.008033752441406
921 -9.064080238342285
922 -7.720340251922607
923 -9.064080238342285
924 -7.678666114807129
925 -9.064090728759766
926 -7.627412796020508
927 -9.06247615814209
928 -9.064066886901855
929 -9.064062118530273
930 -9.064081192016602
931 -7.707297325134277
932 -7.779980659484863
933 -7.77979850769043
934 -7.782857418060303
935 -7.915656089782715
936 -7.864800453186035
937 -9.06405258178711
938 -7.8025898933410645
939 -7.798675537109375
940 -9.06408405303955
941 -9.064074516296387
942 -9.06406021118164
943 -9.064074516296387
944 -9.064077377319336
945 -9.064085006713867
946 -7.622297286987305
947 -9.064085006713867
948 -7.8378753662109375
949 -7.804858684539795
950 -7.605807304382324
951 -7.657476425170898
952 -9.064068794250488
953 -9.064090728759766
954 -9.06406021118164
955 -7.63117790222168
956 -9.062553405761719
957 -9.064071655273438
958 -9.064044952392578
959 -9.064079284667969
960 -9.064045906066895
961 -9.0640869140625
962 -7.915634632110596
963 -9.064067840576172
964 -9.064080238342285
965 -9.06407356262207
966 -7.837821960449219
967 -8.059880256652832
968 -7.882129669189453
969 -7.524655818939209
970 -7.676711082458496
971 -9.064090728759766
972 -9.064053535461426
973 -9.064083099365234
974 -9.06408977508545
975 -9.064068794250488
976 -9.06408405303955
977 -9.0640869140625
978 -9.064083099365234
979 -7.389042377471924
980 -9.06408405303955
981 -7.734103202819824
982 -9.064087867736816
983 -7.399020195007324
984 -7.7253007888793945
985 -7.602330684661865
986 -7.643427848815918
987 -9.064087867736816
988 -9.064078330993652
989 -9.06408405303955
990 -7.593331813812256
991 -9.064059257507324
992 -9.06324577331543
993 -7.994126796722412
994 -7.494708061218262
995 -7.606423377990723
996 -7.837923049926758
997 -9.064057350158691
998 -9.064048767089844
999 -9.064078330993652
