0 -5.151292324066162
1 -5.636393070220947
2 -5.098986625671387
3 -5.429336071014404
4 -5.374562740325928
5 -6.4937849044799805
6 -6.65257453918457
7 -6.475635051727295
8 -5.940535068511963
9 -7.298253536224365
10 -9.057975769042969
11 -7.187936782836914
12 -6.849666118621826
13 -6.164580345153809
14 -7.083727836608887
15 -6.388537883758545
16 -7.0987749099731445
17 -8.484526634216309
18 -7.023037433624268
19 -6.296625137329102
20 -5.683836460113525
21 -6.249057769775391
22 -6.746271133422852
23 -8.743889808654785
24 -8.577736854553223
25 -6.650236129760742
26 -6.251670837402344
27 -6.186285972595215
28 -9.064090728759766
29 -8.611525535583496
30 -7.101691246032715
31 -9.064090728759766
32 -6.393307685852051
33 -8.304286003112793
34 -8.388200759887695
35 -8.494988441467285
36 -7.0217509269714355
37 -7.07886266708374
38 -7.071340560913086
39 -7.163392066955566
40 -5.8809919357299805
41 -6.855252265930176
42 -9.064090728759766
43 -6.470664978027344
44 -6.559167861938477
45 -6.176175117492676
46 -6.7310991287231445
47 -7.285719871520996
48 -6.3920722007751465
49 -6.4852705001831055
50 -6.371735572814941
51 -6.699378967285156
52 -7.888123035430908
53 -6.86112117767334
54 -6.511847496032715
55 -6.126705646514893
56 -6.838730812072754
57 -9.020451545715332
58 -7.346468925476074
59 -6.643727779388428
60 -6.1705098152160645
61 -6.171778678894043
62 -5.9493584632873535
63 -6.76708459854126
64 -6.889158248901367
65 -6.714560031890869
66 -8.925870895385742
67 -8.981243133544922
68 -6.861792087554932
69 -6.465292453765869
70 -6.333120346069336
71 -8.907983779907227
72 -8.901159286499023
73 -6.4878058433532715
74 -6.672343730926514
75 -6.60529899597168
76 -7.624337673187256
77 -6.253362655639648
78 -7.131190299987793
79 -7.216951370239258
80 -6.3610992431640625
81 -6.8993330001831055
82 -9.064090728759766
83 -6.359720230102539
84 -6.689828872680664
85 -6.421722412109375
86 -7.774223327636719
87 -7.177791595458984
88 -8.98928451538086
89 -6.211428165435791
90 -6.686315536499023
91 -7.019338607788086
92 -6.218094825744629
93 -6.465036869049072
94 -6.878001689910889
95 -7.757802963256836
96 -7.072068691253662
97 -6.748721122741699
98 -6.516852855682373
99 -8.319764137268066
100 -6.523313999176025
101 -6.334225654602051
102 -6.982220649719238
103 -6.451026916503906
104 -6.288331985473633
105 -6.239914417266846
106 -5.9956889152526855
107 -7.432626724243164
108 -9.064090728759766
109 -6.954973220825195
110 -8.857741355895996
111 -6.311803817749023
112 -6.903656005859375
113 -6.394474029541016
114 -6.093393802642822
115 -8.387017250061035
116 -7.584383010864258
117 -7.602614402770996
118 -6.134002208709717
119 -6.500561237335205
120 -6.171383857727051
121 -7.915241718292236
122 -6.409003257751465
123 -6.991237640380859
124 -5.982487678527832
125 -6.539244174957275
126 -8.901263236999512
127 -6.010215759277344
128 -6.929764747619629
129 -9.064090728759766
130 -6.277688026428223
131 -5.955591678619385
132 -6.175442695617676
133 -7.361526012420654
134 -6.44918155670166
135 -7.4702558517456055
136 -6.3991289138793945
137 -9.064090728759766
138 -8.958221435546875
139 -9.05325698852539
140 -9.064090728759766
141 -6.2548322677612305
142 -6.551548957824707
143 -7.26008939743042
144 -6.440636157989502
145 -6.001338005065918
146 -6.23590087890625
147 -6.799006462097168
148 -7.051128387451172
149 -7.088444709777832
150 -6.358249664306641
151 -8.718393325805664
152 -8.851983070373535
153 -6.259460926055908
154 -7.216606140136719
155 -6.559104919433594
156 -6.619161128997803
157 -7.684319019317627
158 -6.286411762237549
159 -9.0359525680542
160 -7.015962600708008
161 -9.064090728759766
162 -7.01987886428833
163 -7.867283344268799
164 -7.80363655090332
165 -6.288762092590332
166 -6.358091354370117
167 -8.544443130493164
168 -7.82985258102417
169 -5.769911289215088
170 -6.1668596267700195
171 -7.422763347625732
172 -6.826675891876221
173 -6.599577903747559
174 -6.546483039855957
175 -6.435214996337891
176 -6.280274391174316
177 -8.477960586547852
178 -8.550690650939941
179 -7.262325763702393
180 -8.140348434448242
181 -6.76092529296875
182 -7.4947028160095215
183 -6.878894805908203
184 -8.309601783752441
185 -6.9226484298706055
186 -5.931302547454834
187 -9.064090728759766
188 -6.075927734375
189 -6.268776893615723
190 -7.116096496582031
191 -7.352484703063965
192 -7.577183246612549
193 -7.3051557540893555
194 -5.514158725738525
195 -6.5626301765441895
196 -6.491253852844238
197 -9.064090728759766
198 -8.858708381652832
199 -8.447985649108887
200 -9.064090728759766
201 -8.056635856628418
202 -6.438939094543457
203 -6.284401893615723
204 -6.454974174499512
205 -6.903036117553711
206 -6.227102279663086
207 -6.030252456665039
208 -6.58790397644043
209 -6.372797966003418
210 -7.311153411865234
211 -7.565420627593994
212 -6.107563018798828
213 -6.456510543823242
214 -6.491959571838379
215 -7.949611186981201
216 -9.064090728759766
217 -6.1030707359313965
218 -6.422796249389648
219 -6.390994548797607
220 -8.528471946716309
221 -9.064090728759766
222 -6.725784778594971
223 -8.59111499786377
224 -6.448292255401611
225 -6.278887748718262
226 -8.139518737792969
227 -6.228272438049316
228 -6.752086639404297
229 -7.47622013092041
230 -8.788472175598145
231 -6.237087726593018
232 -7.0220746994018555
233 -6.431486129760742
234 -7.038022518157959
235 -6.332808017730713
236 -6.689479351043701
237 -6.029952526092529
238 -6.406351089477539
239 -6.628084182739258
240 -7.519397735595703
241 -8.285920143127441
242 -8.034055709838867
243 -6.471172332763672
244 -6.254665374755859
245 -9.064090728759766
246 -6.398299217224121
247 -6.5559844970703125
248 -6.169317722320557
249 -8.818889617919922
250 -6.4178361892700195
251 -7.131189346313477
252 -6.440527439117432
253 -6.533446311950684
254 -6.870445728302002
255 -6.061210632324219
256 -6.343269348144531
257 -6.847997665405273
258 -6.556108474731445
259 -7.020711421966553
260 -8.381348609924316
261 -8.900527954101562
262 -7.569675445556641
263 -5.864729881286621
264 -6.758003234863281
265 -6.47566032409668
266 -8.015867233276367
267 -8.333821296691895
268 -8.464441299438477
269 -8.691261291503906
270 -9.06408977508545
271 -6.928349494934082
272 -6.401772499084473
273 -6.809467315673828
274 -6.6233015060424805
275 -8.822564125061035
276 -6.545510292053223
277 -8.97676944732666
278 -7.952028274536133
279 -5.812477111816406
280 -9.06408977508545
281 -7.912751197814941
282 -8.99000072479248
283 -6.211764812469482
284 -6.5327839851379395
285 -6.914315700531006
286 -6.470029830932617
287 -8.76591682434082
288 -8.485164642333984
289 -7.968235969543457
290 -6.806329727172852
291 -6.6667938232421875
292 -7.31137228012085
293 -6.361660957336426
294 -7.414978981018066
295 -7.513978481292725
296 -6.740246772766113
297 -6.743411064147949
298 -7.128237724304199
299 -6.797513961791992
300 -6.172969818115234
301 -7.335096836090088
302 -7.565932750701904
303 -7.029293060302734
304 -6.824677467346191
305 -6.86584997177124
306 -6.435364723205566
307 -8.695499420166016
308 -6.079452037811279
309 -6.991642951965332
310 -6.575976371765137
311 -6.591164588928223
312 -6.5019097328186035
313 -6.658137798309326
314 -7.14143180847168
315 -6.982156753540039
316 -6.8575944900512695
317 -8.625173568725586
318 -8.226357460021973
319 -7.50205659866333
320 -6.907710075378418
321 -7.246248722076416
322 -6.819754600524902
323 -6.935821533203125
324 -6.508223056793213
325 -6.908972263336182
326 -6.649331092834473
327 -6.3472089767456055
328 -6.24188232421875
329 -6.4959187507629395
330 -8.230535507202148
331 -6.364367485046387
332 -8.456317901611328
333 -6.608044624328613
334 -6.241341590881348
335 -6.665596961975098
336 -6.452881813049316
337 -6.866435527801514
338 -6.3588457107543945
339 -6.314675807952881
340 -6.653568267822266
341 -9.04931640625
342 -6.829063415527344
343 -6.086415767669678
344 -7.008878707885742
345 -9.030590057373047
346 -6.1313090324401855
347 -6.877786636352539
348 -6.132467269897461
349 -6.64858341217041
350 -6.892580032348633
351 -6.669272422790527
352 -6.11321496963501
353 -6.5498552322387695
354 -6.468378067016602
355 -8.897027015686035
356 -6.1217851638793945
357 -6.157860279083252
358 -6.870169162750244
359 -6.985109329223633
360 -6.598211765289307
361 -5.918036937713623
362 -6.251811504364014
363 -6.342711448669434
364 -7.131189346313477
365 -7.436518669128418
366 -8.706278800964355
367 -6.157069206237793
368 -7.137096881866455
369 -6.424690246582031
370 -8.173761367797852
371 -6.497958660125732
372 -6.677550315856934
373 -6.567536354064941
374 -7.658475875854492
375 -7.996567249298096
376 -8.776655197143555
377 -8.552735328674316
378 -8.527947425842285
379 -6.730837821960449
380 -6.518319606781006
381 -7.356987953186035
382 -6.541663646697998
383 -6.365931510925293
384 -7.268401622772217
385 -7.5193963050842285
386 -6.913315296173096
387 -6.537757396697998
388 -6.885072708129883
389 -8.1074800491333
390 -6.700453281402588
391 -6.408185958862305
392 -6.203389644622803
393 -6.418648719787598
394 -6.912659168243408
395 -7.968259811401367
396 -6.240963935852051
397 -6.646353721618652
398 -6.7896528244018555
399 -6.907819747924805
400 -7.443255424499512
401 -6.167909622192383
402 -9.015539169311523
403 -8.068436622619629
404 -6.27376127243042
405 -6.325368404388428
406 -7.480730056762695
407 -6.49122953414917
408 -6.4205121994018555
409 -6.218092441558838
410 -8.478090286254883
411 -9.064090728759766
412 -9.035855293273926
413 -7.060004711151123
414 -6.398090362548828
415 -6.593534469604492
416 -8.936812400817871
417 -6.809741497039795
418 -6.631068706512451
419 -5.939919471740723
420 -6.966864585876465
421 -6.181962013244629
422 -7.227996826171875
423 -7.093244552612305
424 -6.341836452484131
425 -6.204216957092285
426 -6.110560894012451
427 -6.888705253601074
428 -7.519398212432861
429 -6.813621520996094
430 -6.476567268371582
431 -9.064090728759766
432 -6.261131763458252
433 -8.95502758026123
434 -6.344900131225586
435 -8.045656204223633
436 -6.094045639038086
437 -6.371622085571289
438 -7.299905776977539
439 -7.942030906677246
440 -6.548366546630859
441 -9.060940742492676
442 -6.700924873352051
443 -6.718037128448486
444 -6.9417033195495605
445 -8.977811813354492
446 -6.480733871459961
447 -6.589543342590332
448 -5.935093879699707
449 -6.480426788330078
450 -6.640612602233887
451 -8.949657440185547
452 -7.374989986419678
453 -6.627743721008301
454 -6.565149784088135
455 -6.2625346183776855
456 -9.064090728759766
457 -7.397235870361328
458 -6.7273664474487305
459 -6.780357360839844
460 -9.064090728759766
461 -6.359226226806641
462 -6.46799373626709
463 -6.919327259063721
464 -8.72012996673584
465 -6.694613456726074
466 -7.371025562286377
467 -6.143765449523926
468 -9.064090728759766
469 -8.5025053024292
470 -6.537789344787598
471 -9.06408977508545
472 -6.724857807159424
473 -6.247366905212402
474 -6.925402641296387
475 -6.862788677215576
476 -6.268980026245117
477 -8.968374252319336
478 -6.334922790527344
479 -8.006961822509766
480 -6.4796366691589355
481 -8.535870552062988
482 -8.967341423034668
483 -6.278095722198486
484 -6.205913543701172
485 -8.592741966247559
486 -5.846783638000488
487 -7.973476886749268
488 -5.973536491394043
489 -8.37586784362793
490 -6.306485176086426
491 -6.698649883270264
492 -8.137699127197266
493 -5.86781120300293
494 -7.340553283691406
495 -5.92454719543457
496 -8.982244491577148
497 -6.344773769378662
498 -9.06408977508545
499 -6.030303478240967
500 -6.879306793212891
501 -6.684946060180664
502 -6.214280128479004
503 -6.737879276275635
504 -8.961615562438965
505 -9.064090728759766
506 -7.519398212432861
507 -6.368060111999512
508 -6.901482582092285
509 -6.433310031890869
510 -9.064090728759766
511 -6.9277567863464355
512 -7.248804569244385
513 -6.802655220031738
514 -9.01459789276123
515 -8.950813293457031
516 -6.82435941696167
517 -8.647546768188477
518 -7.733397960662842
519 -7.626038074493408
520 -6.689847946166992
521 -6.019957542419434
522 -5.9198994636535645
523 -7.1310954093933105
524 -6.186674118041992
525 -6.800539970397949
526 -6.498473167419434
527 -6.649319171905518
528 -6.047543048858643
529 -6.193437099456787
530 -6.430581569671631
531 -6.270176887512207
532 -6.242755889892578
533 -6.5981526374816895
534 -9.064090728759766
535 -6.513599872589111
536 -7.188106536865234
537 -6.082376480102539
538 -5.714207649230957
539 -6.2393083572387695
540 -6.623089790344238
541 -6.188048362731934
542 -6.640745162963867
543 -7.66355037689209
544 -8.691828727722168
545 -6.488011360168457
546 -6.569212436676025
547 -8.923667907714844
548 -8.760466575622559
549 -7.874591827392578
550 -8.292309761047363
551 -9.045343399047852
552 -6.017946720123291
553 -6.061093330383301
554 -8.117790222167969
555 -6.5065131187438965
556 -9.064090728759766
557 -7.423511981964111
558 -6.360759258270264
559 -6.086265563964844
560 -6.081822395324707
561 -6.439792633056641
562 -7.602219104766846
563 -9.064090728759766
564 -6.261415004730225
565 -7.113747596740723
566 -5.404346466064453
567 -6.682027339935303
568 -6.272256374359131
569 -6.575997352600098
570 -6.027931213378906
571 -7.07794189453125
572 -6.435719013214111
573 -6.628303527832031
574 -6.279246807098389
575 -7.198186874389648
576 -6.7525177001953125
577 -7.311371803283691
578 -8.58577823638916
579 -6.805761337280273
580 -6.361227512359619
581 -7.286872863769531
582 -8.680441856384277
583 -6.905440330505371
584 -8.81802749633789
585 -7.661001682281494
586 -6.5372161865234375
587 -8.398209571838379
588 -8.665127754211426
589 -6.252474784851074
590 -7.899170875549316
591 -7.881178855895996
592 -7.554884910583496
593 -7.247134685516357
594 -7.052379608154297
595 -6.415888786315918
596 -6.442607402801514
597 -6.641121864318848
598 -6.459622383117676
599 -6.56730842590332
600 -7.9673919677734375
601 -6.380093097686768
602 -8.992215156555176
603 -8.222110748291016
604 -6.595786094665527
605 -7.931107521057129
606 -6.157763957977295
607 -8.935604095458984
608 -6.734420299530029
609 -6.021693229675293
610 -6.141629219055176
611 -6.831774711608887
612 -7.063850402832031
613 -6.577028751373291
614 -7.591464042663574
615 -6.548691272735596
616 -6.7917914390563965
617 -6.43364953994751
618 -6.295935153961182
619 -6.457816123962402
620 -6.539295673370361
621 -6.899660110473633
622 -6.709522247314453
623 -6.56918478012085
624 -6.2011003494262695
625 -9.054536819458008
626 -6.7429656982421875
627 -6.956416606903076
628 -6.746038436889648
629 -6.692185401916504
630 -8.635796546936035
631 -6.833277702331543
632 -8.474982261657715
633 -6.563262462615967
634 -8.339374542236328
635 -6.676006317138672
636 -7.275233268737793
637 -7.641268730163574
638 -7.202010631561279
639 -6.384300231933594
640 -6.049320220947266
641 -5.982454776763916
642 -6.250949382781982
643 -7.331714153289795
644 -7.6258864402771
645 -6.116876602172852
646 -6.371103286743164
647 -6.436849594116211
648 -6.2269062995910645
649 -6.777820110321045
650 -6.610904693603516
651 -6.521250247955322
652 -7.524662971496582
653 -9.021599769592285
654 -6.67444372177124
655 -6.786959648132324
656 -6.040929794311523
657 -6.645450592041016
658 -7.179157257080078
659 -7.775861740112305
660 -6.3515424728393555
661 -6.365670204162598
662 -6.411857604980469
663 -7.938105583190918
664 -6.633942604064941
665 -6.439736843109131
666 -8.621542930603027
667 -6.242672920227051
668 -8.452070236206055
669 -6.417049407958984
670 -6.117582321166992
671 -7.404083251953125
672 -6.643065452575684
673 -7.975984573364258
674 -9.06408977508545
675 -6.192734718322754
676 -6.381865501403809
677 -6.801264762878418
678 -6.384890079498291
679 -6.159682273864746
680 -6.982129096984863
681 -6.588069915771484
682 -8.310022354125977
683 -8.72094440460205
684 -9.064090728759766
685 -6.482573986053467
686 -6.146771430969238
687 -6.320547103881836
688 -8.999846458435059
689 -7.033477306365967
690 -7.892900466918945
691 -6.326685905456543
692 -6.274134635925293
693 -7.519396781921387
694 -8.133036613464355
695 -6.49524450302124
696 -9.06408977508545
697 -6.874636173248291
698 -6.497126579284668
699 -6.253574371337891
700 -8.810162544250488
701 -7.235198020935059
702 -6.360831260681152
703 -7.31137228012085
704 -7.801609516143799
705 -6.922424793243408
706 -7.815120220184326
707 -7.282814979553223
708 -6.160862922668457
709 -9.06408977508545
710 -8.09824275970459
711 -7.178022861480713
712 -6.52584171295166
713 -6.077779769897461
714 -6.591576099395752
715 -6.05150842666626
716 -7.107183456420898
717 -6.403943061828613
718 -6.806923866271973
719 -6.42464542388916
720 -6.633462429046631
721 -6.82191276550293
722 -6.280768871307373
723 -8.507888793945312
724 -7.7395100593566895
725 -8.728527069091797
726 -6.271968841552734
727 -6.389091968536377
728 -6.495179653167725
729 -8.48902702331543
730 -6.402070045471191
731 -7.185270309448242
732 -6.155996322631836
733 -6.226611614227295
734 -6.440258502960205
735 -6.8303022384643555
736 -6.6700334548950195
737 -6.098193168640137
738 -7.2687602043151855
739 -8.376640319824219
740 -6.374848365783691
741 -7.521445274353027
742 -7.187519550323486
743 -8.694337844848633
744 -6.433473587036133
745 -6.0299272537231445
746 -7.522487640380859
747 -9.06408977508545
748 -6.185238838195801
749 -6.365876197814941
750 -6.1802825927734375
751 -8.654708862304688
752 -6.199202537536621
753 -6.483712673187256
754 -7.305352210998535
755 -6.670033931732178
756 -6.5733489990234375
757 -6.653491020202637
758 -9.064090728759766
759 -6.621868133544922
760 -8.120872497558594
761 -7.894663333892822
762 -7.3795247077941895
763 -6.24629020690918
764 -6.2800116539001465
765 -6.8382887840271
766 -5.773087978363037
767 -7.410207748413086
768 -8.330095291137695
769 -7.877082347869873
770 -6.142025947570801
771 -7.080623149871826
772 -6.959352016448975
773 -6.180462837219238
774 -7.007188320159912
775 -6.556515693664551
776 -9.06408977508545
777 -6.505074501037598
778 -7.059962272644043
779 -7.392557621002197
780 -6.669134616851807
781 -6.6126298904418945
782 -7.665621757507324
783 -6.278844833374023
784 -6.702675819396973
785 -8.658502578735352
786 -6.455110549926758
787 -7.865305423736572
788 -7.264303207397461
789 -6.925403118133545
790 -6.540524482727051
791 -6.657299041748047
792 -6.264923095703125
793 -7.041398048400879
794 -6.955861568450928
795 -6.717001914978027
796 -7.100686073303223
797 -8.94816780090332
798 -5.761425971984863
799 -8.701703071594238
800 -7.0296244621276855
801 -6.875558376312256
802 -6.20615816116333
803 -6.483704090118408
804 -8.481392860412598
805 -7.41163444519043
806 -6.349699974060059
807 -6.0832905769348145
808 -6.107933044433594
809 -8.680030822753906
810 -6.217898368835449
811 -7.176589012145996
812 -6.369089126586914
813 -6.463788032531738
814 -6.128972053527832
815 -6.466311454772949
816 -6.569602966308594
817 -6.283815860748291
818 -9.01657485961914
819 -6.760673522949219
820 -6.527860641479492
821 -6.1847686767578125
822 -8.961506843566895
823 -6.458268165588379
824 -8.848400115966797
825 -6.21199893951416
826 -6.202663421630859
827 -9.06408977508545
828 -6.957432270050049
829 -6.489455699920654
830 -6.755529403686523
831 -9.064090728759766
832 -6.640998840332031
833 -6.331221580505371
834 -7.108721733093262
835 -6.827529430389404
836 -6.287464141845703
837 -6.29371976852417
838 -6.752182960510254
839 -6.626532554626465
840 -6.429921627044678
841 -6.536330223083496
842 -7.430795669555664
843 -7.464433193206787
844 -6.1491546630859375
845 -7.56203031539917
846 -7.087874412536621
847 -6.539721965789795
848 -8.589900016784668
849 -6.987614631652832
850 -9.064090728759766
851 -6.716391086578369
852 -6.2319841384887695
853 -6.33900785446167
854 -6.400588512420654
855 -7.015251636505127
856 -6.6533708572387695
857 -6.351263046264648
858 -7.363053798675537
859 -6.762874126434326
860 -6.099596977233887
861 -6.477331161499023
862 -8.480385780334473
863 -6.464545249938965
864 -7.332529067993164
865 -6.480144500732422
866 -6.4713664054870605
867 -5.939410209655762
868 -8.97763729095459
869 -7.969779014587402
870 -6.10965633392334
871 -6.945212364196777
872 -8.606231689453125
873 -6.431858062744141
874 -6.941702365875244
875 -6.3187150955200195
876 -6.875751972198486
877 -6.856020927429199
878 -7.209170818328857
879 -6.970892429351807
880 -9.064090728759766
881 -6.498646259307861
882 -7.293689727783203
883 -5.977879524230957
884 -6.3767571449279785
885 -7.046833038330078
886 -7.188740253448486
887 -7.078090190887451
888 -8.150589942932129
889 -7.1058549880981445
890 -5.953704833984375
891 -6.4545159339904785
892 -6.366029262542725
893 -8.749957084655762
894 -6.011205673217773
895 -6.8027544021606445
896 -8.6729154586792
897 -6.160527229309082
898 -8.744107246398926
899 -5.835832595825195
900 -8.54652214050293
901 -7.987173557281494
902 -6.163584232330322
903 -6.62003231048584
904 -6.726790428161621
905 -6.875016689300537
906 -6.23097038269043
907 -6.47607421875
908 -6.378597259521484
909 -6.545570373535156
910 -9.064090728759766
911 -6.073411464691162
912 -8.458915710449219
913 -6.291510581970215
914 -9.064090728759766
915 -6.571752071380615
916 -6.45132303237915
917 -7.326523780822754
918 -8.04789924621582
919 -6.96798038482666
920 -6.564142227172852
921 -6.674640655517578
922 -6.861697196960449
923 -6.9218058586120605
924 -6.481018543243408
925 -6.326283931732178
926 -6.883760452270508
927 -6.117969036102295
928 -7.207122802734375
929 -6.719184875488281
930 -6.171127796173096
931 -6.2469353675842285
932 -6.633470058441162
933 -8.621984481811523
934 -6.254192352294922
935 -6.538966178894043
936 -6.983946323394775
937 -7.898963928222656
938 -6.321859836578369
939 -8.204977989196777
940 -6.35984992980957
941 -6.792500019073486
942 -6.030439853668213
943 -9.04250431060791
944 -7.694343566894531
945 -6.837053298950195
946 -6.362975120544434
947 -8.49142074584961
948 -6.547296047210693
949 -6.472526550292969
950 -8.109212875366211
951 -6.403783321380615
952 -6.3117828369140625
953 -7.05187463760376
954 -7.016987323760986
955 -6.23516845703125
956 -6.538287162780762
957 -6.462947845458984
958 -8.674171447753906
959 -6.754209518432617
960 -6.009666442871094
961 -6.606439590454102
962 -6.607105255126953
963 -6.273935317993164
964 -6.365854263305664
965 -6.309332847595215
966 -6.923197269439697
967 -9.06408977508545
968 -6.869045734405518
969 -6.148676872253418
970 -9.064090728759766
971 -6.726276874542236
972 -7.934367656707764
973 -9.064090728759766
974 -6.002492904663086
975 -6.650852203369141
976 -9.022937774658203
977 -7.285769939422607
978 -7.270151138305664
979 -6.426778316497803
980 -8.222245216369629
981 -6.327720642089844
982 -6.507993698120117
983 -6.26451301574707
984 -6.719784736633301
985 -6.287428379058838
986 -6.783963680267334
987 -6.425063133239746
988 -9.032099723815918
989 -6.194501876831055
990 -7.895534992218018
991 -6.5522589683532715
992 -7.146788120269775
993 -6.890024662017822
994 -6.910521507263184
995 -6.376414775848389
996 -6.161850929260254
997 -6.627814292907715
998 -8.973508834838867
999 -6.737369537353516
