0 -5.262308120727539
1 -5.736483097076416
2 -5.673675537109375
3 -5.232050895690918
4 -5.30640983581543
5 -6.588286399841309
6 -6.342571258544922
7 -6.569025993347168
8 -6.208837985992432
9 -6.176168441772461
10 -7.963595390319824
11 -6.242522716522217
12 -8.96451187133789
13 -9.064090728759766
14 -6.7233662605285645
15 -7.617363929748535
16 -6.557766914367676
17 -6.457736015319824
18 -6.130585670471191
19 -7.272709369659424
20 -7.052534103393555
21 -6.865310192108154
22 -6.168046951293945
23 -6.999156475067139
24 -6.46124267578125
25 -6.729578018188477
26 -6.637222766876221
27 -6.732921600341797
28 -6.255825042724609
29 -6.15387487411499
30 -7.471421241760254
31 -8.904887199401855
32 -7.010825157165527
33 -7.822921276092529
34 -9.064090728759766
35 -6.922941207885742
36 -7.5012431144714355
37 -6.238611221313477
38 -7.265216827392578
39 -7.31137228012085
40 -6.751673221588135
41 -6.274693489074707
42 -9.064091682434082
43 -6.79525089263916
44 -6.423177719116211
45 -9.06408977508545
46 -7.8415656089782715
47 -6.095864295959473
48 -6.535382270812988
49 -7.446338653564453
50 -6.109498023986816
51 -6.5610432624816895
52 -7.283407688140869
53 -6.410792827606201
54 -8.022947311401367
55 -8.547797203063965
56 -6.117255210876465
57 -6.105221271514893
58 -6.845958232879639
59 -7.07357120513916
60 -6.178178787231445
61 -6.034446716308594
62 -6.509139537811279
63 -7.147098064422607
64 -6.66685152053833
65 -6.49942684173584
66 -7.23161506652832
67 -7.102140426635742
68 -6.474170684814453
69 -6.69180154800415
70 -6.611563682556152
71 -6.461667060852051
72 -5.9524030685424805
73 -8.99848461151123
74 -6.613729953765869
75 -6.141132354736328
76 -6.570988655090332
77 -9.008374214172363
78 -6.498131275177002
79 -7.086467266082764
80 -6.070638656616211
81 -6.197178363800049
82 -7.1375837326049805
83 -6.55515193939209
84 -9.06408977508545
85 -7.564256191253662
86 -6.5814409255981445
87 -6.263846397399902
88 -6.257984161376953
89 -6.726909637451172
90 -7.882546901702881
91 -6.367469787597656
92 -6.703590393066406
93 -7.3693461418151855
94 -6.197786331176758
95 -6.301326751708984
96 -8.79019546508789
97 -6.344876289367676
98 -8.051856994628906
99 -6.188448429107666
100 -6.681929588317871
101 -6.343909740447998
102 -6.726222515106201
103 -6.58168363571167
104 -8.7291841506958
105 -7.554885387420654
106 -7.827427387237549
107 -7.1503753662109375
108 -7.6385674476623535
109 -6.828408241271973
110 -7.3345770835876465
111 -7.492432594299316
112 -6.6562581062316895
113 -8.480989456176758
114 -6.688761234283447
115 -8.502161026000977
116 -6.087063789367676
117 -6.424309253692627
118 -6.2309722900390625
119 -6.6407270431518555
120 -8.88388729095459
121 -6.317047119140625
122 -8.432295799255371
123 -9.020761489868164
124 -6.147614479064941
125 -7.0613694190979
126 -6.751967430114746
127 -6.393047332763672
128 -6.212396621704102
129 -6.607395172119141
130 -6.483675003051758
131 -6.538175106048584
132 -6.087381362915039
133 -6.286293983459473
134 -7.215426445007324
135 -7.945939540863037
136 -6.900935649871826
137 -6.440458297729492
138 -5.923521041870117
139 -7.077554702758789
140 -7.176765441894531
141 -6.341327667236328
142 -9.012554168701172
143 -6.973933219909668
144 -6.209672927856445
145 -6.025114059448242
146 -6.1260552406311035
147 -6.676621437072754
148 -6.896081924438477
149 -6.489432334899902
150 -9.06408977508545
151 -6.755880832672119
152 -6.151515007019043
153 -6.296558856964111
154 -7.034583568572998
155 -6.05005407333374
156 -6.646324157714844
157 -6.68958044052124
158 -7.483951091766357
159 -7.174887657165527
160 -6.779356002807617
161 -8.592347145080566
162 -6.806522369384766
163 -5.9807844161987305
164 -6.313785076141357
165 -6.645036220550537
166 -9.006861686706543
167 -6.039646625518799
168 -7.223374366760254
169 -8.138956069946289
170 -6.32732629776001
171 -7.941598892211914
172 -7.921902179718018
173 -6.583387851715088
174 -7.067086219787598
175 -6.35984992980957
176 -6.481600761413574
177 -7.525485038757324
178 -6.949951171875
179 -6.95851469039917
180 -9.06408977508545
181 -7.870600700378418
182 -6.226045608520508
183 -9.06408977508545
184 -6.574051856994629
185 -6.115333557128906
186 -6.612030506134033
187 -9.003283500671387
188 -5.94586181640625
189 -6.174612998962402
190 -6.553014755249023
191 -6.823606014251709
192 -6.696890830993652
193 -6.555914878845215
194 -8.909833908081055
195 -7.5047101974487305
196 -6.434365749359131
197 -6.27745246887207
198 -6.845651626586914
199 -7.501224994659424
200 -7.090853691101074
201 -6.445265769958496
202 -7.065667152404785
203 -7.21358585357666
204 -6.891785621643066
205 -6.979589462280273
206 -6.63154411315918
207 -6.602983474731445
208 -6.709699630737305
209 -6.372645378112793
210 -8.844663619995117
211 -6.337124347686768
212 -6.7017412185668945
213 -6.589940547943115
214 -6.387964248657227
215 -6.1507368087768555
216 -5.935142993927002
217 -9.042471885681152
218 -6.659304618835449
219 -6.447565078735352
220 -6.218671798706055
221 -7.446876049041748
222 -6.143698692321777
223 -6.779360771179199
224 -7.102047443389893
225 -7.919896602630615
226 -6.52547550201416
227 -6.007059574127197
228 -6.3224053382873535
229 -6.776966571807861
230 -6.948395729064941
231 -7.563215732574463
232 -6.362748146057129
233 -6.255153656005859
234 -6.0467729568481445
235 -6.811370849609375
236 -6.908106803894043
237 -6.216264724731445
238 -6.449016571044922
239 -8.50538158416748
240 -6.094979763031006
241 -6.1926727294921875
242 -7.023604393005371
243 -8.943023681640625
244 -9.064090728759766
245 -5.9298248291015625
246 -6.7715864181518555
247 -7.399502277374268
248 -5.898717880249023
249 -7.888574123382568
250 -6.3315277099609375
251 -8.127094268798828
252 -7.822885990142822
253 -6.639676094055176
254 -8.967025756835938
255 -6.7719645500183105
256 -9.052618026733398
257 -5.971336364746094
258 -6.686469078063965
259 -6.401495933532715
260 -6.4161577224731445
261 -8.614283561706543
262 -6.332919120788574
263 -9.06408977508545
264 -7.807250022888184
265 -7.302102565765381
266 -6.637161731719971
267 -8.812277793884277
268 -6.378558158874512
269 -6.892340660095215
270 -6.099232196807861
271 -6.603204250335693
272 -6.197553634643555
273 -6.90256929397583
274 -6.761800765991211
275 -5.943931579589844
276 -6.298020362854004
277 -6.433188438415527
278 -6.090279579162598
279 -6.640824794769287
280 -6.46638822555542
281 -6.3560614585876465
282 -6.80873441696167
283 -8.11304759979248
284 -6.863536357879639
285 -6.835620880126953
286 -6.338850975036621
287 -6.25760555267334
288 -6.272933483123779
289 -7.113855838775635
290 -6.50241756439209
291 -6.820587158203125
292 -6.922396659851074
293 -6.056604385375977
294 -6.353989124298096
295 -5.875880241394043
296 -6.4817094802856445
297 -6.67547607421875
298 -6.779912948608398
299 -7.992708206176758
300 -6.9900407791137695
301 -6.246577739715576
302 -6.940545558929443
303 -7.93167781829834
304 -6.833583831787109
305 -7.1840033531188965
306 -6.385612487792969
307 -6.475714206695557
308 -8.972698211669922
309 -6.9762349128723145
310 -6.895401954650879
311 -6.239871501922607
312 -6.725983619689941
313 -6.565499305725098
314 -6.977748394012451
315 -6.538573265075684
316 -6.212068557739258
317 -6.603775978088379
318 -6.320788383483887
319 -6.4802937507629395
320 -7.523185729980469
321 -8.21579647064209
322 -7.352167129516602
323 -8.986531257629395
324 -7.079798698425293
325 -7.037466049194336
326 -5.896633148193359
327 -7.859029769897461
328 -6.46705436706543
329 -6.67681360244751
330 -6.983908653259277
331 -7.718931198120117
332 -6.180472373962402
333 -6.829452991485596
334 -8.05955696105957
335 -6.395724296569824
336 -6.884277820587158
337 -6.1566362380981445
338 -6.193885803222656
339 -6.008198261260986
340 -7.288449764251709
341 -6.849387168884277
342 -6.566158294677734
343 -7.493420600891113
344 -7.314334869384766
345 -6.960851669311523
346 -8.514076232910156
347 -8.419836044311523
348 -8.909475326538086
349 -6.0720062255859375
350 -7.600481986999512
351 -6.733891487121582
352 -6.366034507751465
353 -6.528328895568848
354 -6.401587009429932
355 -8.658258438110352
356 -6.836652755737305
357 -8.445563316345215
358 -9.013890266418457
359 -8.150850296020508
360 -7.774032115936279
361 -6.905332088470459
362 -9.064090728759766
363 -6.945068836212158
364 -6.556315898895264
365 -7.144619464874268
366 -8.610052108764648
367 -7.352296352386475
368 -6.1753644943237305
369 -8.7662992477417
370 -8.850988388061523
371 -6.946059226989746
372 -6.384607315063477
373 -6.450446605682373
374 -6.374657154083252
375 -7.240002632141113
376 -6.676979064941406
377 -8.966191291809082
378 -6.197454929351807
379 -6.5882344245910645
380 -8.500981330871582
381 -6.807586193084717
382 -7.7065019607543945
383 -9.064090728759766
384 -6.150241851806641
385 -7.1633148193359375
386 -6.747329235076904
387 -7.2884087562561035
388 -6.883305549621582
389 -8.61458683013916
390 -6.373946666717529
391 -5.569056987762451
392 -8.764415740966797
393 -7.895484924316406
394 -6.206282615661621
395 -6.5855937004089355
396 -9.064090728759766
397 -6.649472236633301
398 -6.325877666473389
399 -7.187782287597656
400 -6.884929180145264
401 -6.612801551818848
402 -6.304356098175049
403 -6.897812843322754
404 -6.5760297775268555
405 -6.68867301940918
406 -7.569353103637695
407 -6.2541985511779785
408 -6.566242218017578
409 -6.328546524047852
410 -7.1791791915893555
411 -9.06408977508545
412 -6.487174987792969
413 -9.06408977508545
414 -6.291340351104736
415 -6.0042219161987305
416 -5.914485931396484
417 -7.987233638763428
418 -6.758528709411621
419 -6.235060691833496
420 -7.199060440063477
421 -6.880364418029785
422 -6.941701889038086
423 -6.996525764465332
424 -6.340814113616943
425 -6.496976852416992
426 -7.378171443939209
427 -8.679556846618652
428 -8.707777976989746
429 -6.191934585571289
430 -8.554254531860352
431 -8.271303176879883
432 -5.87005615234375
433 -9.019014358520508
434 -6.3420233726501465
435 -6.219148635864258
436 -6.728476047515869
437 -7.5899481773376465
438 -8.699151992797852
439 -6.243836879730225
440 -6.544190406799316
441 -7.485170364379883
442 -6.854320049285889
443 -6.9417033195495605
444 -7.037370204925537
445 -6.230931282043457
446 -7.343479156494141
447 -8.48547077178955
448 -8.243176460266113
449 -6.481261253356934
450 -7.863065242767334
451 -6.503794193267822
452 -6.464860916137695
453 -6.575413703918457
454 -7.1015625
455 -6.519961833953857
456 -6.437427520751953
457 -6.571245193481445
458 -6.672494888305664
459 -8.625828742980957
460 -5.989858627319336
461 -7.138181686401367
462 -6.508093357086182
463 -7.265944480895996
464 -8.352513313293457
465 -6.841355800628662
466 -7.403537273406982
467 -6.851569175720215
468 -7.400764465332031
469 -7.8495354652404785
470 -6.259949684143066
471 -8.770018577575684
472 -6.008694648742676
473 -6.827090263366699
474 -9.052311897277832
475 -6.091751575469971
476 -7.554885387420654
477 -6.203171253204346
478 -6.154483795166016
479 -6.078990459442139
480 -8.9483060836792
481 -7.971841812133789
482 -7.812427043914795
483 -6.2076311111450195
484 -7.4990010261535645
485 -6.561877727508545
486 -6.149970531463623
487 -6.7017107009887695
488 -7.004097938537598
489 -6.031261920928955
490 -6.91074800491333
491 -9.064090728759766
492 -7.198551654815674
493 -6.562020778656006
494 -8.830175399780273
495 -6.633856773376465
496 -6.814888000488281
497 -6.9553608894348145
498 -6.259535789489746
499 -7.03490686416626
500 -6.466833114624023
501 -6.228338241577148
502 -7.728384494781494
503 -6.465127944946289
504 -8.048116683959961
505 -6.67769718170166
506 -6.293661117553711
507 -6.4210710525512695
508 -8.919984817504883
509 -6.580990791320801
510 -7.880205154418945
511 -8.1412353515625
512 -9.064090728759766
513 -6.205360412597656
514 -8.349200248718262
515 -9.064090728759766
516 -6.873425483703613
517 -6.2174811363220215
518 -9.025096893310547
519 -8.83724308013916
520 -6.542222023010254
521 -7.561648845672607
522 -6.568569183349609
523 -6.652883052825928
524 -6.821993827819824
525 -5.939118385314941
526 -7.230307579040527
527 -6.855175971984863
528 -6.242415904998779
529 -6.960770606994629
530 -6.6346659660339355
531 -8.18468189239502
532 -6.9900922775268555
533 -6.4388885498046875
534 -6.736536026000977
535 -6.2097015380859375
536 -8.534738540649414
537 -6.338596343994141
538 -6.207424163818359
539 -6.262666702270508
540 -6.468138694763184
541 -6.454842567443848
542 -6.280087471008301
543 -6.5382981300354
544 -6.653952598571777
545 -7.113481044769287
546 -6.515740394592285
547 -6.802299499511719
548 -7.064173698425293
549 -6.353181838989258
550 -9.06408977508545
551 -7.131189823150635
552 -7.39373779296875
553 -6.266552925109863
554 -6.847479820251465
555 -6.5642876625061035
556 -9.064090728759766
557 -6.4026265144348145
558 -8.483641624450684
559 -6.395458221435547
560 -6.203437805175781
561 -6.317261695861816
562 -5.65517520904541
563 -6.081551551818848
564 -6.388141632080078
565 -6.156636714935303
566 -9.064090728759766
567 -6.230957984924316
568 -5.881302356719971
569 -6.121425628662109
570 -6.480363845825195
571 -7.633829593658447
572 -6.838377475738525
573 -9.036012649536133
574 -6.435342788696289
575 -6.279689788818359
576 -5.841329574584961
577 -7.644197940826416
578 -7.387500762939453
579 -6.275958061218262
580 -6.343323230743408
581 -5.880901336669922
582 -6.218254566192627
583 -6.222281455993652
584 -7.188530445098877
585 -6.961872577667236
586 -7.130585193634033
587 -6.179818153381348
588 -6.883482933044434
589 -7.390841960906982
590 -6.5043182373046875
591 -6.561186790466309
592 -6.931492805480957
593 -8.383261680603027
594 -6.704832077026367
595 -9.06408977508545
596 -6.371998310089111
597 -8.924568176269531
598 -6.592105865478516
599 -6.832277774810791
600 -8.46814250946045
601 -7.204622268676758
602 -6.740652561187744
603 -6.155481338500977
604 -5.998509407043457
605 -7.687496185302734
606 -6.187378406524658
607 -7.9300456047058105
608 -6.473082542419434
609 -7.31137228012085
610 -6.156636714935303
611 -5.858683109283447
612 -6.402681350708008
613 -6.682717323303223
614 -6.903442859649658
615 -6.124195098876953
616 -6.89923095703125
617 -6.101937294006348
618 -8.043699264526367
619 -5.927303314208984
620 -7.11668586730957
621 -8.661921501159668
622 -9.042153358459473
623 -6.366957187652588
624 -8.742413520812988
625 -6.052268981933594
626 -9.04199504852295
627 -8.044163703918457
628 -8.100918769836426
629 -7.242742538452148
630 -6.2972259521484375
631 -6.3053460121154785
632 -7.068226337432861
633 -6.523085594177246
634 -8.021899223327637
635 -6.63052225112915
636 -6.363048076629639
637 -9.064090728759766
638 -7.342557907104492
639 -6.3078484535217285
640 -6.258052825927734
641 -6.548859119415283
642 -7.356213569641113
643 -6.566404342651367
644 -7.296571731567383
645 -6.506504058837891
646 -6.613428115844727
647 -6.567678928375244
648 -6.307330131530762
649 -7.577359676361084
650 -6.505941867828369
651 -9.064090728759766
652 -7.544864654541016
653 -6.467331409454346
654 -7.032724857330322
655 -8.035977363586426
656 -7.124232769012451
657 -6.323413372039795
658 -6.586239814758301
659 -6.856360912322998
660 -8.85985279083252
661 -5.8911452293396
662 -9.064090728759766
663 -7.6129045486450195
664 -7.80961799621582
665 -6.4536356925964355
666 -6.9028849601745605
667 -6.80320930480957
668 -7.180423259735107
669 -7.082642555236816
670 -8.33205509185791
671 -6.523447513580322
672 -6.587891578674316
673 -8.794682502746582
674 -6.463675498962402
675 -6.451164722442627
676 -6.17241907119751
677 -6.712862014770508
678 -9.06408977508545
679 -6.096013069152832
680 -7.076681137084961
681 -6.913665294647217
682 -6.255823135375977
683 -6.430037498474121
684 -5.907867908477783
685 -6.470212459564209
686 -6.178234577178955
687 -5.903097152709961
688 -6.3498663902282715
689 -8.781384468078613
690 -6.366027355194092
691 -8.276579856872559
692 -7.019891738891602
693 -7.301370620727539
694 -8.348243713378906
695 -6.716856002807617
696 -6.700819969177246
697 -6.164950847625732
698 -6.225699424743652
699 -6.666685581207275
700 -8.633247375488281
701 -6.752412796020508
702 -6.020398139953613
703 -7.002191543579102
704 -6.424766540527344
705 -6.517040252685547
706 -6.7706298828125
707 -6.218072891235352
708 -6.409183502197266
709 -6.825779914855957
710 -8.085416793823242
711 -6.710372447967529
712 -6.142149925231934
713 -6.412585735321045
714 -6.687952995300293
715 -7.012228965759277
716 -6.103718280792236
717 -7.113979816436768
718 -6.732517242431641
719 -7.828764915466309
720 -8.558488845825195
721 -9.064090728759766
722 -6.346700668334961
723 -8.999366760253906
724 -8.987066268920898
725 -6.746419906616211
726 -6.568310737609863
727 -6.412041664123535
728 -6.3079833984375
729 -6.5715718269348145
730 -7.51939582824707
731 -6.091350555419922
732 -7.530478000640869
733 -7.003757953643799
734 -6.995849609375
735 -6.317930221557617
736 -6.8131561279296875
737 -6.755242347717285
738 -8.762388229370117
739 -6.05012321472168
740 -6.393955230712891
741 -6.6297197341918945
742 -6.011921405792236
743 -9.064090728759766
744 -5.94097900390625
745 -6.383213043212891
746 -6.141280174255371
747 -7.3951568603515625
748 -6.945866107940674
749 -7.08121395111084
750 -6.4357452392578125
751 -6.956577777862549
752 -6.427738666534424
753 -6.603541374206543
754 -7.049205780029297
755 -6.648095607757568
756 -6.327449321746826
757 -6.44179630279541
758 -6.763226509094238
759 -7.583705902099609
760 -6.321314334869385
761 -8.994074821472168
762 -6.2374067306518555
763 -7.0032806396484375
764 -9.064090728759766
765 -6.454589366912842
766 -6.336216449737549
767 -7.407533168792725
768 -7.112237930297852
769 -7.229668140411377
770 -7.334314346313477
771 -8.05868148803711
772 -6.577021598815918
773 -6.42326021194458
774 -6.237978935241699
775 -6.498442649841309
776 -7.5713582038879395
777 -8.73366928100586
778 -8.037872314453125
779 -6.607152938842773
780 -7.588201522827148
781 -5.909109592437744
782 -6.755914688110352
783 -7.489070415496826
784 -6.2369890213012695
785 -6.606235504150391
786 -8.082314491271973
787 -7.423610687255859
788 -7.281581401824951
789 -7.003060340881348
790 -7.052935600280762
791 -6.531317710876465
792 -6.365406036376953
793 -9.019449234008789
794 -5.97996711730957
795 -6.454302787780762
796 -8.314895629882812
797 -7.014888763427734
798 -6.083415508270264
799 -6.9895853996276855
800 -6.833632469177246
801 -7.141226768493652
802 -7.507018089294434
803 -5.97559928894043
804 -6.578881740570068
805 -6.650108337402344
806 -6.640361785888672
807 -6.079785346984863
808 -7.117453575134277
809 -6.733109474182129
810 -6.347449779510498
811 -6.467596054077148
812 -7.131190776824951
813 -8.768391609191895
814 -7.2195143699646
815 -9.064091682434082
816 -7.992274761199951
817 -7.137877941131592
818 -6.369009017944336
819 -8.513222694396973
820 -6.667266845703125
821 -6.422769069671631
822 -6.568944931030273
823 -9.026639938354492
824 -6.191441059112549
825 -6.182317733764648
826 -8.19360637664795
827 -9.064090728759766
828 -6.564075469970703
829 -8.177556037902832
830 -6.422421932220459
831 -6.41924524307251
832 -8.993728637695312
833 -5.988847732543945
834 -6.0958356857299805
835 -6.130776405334473
836 -6.220354080200195
837 -6.311959743499756
838 -6.393482208251953
839 -8.589887619018555
840 -6.004310607910156
841 -6.471078872680664
842 -6.092885971069336
843 -8.538370132446289
844 -8.571282386779785
845 -7.006237506866455
846 -7.379087448120117
847 -6.188598155975342
848 -8.947357177734375
849 -6.584489345550537
850 -6.167605400085449
851 -6.373002529144287
852 -7.294062614440918
853 -6.442777156829834
854 -6.517578125
855 -6.257105827331543
856 -8.990732192993164
857 -6.773647308349609
858 -7.472189426422119
859 -7.482468605041504
860 -7.415282726287842
861 -7.519398212432861
862 -6.509631156921387
863 -6.128326892852783
864 -8.381426811218262
865 -7.745222091674805
866 -6.50825309753418
867 -6.271975040435791
868 -6.675223350524902
869 -8.35735034942627
870 -6.952415466308594
871 -6.362668037414551
872 -7.083491802215576
873 -6.559112548828125
874 -9.00941276550293
875 -6.227663516998291
876 -6.799464702606201
877 -6.340698719024658
878 -8.49191665649414
879 -7.589040756225586
880 -8.362212181091309
881 -7.81629753112793
882 -7.241360664367676
883 -6.505236625671387
884 -8.043132781982422
885 -7.893266677856445
886 -6.304232597351074
887 -6.163664817810059
888 -6.245853900909424
889 -7.500920295715332
890 -6.4789533615112305
891 -6.268653869628906
892 -6.499051570892334
893 -7.427971839904785
894 -6.512113094329834
895 -6.415494441986084
896 -5.8495659828186035
897 -8.552468299865723
898 -8.885522842407227
899 -8.977148056030273
900 -6.422666549682617
901 -6.136281967163086
902 -6.003561019897461
903 -9.06408977508545
904 -6.002387046813965
905 -6.349510192871094
906 -8.550752639770508
907 -7.2943115234375
908 -8.493734359741211
909 -9.026418685913086
910 -8.690462112426758
911 -6.07405948638916
912 -6.778234481811523
913 -6.265465259552002
914 -6.708985328674316
915 -6.5107293128967285
916 -7.068282604217529
917 -7.380550861358643
918 -8.035945892333984
919 -6.76016902923584
920 -6.37807035446167
921 -8.245217323303223
922 -8.458012580871582
923 -7.293396472930908
924 -6.358774662017822
925 -8.38333511352539
926 -8.53520679473877
927 -6.436409950256348
928 -8.025429725646973
929 -6.31522274017334
930 -6.932392120361328
931 -8.653160095214844
932 -6.793210029602051
933 -6.791897773742676
934 -8.68903923034668
935 -9.002434730529785
936 -8.427572250366211
937 -7.639793872833252
938 -7.06053352355957
939 -7.758428573608398
940 -7.277815818786621
941 -6.049788475036621
942 -6.456302642822266
943 -7.144407272338867
944 -6.6166229248046875
945 -6.580020904541016
946 -8.025552749633789
947 -6.2323150634765625
948 -7.1945481300354
949 -6.4632439613342285
950 -6.545194625854492
951 -7.000401020050049
952 -6.093194961547852
953 -8.814905166625977
954 -7.894397258758545
955 -6.295232772827148
956 -6.995588302612305
957 -6.102936744689941
958 -6.3751654624938965
959 -6.551234722137451
960 -9.042593002319336
961 -6.264978408813477
962 -7.23038387298584
963 -6.115694999694824
964 -6.253742694854736
965 -6.273245811462402
966 -6.429582595825195
967 -6.372886657714844
968 -6.357323169708252
969 -6.33067512512207
970 -6.68607759475708
971 -6.715655326843262
972 -6.447669982910156
973 -7.570736885070801
974 -6.1403608322143555
975 -7.080887794494629
976 -5.9525580406188965
977 -6.409643173217773
978 -7.113033771514893
979 -6.38204288482666
980 -6.44147253036499
981 -6.411714553833008
982 -6.783104419708252
983 -6.853704452514648
984 -5.787711143493652
985 -6.348330497741699
986 -8.379643440246582
987 -8.010634422302246
988 -7.373673915863037
989 -6.221347808837891
990 -6.531652450561523
991 -6.386237621307373
992 -7.694062232971191
993 -7.00678825378418
994 -8.63636302947998
995 -7.980556488037109
996 -7.110374450683594
997 -6.816275596618652
998 -6.381783485412598
999 -8.370849609375
