0 -5.811619758605957
1 -5.152325630187988
2 -5.360934734344482
3 -5.410769462585449
4 -5.110412120819092
5 -6.886322975158691
6 -6.87116003036499
7 -6.739444732666016
8 -7.045856952667236
9 -6.288105487823486
10 -7.672432899475098
11 -6.594297885894775
12 -7.059545040130615
13 -8.620774269104004
14 -6.777400970458984
15 -6.6700334548950195
16 -6.853590965270996
17 -7.0265092849731445
18 -6.288374900817871
19 -8.654707908630371
20 -7.1338582038879395
21 -7.070997714996338
22 -7.104759693145752
23 -6.040596008300781
24 -7.4920244216918945
25 -6.860444068908691
26 -6.371517181396484
27 -7.51657772064209
28 -6.034095764160156
29 -6.928396224975586
30 -7.558892726898193
31 -6.475861072540283
32 -6.829995155334473
33 -6.853348731994629
34 -6.694077491760254
35 -5.990669250488281
36 -6.475811004638672
37 -6.214720726013184
38 -6.47905969619751
39 -6.6355743408203125
40 -8.155692100524902
41 -7.271368980407715
42 -8.988179206848145
43 -7.52970027923584
44 -7.400301933288574
45 -6.876712799072266
46 -6.5939836502075195
47 -7.997991561889648
48 -6.588557720184326
49 -6.242360591888428
50 -6.269595623016357
51 -6.215930461883545
52 -6.047247409820557
53 -9.025177001953125
54 -5.918453216552734
55 -7.189019203186035
56 -6.833183765411377
57 -7.052859306335449
58 -6.439099311828613
59 -7.321491718292236
60 -6.03299617767334
61 -7.321028232574463
62 -6.263272762298584
63 -6.676748275756836
64 -6.511821746826172
65 -6.733001708984375
66 -5.9503493309021
67 -8.128364562988281
68 -8.942187309265137
69 -7.197988033294678
70 -6.524631500244141
71 -9.003033638000488
72 -5.915572166442871
73 -6.329354286193848
74 -7.187972545623779
75 -6.630034446716309
76 -6.735248565673828
77 -7.664531707763672
78 -9.064090728759766
79 -5.889549255371094
80 -6.723945617675781
81 -6.248877048492432
82 -6.29233455657959
83 -6.583418846130371
84 -8.557600975036621
85 -7.472225189208984
86 -6.211941719055176
87 -6.257787227630615
88 -5.742242813110352
89 -5.838042736053467
90 -8.87762451171875
91 -5.994236469268799
92 -6.752657413482666
93 -6.362893104553223
94 -6.670034408569336
95 -6.567892074584961
96 -6.397993087768555
97 -8.217460632324219
98 -6.0359086990356445
99 -6.135645866394043
100 -6.053041458129883
101 -6.360570430755615
102 -6.544947147369385
103 -6.5543646812438965
104 -6.8876237869262695
105 -6.247982978820801
106 -6.217073440551758
107 -7.013270378112793
108 -6.159461975097656
109 -6.231399059295654
110 -6.30800724029541
111 -6.546500205993652
112 -6.496455669403076
113 -7.557910919189453
114 -8.19134521484375
115 -7.6197357177734375
116 -6.797116756439209
117 -6.4681549072265625
118 -6.876218318939209
119 -6.3202409744262695
120 -7.0167460441589355
121 -6.340925693511963
122 -6.366598606109619
123 -6.116724967956543
124 -6.7569169998168945
125 -6.694826126098633
126 -8.463382720947266
127 -6.986822605133057
128 -8.943671226501465
129 -7.708804607391357
130 -6.123211860656738
131 -6.360864639282227
132 -7.381370544433594
133 -6.624421119689941
134 -7.634642601013184
135 -6.4380598068237305
136 -6.43787956237793
137 -6.489680290222168
138 -6.217421531677246
139 -6.895797252655029
140 -6.819803237915039
141 -6.374245643615723
142 -6.756694316864014
143 -7.033852577209473
144 -6.783677101135254
145 -6.243611812591553
146 -5.918547630310059
147 -6.969552993774414
148 -6.968198776245117
149 -5.986391067504883
150 -6.626134395599365
151 -6.832906723022461
152 -6.249295234680176
153 -6.746542453765869
154 -7.067696571350098
155 -6.544824600219727
156 -7.841429710388184
157 -6.506549835205078
158 -6.529339790344238
159 -6.4754743576049805
160 -7.538181304931641
161 -7.507219314575195
162 -6.0841755867004395
163 -7.379548072814941
164 -7.116303443908691
165 -6.67883825302124
166 -6.375913143157959
167 -6.413243293762207
168 -9.064090728759766
169 -6.524319171905518
170 -6.476690292358398
171 -5.717770576477051
172 -8.954436302185059
173 -6.526665210723877
174 -6.84116268157959
175 -6.075284004211426
176 -6.403993606567383
177 -6.568094253540039
178 -8.154582977294922
179 -7.157983303070068
180 -6.499759674072266
181 -6.524277210235596
182 -7.03369665145874
183 -7.254378318786621
184 -6.297247886657715
185 -6.061046600341797
186 -6.197591304779053
187 -6.324169158935547
188 -9.064090728759766
189 -6.665834426879883
190 -6.54707670211792
191 -6.5272111892700195
192 -6.4522624015808105
193 -6.591701507568359
194 -6.349976539611816
195 -9.064090728759766
196 -6.248500823974609
197 -6.7013773918151855
198 -6.567231178283691
199 -6.476141452789307
200 -6.905167579650879
201 -6.544825553894043
202 -6.433359622955322
203 -6.478078842163086
204 -8.43748664855957
205 -8.119372367858887
206 -6.939266681671143
207 -7.827513694763184
208 -7.510963439941406
209 -9.064090728759766
210 -7.410974025726318
211 -6.322690010070801
212 -7.53888463973999
213 -8.9788236618042
214 -7.744117259979248
215 -6.280919551849365
216 -8.296154022216797
217 -6.538837432861328
218 -6.290323257446289
219 -6.740265846252441
220 -7.138749599456787
221 -6.18651819229126
222 -8.464888572692871
223 -9.06408977508545
224 -6.883829116821289
225 -7.741102695465088
226 -6.572790145874023
227 -6.321868896484375
228 -7.407183647155762
229 -6.722475051879883
230 -6.789345741271973
231 -6.528244972229004
232 -8.791088104248047
233 -6.005411624908447
234 -6.879057884216309
235 -8.596384048461914
236 -6.183002471923828
237 -7.405083656311035
238 -6.681904315948486
239 -7.080623626708984
240 -7.415112018585205
241 -6.682065963745117
242 -6.908227920532227
243 -6.52345085144043
244 -6.721325397491455
245 -8.11937141418457
246 -6.677568435668945
247 -7.158371925354004
248 -7.492222785949707
249 -9.06408977508545
250 -6.921596527099609
251 -7.090056896209717
252 -6.40507173538208
253 -6.91512393951416
254 -6.732824325561523
255 -7.177901268005371
256 -7.913372039794922
257 -6.699721336364746
258 -8.748567581176758
259 -6.067813873291016
260 -8.560807228088379
261 -6.440362453460693
262 -7.458596706390381
263 -6.134695053100586
264 -7.699438095092773
265 -8.57757568359375
266 -6.428837776184082
267 -6.444106101989746
268 -6.114355564117432
269 -6.330207347869873
270 -6.413448810577393
271 -7.091646194458008
272 -7.062116622924805
273 -6.6266069412231445
274 -8.120872497558594
275 -9.064090728759766
276 -7.136834621429443
277 -6.036862373352051
278 -8.779644012451172
279 -6.534252166748047
280 -8.435286521911621
281 -6.725584030151367
282 -7.467190742492676
283 -6.474486827850342
284 -6.48374605178833
285 -6.324950218200684
286 -5.8840837478637695
287 -9.043078422546387
288 -7.422589302062988
289 -6.270668983459473
290 -6.909360885620117
291 -7.5275092124938965
292 -6.577114582061768
293 -9.050313949584961
294 -8.324970245361328
295 -7.26389741897583
296 -6.152048110961914
297 -6.513226509094238
298 -6.63225793838501
299 -6.350584030151367
300 -6.9736762046813965
301 -7.896188735961914
302 -6.492141246795654
303 -6.08807373046875
304 -6.356177806854248
305 -6.678053379058838
306 -7.419742107391357
307 -7.407278537750244
308 -6.588203430175781
309 -6.10990047454834
310 -6.185486793518066
311 -7.304117679595947
312 -6.861100196838379
313 -6.84101676940918
314 -6.394133567810059
315 -6.521327972412109
316 -8.396763801574707
317 -6.3523101806640625
318 -7.132588863372803
319 -6.814173698425293
320 -6.214251518249512
321 -6.444619655609131
322 -9.031661987304688
323 -8.584648132324219
324 -8.669147491455078
325 -6.8781328201293945
326 -9.064090728759766
327 -7.803637504577637
328 -7.175654411315918
329 -7.5114240646362305
330 -6.465529441833496
331 -6.333273887634277
332 -9.064090728759766
333 -8.52052116394043
334 -6.82344913482666
335 -6.35694694519043
336 -6.366122245788574
337 -8.618606567382812
338 -6.423274993896484
339 -6.851351737976074
340 -6.878212928771973
341 -7.384738445281982
342 -7.355003356933594
343 -8.561166763305664
344 -6.740963459014893
345 -6.253741264343262
346 -6.4293341636657715
347 -6.528722763061523
348 -8.783761024475098
349 -6.7275071144104
350 -6.103453636169434
351 -8.97657585144043
352 -6.657954216003418
353 -6.887584209442139
354 -6.314754486083984
355 -6.879070281982422
356 -6.960028648376465
357 -7.01519250869751
358 -6.18040132522583
359 -7.940030574798584
360 -6.901365280151367
361 -6.566301345825195
362 -6.480779647827148
363 -6.90334939956665
364 -7.6031975746154785
365 -7.339148044586182
366 -8.112194061279297
367 -7.00291109085083
368 -6.797140121459961
369 -9.064090728759766
370 -6.594949245452881
371 -7.316742897033691
372 -8.548664093017578
373 -6.821969509124756
374 -6.783438205718994
375 -7.450517654418945
376 -6.526167869567871
377 -6.4947099685668945
378 -9.064090728759766
379 -6.875370025634766
380 -7.477871894836426
381 -6.521533012390137
382 -6.178309440612793
383 -7.103394508361816
384 -6.687951564788818
385 -6.921137809753418
386 -6.754615783691406
387 -8.639641761779785
388 -6.555016994476318
389 -6.362740993499756
390 -6.662823677062988
391 -8.171805381774902
392 -6.327569961547852
393 -7.0745625495910645
394 -6.758153438568115
395 -8.687419891357422
396 -8.853265762329102
397 -6.605865478515625
398 -6.318538188934326
399 -6.87603235244751
400 -6.42922306060791
401 -6.1293768882751465
402 -6.920019149780273
403 -6.101873397827148
404 -6.700829029083252
405 -6.956759929656982
406 -6.84307336807251
407 -6.429947853088379
408 -8.523543357849121
409 -6.127557277679443
410 -7.8468427658081055
411 -7.492975234985352
412 -8.661552429199219
413 -8.7275390625
414 -6.370365619659424
415 -6.360586166381836
416 -6.754736423492432
417 -6.632584571838379
418 -8.017342567443848
419 -6.625263690948486
420 -6.167855262756348
421 -9.014689445495605
422 -7.130584716796875
423 -6.100869655609131
424 -7.213417053222656
425 -6.879440784454346
426 -7.159746170043945
427 -7.107206344604492
428 -8.602985382080078
429 -6.7818708419799805
430 -8.912935256958008
431 -6.594329833984375
432 -6.48947286605835
433 -5.984858512878418
434 -6.485191822052002
435 -7.840516090393066
436 -6.1363301277160645
437 -8.546880722045898
438 -6.6287760734558105
439 -6.847358703613281
440 -8.961688995361328
441 -6.4749274253845215
442 -6.2918782234191895
443 -7.692221641540527
444 -6.383475303649902
445 -6.636153221130371
446 -7.447174072265625
447 -5.970541000366211
448 -6.539873123168945
449 -6.241508483886719
450 -6.454446792602539
451 -6.998791694641113
452 -6.119112968444824
453 -6.403278350830078
454 -6.798726558685303
455 -6.988163471221924
456 -6.50390625
457 -6.248622894287109
458 -6.242143630981445
459 -8.49504566192627
460 -6.638895034790039
461 -6.751238822937012
462 -7.436620712280273
463 -6.447105407714844
464 -7.867429256439209
465 -5.998528003692627
466 -8.350305557250977
467 -6.536219120025635
468 -6.10584831237793
469 -6.6446332931518555
470 -7.007772922515869
471 -7.557036399841309
472 -7.3010478019714355
473 -7.477187633514404
474 -7.065421104431152
475 -7.275032997131348
476 -7.130584239959717
477 -6.236317157745361
478 -7.1453447341918945
479 -6.580015182495117
480 -6.912971496582031
481 -6.764313697814941
482 -7.207291603088379
483 -6.475974082946777
484 -6.319944381713867
485 -7.596790313720703
486 -6.140768051147461
487 -7.933551788330078
488 -9.06408977508545
489 -6.809945583343506
490 -7.5726165771484375
491 -6.207012176513672
492 -8.469003677368164
493 -7.543330669403076
494 -6.687251091003418
495 -6.76890230178833
496 -6.758552551269531
497 -7.64920711517334
498 -6.622766494750977
499 -6.352800369262695
500 -7.013835430145264
501 -8.151750564575195
502 -8.71304988861084
503 -8.547332763671875
504 -6.709930896759033
505 -6.542987823486328
506 -8.923994064331055
507 -6.407598495483398
508 -6.497815132141113
509 -8.702192306518555
510 -8.29229736328125
511 -6.651521682739258
512 -6.473724365234375
513 -6.501060485839844
514 -6.55653715133667
515 -6.911227226257324
516 -6.285749435424805
517 -8.684439659118652
518 -6.439335823059082
519 -7.256731033325195
520 -6.466078758239746
521 -6.821996688842773
522 -6.298330783843994
523 -7.603076457977295
524 -7.26057243347168
525 -6.229755401611328
526 -6.126411437988281
527 -7.155063152313232
528 -6.9417033195495605
529 -6.6407246589660645
530 -6.949038982391357
531 -6.031429767608643
532 -5.859574317932129
533 -8.024881362915039
534 -7.21409797668457
535 -6.24044132232666
536 -6.345987796783447
537 -6.21541166305542
538 -6.388253688812256
539 -6.572789669036865
540 -9.064090728759766
541 -7.081340789794922
542 -8.027857780456543
543 -6.638006210327148
544 -6.3505706787109375
545 -6.516110897064209
546 -6.318031311035156
547 -6.750043869018555
548 -9.027220726013184
549 -8.271781921386719
550 -6.752288818359375
551 -8.050298690795898
552 -7.919672012329102
553 -8.699495315551758
554 -6.3942365646362305
555 -6.8933610916137695
556 -7.027263641357422
557 -6.52011251449585
558 -5.902576923370361
559 -6.744936466217041
560 -6.317752361297607
561 -5.938602447509766
562 -6.108196258544922
563 -7.481090545654297
564 -8.56537914276123
565 -9.064090728759766
566 -9.06408977508545
567 -6.082147598266602
568 -6.370859146118164
569 -6.44112491607666
570 -7.2220354080200195
571 -8.510186195373535
572 -8.079526901245117
573 -6.750798225402832
574 -6.2337727546691895
575 -6.29701042175293
576 -9.064090728759766
577 -5.947724342346191
578 -6.122581481933594
579 -6.747785568237305
580 -6.369359493255615
581 -6.650704383850098
582 -7.520351409912109
583 -6.411057472229004
584 -6.667224884033203
585 -6.685930252075195
586 -8.883121490478516
587 -6.131755828857422
588 -6.193506240844727
589 -7.554416179656982
590 -7.5193963050842285
591 -6.322903633117676
592 -6.341877460479736
593 -7.710881233215332
594 -6.690770626068115
595 -7.034012794494629
596 -6.554203510284424
597 -6.721381664276123
598 -6.543506622314453
599 -6.508112907409668
600 -7.569687366485596
601 -5.731651306152344
602 -6.920958518981934
603 -6.929083824157715
604 -6.866075038909912
605 -7.30186128616333
606 -6.472923278808594
607 -6.89655876159668
608 -9.064090728759766
609 -6.737032413482666
610 -7.027914524078369
611 -7.212563991546631
612 -6.729408264160156
613 -6.618874549865723
614 -6.235503673553467
615 -5.964488983154297
616 -9.008389472961426
617 -6.752562522888184
618 -6.811736106872559
619 -7.908951759338379
620 -8.207195281982422
621 -6.534629821777344
622 -7.6804327964782715
623 -6.360785484313965
624 -6.360869407653809
625 -8.41429615020752
626 -6.608363628387451
627 -6.73885440826416
628 -8.737775802612305
629 -8.6079740524292
630 -5.963908672332764
631 -6.649261474609375
632 -6.636404037475586
633 -6.421631813049316
634 -6.737747669219971
635 -7.951550006866455
636 -6.335310935974121
637 -6.247397422790527
638 -6.674158096313477
639 -6.394516944885254
640 -6.5153608322143555
641 -6.167808532714844
642 -5.894124984741211
643 -6.605020523071289
644 -6.12733268737793
645 -7.076504230499268
646 -7.332207202911377
647 -5.87965202331543
648 -5.888338565826416
649 -6.405109882354736
650 -6.6015167236328125
651 -6.053492069244385
652 -6.5819292068481445
653 -7.152747631072998
654 -5.983963966369629
655 -7.368233680725098
656 -7.287988185882568
657 -8.801087379455566
658 -7.393862247467041
659 -6.235114097595215
660 -6.821751594543457
661 -6.641793727874756
662 -6.445534706115723
663 -6.547605514526367
664 -8.199713706970215
665 -6.089939594268799
666 -7.090906143188477
667 -6.427490711212158
668 -6.900406837463379
669 -6.374194145202637
670 -5.664519309997559
671 -6.9412384033203125
672 -8.11937141418457
673 -9.064090728759766
674 -6.965612888336182
675 -6.603301525115967
676 -6.426581382751465
677 -6.410422325134277
678 -7.504256725311279
679 -7.999371528625488
680 -8.912325859069824
681 -6.771061420440674
682 -6.31337833404541
683 -6.735379695892334
684 -6.428606986999512
685 -9.064090728759766
686 -9.064090728759766
687 -8.322120666503906
688 -7.160336494445801
689 -6.195579528808594
690 -6.02989387512207
691 -6.879467010498047
692 -8.119372367858887
693 -6.296702861785889
694 -7.8036370277404785
695 -7.521149635314941
696 -6.584372043609619
697 -9.064090728759766
698 -6.706196308135986
699 -7.297105312347412
700 -6.248403072357178
701 -7.381983757019043
702 -6.5488128662109375
703 -6.211817264556885
704 -6.211634635925293
705 -5.986200332641602
706 -6.582179069519043
707 -8.984378814697266
708 -9.064090728759766
709 -6.229189395904541
710 -6.584956645965576
711 -6.794556617736816
712 -6.23911190032959
713 -6.150382041931152
714 -6.410286903381348
715 -6.482972621917725
716 -7.045886039733887
717 -8.711770057678223
718 -6.676584720611572
719 -6.629927635192871
720 -6.227444648742676
721 -9.064090728759766
722 -9.064090728759766
723 -7.5322442054748535
724 -7.263796806335449
725 -6.3525896072387695
726 -8.1503324508667
727 -6.807811737060547
728 -7.519397735595703
729 -7.452216148376465
730 -6.506620407104492
731 -9.064090728759766
732 -6.1194963455200195
733 -8.632514953613281
734 -6.684601306915283
735 -6.759472846984863
736 -6.264513969421387
737 -9.064090728759766
738 -7.318751335144043
739 -7.602576732635498
740 -8.28789234161377
741 -7.375994682312012
742 -6.246310234069824
743 -6.699493885040283
744 -6.560914039611816
745 -6.538702964782715
746 -7.605023384094238
747 -9.064090728759766
748 -7.492162227630615
749 -9.064090728759766
750 -7.111207008361816
751 -7.543986797332764
752 -6.448858261108398
753 -6.404321670532227
754 -6.5770721435546875
755 -8.893089294433594
756 -6.211533546447754
757 -7.038008689880371
758 -6.701766014099121
759 -9.050517082214355
760 -6.50522518157959
761 -6.351149559020996
762 -6.661478042602539
763 -7.49731969833374
764 -6.1580071449279785
765 -6.592131614685059
766 -8.545919418334961
767 -9.064090728759766
768 -6.3108720779418945
769 -6.405527114868164
770 -7.9134721755981445
771 -6.256266117095947
772 -8.070516586303711
773 -7.574087142944336
774 -5.872250080108643
775 -5.988089561462402
776 -7.730027198791504
777 -6.741541862487793
778 -8.752629280090332
779 -6.4775166511535645
780 -6.992854118347168
781 -6.900454044342041
782 -6.696842193603516
783 -8.146064758300781
784 -6.388381004333496
785 -6.880640029907227
786 -6.575007915496826
787 -9.00574016571045
788 -6.586732864379883
789 -8.913745880126953
790 -7.054211616516113
791 -8.762484550476074
792 -9.064090728759766
793 -6.2436628341674805
794 -7.680634498596191
795 -9.017327308654785
796 -8.756234169006348
797 -6.539167404174805
798 -7.019196510314941
799 -9.064090728759766
800 -6.269162654876709
801 -6.61068058013916
802 -6.0738372802734375
803 -7.51939582824707
804 -8.562850952148438
805 -6.330401420593262
806 -6.113987922668457
807 -8.315818786621094
808 -8.887977600097656
809 -6.438237190246582
810 -6.234650611877441
811 -6.88207483291626
812 -6.892941474914551
813 -8.993877410888672
814 -6.600093841552734
815 -8.962103843688965
816 -6.473052978515625
817 -8.055656433105469
818 -6.314169883728027
819 -6.539410591125488
820 -9.019781112670898
821 -6.969342231750488
822 -7.927796363830566
823 -7.375755310058594
824 -7.847895622253418
825 -8.472204208374023
826 -6.8924713134765625
827 -9.064090728759766
828 -6.759296417236328
829 -8.8942232131958
830 -8.596380233764648
831 -7.517267227172852
832 -5.866059303283691
833 -6.807437896728516
834 -5.823460102081299
835 -7.831739902496338
836 -8.5621976852417
837 -7.989998817443848
838 -6.402094841003418
839 -7.158013343811035
840 -6.321385860443115
841 -8.118743896484375
842 -6.253347396850586
843 -6.642223358154297
844 -6.485230922698975
845 -6.416209697723389
846 -6.588290214538574
847 -6.527777671813965
848 -7.352148532867432
849 -6.058547019958496
850 -6.461050987243652
851 -7.836112022399902
852 -5.932524681091309
853 -6.190505027770996
854 -6.996545314788818
855 -6.3818864822387695
856 -8.826175689697266
857 -7.767471790313721
858 -6.137979507446289
859 -6.50771427154541
860 -7.3135809898376465
861 -6.517468452453613
862 -6.787631988525391
863 -6.224049091339111
864 -6.141538619995117
865 -6.6686506271362305
866 -6.737671375274658
867 -8.629483222961426
868 -6.663498401641846
869 -6.649582386016846
870 -7.7138776779174805
871 -6.286401271820068
872 -6.324876308441162
873 -8.873957633972168
874 -6.181175708770752
875 -6.50508975982666
876 -6.160757064819336
877 -5.952059745788574
878 -5.966265678405762
879 -6.450721740722656
880 -7.677255630493164
881 -6.132940292358398
882 -6.641955852508545
883 -6.624471664428711
884 -6.844540596008301
885 -6.471034049987793
886 -6.442529201507568
887 -6.332562446594238
888 -7.713214874267578
889 -6.948840618133545
890 -6.382544040679932
891 -5.903160095214844
892 -8.772743225097656
893 -6.19633150100708
894 -8.939559936523438
895 -7.134902000427246
896 -7.998523235321045
897 -6.817469596862793
898 -7.458771705627441
899 -6.089535236358643
900 -7.550708770751953
901 -6.952075958251953
902 -7.3720622062683105
903 -8.219897270202637
904 -5.7332048416137695
905 -7.22292423248291
906 -5.7847819328308105
907 -6.536187648773193
908 -6.491009712219238
909 -6.297800064086914
910 -8.750143051147461
911 -9.060653686523438
912 -6.667782306671143
913 -6.614138603210449
914 -6.026910305023193
915 -6.200473785400391
916 -6.868730545043945
917 -6.926252365112305
918 -6.422164440155029
919 -8.096938133239746
920 -6.5484209060668945
921 -5.898164749145508
922 -7.412046909332275
923 -6.487689018249512
924 -8.489065170288086
925 -6.0517897605896
926 -8.728135108947754
927 -6.692254066467285
928 -7.544879913330078
929 -6.497302055358887
930 -6.041205883026123
931 -6.5797200202941895
932 -6.4856061935424805
933 -6.211605548858643
934 -7.247263431549072
935 -8.961129188537598
936 -6.967324733734131
937 -6.673892021179199
938 -7.770534038543701
939 -7.278880596160889
940 -9.064090728759766
941 -9.034432411193848
942 -6.357915878295898
943 -7.146591663360596
944 -8.467506408691406
945 -6.051684379577637
946 -5.993837833404541
947 -8.059491157531738
948 -6.1310224533081055
949 -6.316240310668945
950 -8.6836576461792
951 -9.064090728759766
952 -6.114076614379883
953 -6.534030914306641
954 -6.144524574279785
955 -6.994269371032715
956 -8.594856262207031
957 -9.06408977508545
958 -6.413632392883301
959 -6.2946929931640625
960 -6.446700572967529
961 -6.713222026824951
962 -6.45156192779541
963 -8.786073684692383
964 -8.801012992858887
965 -6.360342979431152
966 -7.563541889190674
967 -7.066380500793457
968 -6.3206915855407715
969 -7.627224922180176
970 -7.805044651031494
971 -6.955636024475098
972 -8.531194686889648
973 -7.089511394500732
974 -6.473416328430176
975 -8.730718612670898
976 -6.488912582397461
977 -6.818620681762695
978 -5.857116222381592
979 -7.085575103759766
980 -8.670377731323242
981 -8.447758674621582
982 -6.484215259552002
983 -6.5074872970581055
984 -6.549980640411377
985 -5.9495344161987305
986 -7.595309257507324
987 -6.239997386932373
988 -7.244793891906738
989 -6.511173248291016
990 -6.6296706199646
991 -6.282698631286621
992 -6.909158706665039
993 -7.2062883377075195
994 -8.060211181640625
995 -7.043322563171387
996 -6.780545234680176
997 -8.580435752868652
998 -8.720162391662598
999 -6.610857009887695
