0 -7.676815032958984
1 -8.113289833068848
2 -7.540963649749756
3 -7.77994966506958
4 -7.6125664710998535
5 -7.580501556396484
6 -7.7397565841674805
7 -7.8646559715271
8 -9.064064979553223
9 -7.83774471282959
10 -9.064087867736816
11 -7.90243673324585
12 -9.0640869140625
13 -7.7828593254089355
14 -9.064058303833008
15 -7.779987812042236
16 -9.064090728759766
17 -9.064041137695312
18 -7.602347373962402
19 -7.864798545837402
20 -9.064079284667969
21 -9.064075469970703
22 -9.064051628112793
23 -8.060053825378418
24 -9.064081192016602
25 -9.064088821411133
26 -9.06403923034668
27 -7.905377388000488
28 -9.06407356262207
29 -9.06404972076416
30 -7.802632808685303
31 -9.064087867736816
32 -9.064078330993652
33 -8.113290786743164
34 -9.064059257507324
35 -7.804862976074219
36 -9.064020156860352
37 -9.064077377319336
38 -7.5669474601745605
39 -9.064077377319336
40 -7.984239101409912
41 -7.567459583282471
42 -9.064087867736816
43 -9.064070701599121
44 -7.86479377746582
45 -9.064048767089844
46 -7.473805904388428
47 -7.636030197143555
48 -9.059808731079102
49 -7.903008460998535
50 -7.8048624992370605
51 -7.802632808685303
52 -9.064087867736816
53 -9.064081192016602
54 -7.798333644866943
55 -9.064056396484375
56 -9.064081192016602
57 -9.064080238342285
58 -9.064066886901855
59 -7.602303981781006
60 -9.064038276672363
61 -7.947161674499512
62 -7.905415058135986
63 -9.064071655273438
64 -9.064054489135742
65 -9.064082145690918
66 -9.06408405303955
67 -9.064077377319336
68 -9.064085006713867
69 -9.064064025878906
70 -7.500087738037109
71 -9.064090728759766
72 -7.461295127868652
73 -9.064081192016602
74 -7.798729419708252
75 -9.064080238342285
76 -9.064057350158691
77 -7.804870128631592
78 -7.6719770431518555
79 -9.064074516296387
80 -7.864802360534668
81 -9.064088821411133
82 -7.586932182312012
83 -7.80258321762085
84 -7.8713698387146
85 -9.064081192016602
86 -9.064055442810059
87 -8.06004810333252
88 -9.064050674438477
89 -7.804862022399902
90 -9.064068794250488
91 -7.384348392486572
92 -9.064038276672363
93 -9.064079284667969
94 -7.790444850921631
95 -9.06406021118164
96 -9.064081192016602
97 -9.064064025878906
98 -9.06406021118164
99 -7.738149642944336
100 -9.06406307220459
101 -8.059967994689941
102 -7.837906837463379
103 -9.064066886901855
104 -9.06406021118164
105 -9.064082145690918
106 -7.721976280212402
107 -7.796907901763916
108 -7.602467060089111
109 -9.06406021118164
110 -9.064061164855957
111 -7.79872465133667
112 -9.064077377319336
113 -9.064068794250488
114 -9.064032554626465
115 -9.06406307220459
116 -9.064082145690918
117 -7.837883949279785
118 -9.064090728759766
119 -9.064079284667969
120 -9.064085006713867
121 -9.064087867736816
122 -9.06407356262207
123 -7.779995441436768
124 -9.064056396484375
125 -9.064090728759766
126 -8.060035705566406
127 -9.06408977508545
128 -9.064056396484375
129 -7.61796236038208
130 -9.064085960388184
131 -7.798731327056885
132 -7.548064708709717
133 -9.064083099365234
134 -9.064083099365234
135 -9.064072608947754
136 -9.064075469970703
137 -8.060050010681152
138 -9.064085960388184
139 -9.064079284667969
140 -9.064078330993652
141 -9.064077377319336
142 -9.064075469970703
143 -9.064048767089844
144 -7.904638767242432
145 -7.509361743927002
146 -9.0640869140625
147 -9.064065933227539
148 -7.8379106521606445
149 -9.064064979553223
150 -8.098358154296875
151 -9.064047813415527
152 -9.064090728759766
153 -9.064082145690918
154 -9.064087867736816
155 -9.064064025878906
156 -9.064048767089844
157 -9.064070701599121
158 -9.06408405303955
159 -9.064059257507324
160 -8.060044288635254
161 -9.064080238342285
162 -9.064070701599121
163 -9.06407356262207
164 -9.064082145690918
165 -9.064041137695312
166 -7.864809036254883
167 -8.113287925720215
168 -9.064069747924805
169 -7.223200798034668
170 -9.064062118530273
171 -9.06407356262207
172 -7.671985626220703
173 -9.064056396484375
174 -9.064090728759766
175 -9.064085006713867
176 -9.064041137695312
177 -9.064087867736816
178 -7.643436908721924
179 -7.899088382720947
180 -7.676734447479248
181 -7.688283920288086
182 -9.0640869140625
183 -7.7219672203063965
184 -7.904558181762695
185 -9.06407642364502
186 -7.671999454498291
187 -9.064083099365234
188 -7.636023998260498
189 -7.4045634269714355
190 -8.060056686401367
191 -7.415095806121826
192 -8.06005859375
193 -9.064083099365234
194 -9.064069747924805
195 -7.837869167327881
196 -9.064080238342285
197 -8.113283157348633
198 -7.523224353790283
199 -7.714992523193359
200 -9.06406307220459
201 -7.779948711395264
202 -9.064067840576172
203 -9.064085960388184
204 -7.899064540863037
205 -7.903014183044434
206 -9.06408977508545
207 -7.532861232757568
208 -9.064077377319336
209 -9.064066886901855
210 -7.902249813079834
211 -9.064088821411133
212 -9.064066886901855
213 -7.837899684906006
214 -9.06407642364502
215 -9.064081192016602
216 -9.064081192016602
217 -9.064082145690918
218 -9.06389045715332
219 -9.06407642364502
220 -9.064071655273438
221 -9.064091682434082
222 -9.064062118530273
223 -9.064085006713867
224 -7.5754804611206055
225 -9.064083099365234
226 -7.499567031860352
227 -7.3364787101745605
228 -8.048266410827637
229 -9.064081192016602
230 -9.064065933227539
231 -9.064081192016602
232 -9.064074516296387
233 -9.064079284667969
234 -7.902985095977783
235 -7.837879180908203
236 -9.064047813415527
237 -9.06406021118164
238 -7.784642696380615
239 -9.063837051391602
240 -9.06408405303955
241 -9.064057350158691
242 -9.06406021118164
243 -7.5897955894470215
244 -9.06407356262207
245 -8.060047149658203
246 -7.459047317504883
247 -7.370077610015869
248 -9.064041137695312
249 -7.734170913696289
250 -7.843966960906982
251 -9.064067840576172
252 -9.064083099365234
253 -9.064085006713867
254 -7.5879645347595215
255 -9.064081192016602
256 -9.064083099365234
257 -9.064080238342285
258 -9.06408405303955
259 -9.064061164855957
260 -7.714989185333252
261 -9.064085006713867
262 -9.064085006713867
263 -9.064074516296387
264 -7.674589157104492
265 -7.9156622886657715
266 -9.064066886901855
267 -7.864776134490967
268 -9.064078330993652
269 -7.837869167327881
270 -9.0640869140625
271 -9.064080238342285
272 -9.064082145690918
273 -7.84429407119751
274 -9.064062118530273
275 -7.733900547027588
276 -9.06408405303955
277 -7.659700393676758
278 -9.064070701599121
279 -9.064088821411133
280 -7.864808082580566
281 -9.064081192016602
282 -9.06406021118164
283 -9.064075469970703
284 -9.064081192016602
285 -9.064070701599121
286 -9.064080238342285
287 -9.064079284667969
288 -9.064085006713867
289 -9.064081192016602
290 -7.439028739929199
291 -9.06408977508545
292 -7.915616035461426
293 -9.064072608947754
294 -7.8025689125061035
295 -9.064085960388184
296 -9.064082145690918
297 -7.904540061950684
298 -9.064068794250488
299 -9.064062118530273
300 -7.990784168243408
301 -9.06407356262207
302 -7.625943183898926
303 -9.06406307220459
304 -7.537883758544922
305 -7.621695518493652
306 -7.864789962768555
307 -9.06408405303955
308 -9.064080238342285
309 -7.715002536773682
310 -7.5843048095703125
311 -7.73967981338501
312 -7.58797025680542
313 -9.0640869140625
314 -9.064043045043945
315 -8.060052871704102
316 -7.753775596618652
317 -9.064090728759766
318 -9.064077377319336
319 -7.632506847381592
320 -9.064083099365234
321 -9.064090728759766
322 -7.676735877990723
323 -9.064067840576172
324 -9.064091682434082
325 -9.064085006713867
326 -9.064081192016602
327 -7.469005584716797
328 -9.064081192016602
329 -9.064077377319336
330 -9.064085006713867
331 -9.064081192016602
332 -9.064083099365234
333 -7.625231742858887
334 -9.064087867736816
335 -9.064067840576172
336 -9.0640869140625
337 -7.904969692230225
338 -9.064074516296387
339 -9.063983917236328
340 -9.064075469970703
341 -9.064083099365234
342 -9.064081192016602
343 -8.008015632629395
344 -9.064065933227539
345 -7.470622539520264
346 -9.064090728759766
347 -9.06404972076416
348 -7.73410177230835
349 -9.064059257507324
350 -9.064057350158691
351 -7.915658950805664
352 -9.064085960388184
353 -9.06407356262207
354 -9.06406021118164
355 -9.064085006713867
356 -7.391632556915283
357 -7.415097713470459
358 -9.064077377319336
359 -7.732498645782471
360 -9.064079284667969
361 -9.064030647277832
362 -7.565865516662598
363 -9.064029693603516
364 -9.064081192016602
365 -7.792638778686523
366 -9.064082145690918
367 -9.064034461975098
368 -7.6252336502075195
369 -7.566947937011719
370 -9.06403636932373
371 -7.796904563903809
372 -7.843842506408691
373 -9.064070701599121
374 -9.06408977508545
375 -9.064083099365234
376 -9.06404972076416
377 -9.06407642364502
378 -7.779975414276123
379 -7.572183609008789
380 -7.623424053192139
381 -9.064079284667969
382 -9.064064979553223
383 -9.064055442810059
384 -7.864792823791504
385 -7.73818826675415
386 -7.671976566314697
387 -9.064083099365234
388 -7.709352493286133
389 -8.060038566589355
390 -8.11329460144043
391 -9.064083099365234
392 -9.064090728759766
393 -9.064079284667969
394 -7.784071922302246
395 -9.064066886901855
396 -9.06405258178711
397 -9.06408405303955
398 -9.064064025878906
399 -9.064090728759766
400 -7.415096759796143
401 -9.064083099365234
402 -9.064088821411133
403 -7.710697650909424
404 -9.064079284667969
405 -9.064068794250488
406 -7.903655052185059
407 -9.06407642364502
408 -9.064075469970703
409 -7.606480121612549
410 -7.5790605545043945
411 -9.06406021118164
412 -9.064083099365234
413 -7.785131931304932
414 -9.064077377319336
415 -7.6768035888671875
416 -7.5638275146484375
417 -9.064069747924805
418 -7.856060028076172
419 -7.837735652923584
420 -7.734168529510498
421 -7.645273685455322
422 -9.064048767089844
423 -9.064075469970703
424 -9.064085006713867
425 -7.904632568359375
426 -9.064087867736816
427 -7.779995441436768
428 -8.060052871704102
429 -9.064082145690918
430 -8.057088851928711
431 -9.064079284667969
432 -8.060059547424316
433 -7.7799906730651855
434 -9.064074516296387
435 -9.064075469970703
436 -7.864796161651611
437 -8.113285064697266
438 -7.602413177490234
439 -7.804882049560547
440 -8.113288879394531
441 -9.064078330993652
442 -9.064072608947754
443 -9.064083099365234
444 -7.8647966384887695
445 -9.064055442810059
446 -9.064056396484375
447 -7.400766849517822
448 -9.064090728759766
449 -9.064080238342285
450 -9.064090728759766
451 -9.063996315002441
452 -7.780001640319824
453 -8.059686660766602
454 -7.733922004699707
455 -9.064048767089844
456 -9.064057350158691
457 -7.602299690246582
458 -9.06408977508545
459 -9.064047813415527
460 -9.064057350158691
461 -9.06407642364502
462 -9.064070701599121
463 -9.064078330993652
464 -9.064090728759766
465 -7.73410701751709
466 -9.064057350158691
467 -9.064077377319336
468 -9.064066886901855
469 -9.06407642364502
470 -9.06407356262207
471 -9.064068794250488
472 -7.673741340637207
473 -9.064081192016602
474 -7.630472183227539
475 -9.064072608947754
476 -7.343655586242676
477 -9.064085006713867
478 -9.06408405303955
479 -9.064080238342285
480 -7.710349082946777
481 -9.064080238342285
482 -9.06407356262207
483 -9.06406021118164
484 -9.064072608947754
485 -9.064082145690918
486 -8.060060501098633
487 -7.529031753540039
488 -9.064057350158691
489 -9.06406307220459
490 -9.064091682434082
491 -7.9054131507873535
492 -7.544905185699463
493 -9.06406021118164
494 -9.064090728759766
495 -9.064090728759766
496 -7.73917293548584
497 -9.064059257507324
498 -9.064088821411133
499 -9.06408977508545
500 -9.06408405303955
501 -9.064064025878906
502 -7.721981048583984
503 -9.064057350158691
504 -9.064082145690918
505 -9.064083099365234
506 -7.74807071685791
507 -9.06408977508545
508 -7.690721035003662
509 -9.063756942749023
510 -7.798737525939941
511 -7.621871471405029
512 -9.064083099365234
513 -9.064070701599121
514 -9.064047813415527
515 -9.064058303833008
516 -9.06408977508545
517 -7.637078285217285
518 -7.1795854568481445
519 -7.79854154586792
520 -9.064080238342285
521 -7.899104595184326
522 -9.064090728759766
523 -9.064083099365234
524 -9.064071655273438
525 -9.064081192016602
526 -7.383480072021484
527 -9.06403923034668
528 -9.064071655273438
529 -9.064061164855957
530 -9.064068794250488
531 -9.0640869140625
532 -9.064074516296387
533 -9.064079284667969
534 -7.56378698348999
535 -8.060042381286621
536 -7.645267009735107
537 -9.064082145690918
538 -9.064077377319336
539 -7.864809036254883
540 -9.06407356262207
541 -9.064090728759766
542 -7.905391693115234
543 -9.06403636932373
544 -9.064090728759766
545 -7.761700630187988
546 -9.064064025878906
547 -9.064071655273438
548 -7.606509685516357
549 -7.801506996154785
550 -7.553656101226807
551 -9.064075469970703
552 -7.514549732208252
553 -8.113299369812012
554 -9.064085006713867
555 -9.064085960388184
556 -7.544958591461182
557 -7.568802356719971
558 -8.113094329833984
559 -7.947205066680908
560 -7.588000774383545
561 -9.064059257507324
562 -9.064081192016602
563 -9.064081192016602
564 -7.780006408691406
565 -9.064059257507324
566 -9.064083099365234
567 -9.064085960388184
568 -7.613258361816406
569 -9.06406307220459
570 -7.804864883422852
571 -9.064080238342285
572 -7.8951191902160645
573 -9.0640287399292
574 -9.064085006713867
575 -8.112545013427734
576 -7.711952209472656
577 -7.796901702880859
578 -7.401739120483398
579 -7.528558254241943
580 -7.4825663566589355
581 -9.06408405303955
582 -7.643219947814941
583 -9.064075469970703
584 -9.064078330993652
585 -7.635467529296875
586 -9.064090728759766
587 -9.064075469970703
588 -9.064058303833008
589 -7.588005542755127
590 -9.064066886901855
591 -9.064075469970703
592 -9.064020156860352
593 -7.587998390197754
594 -9.064050674438477
595 -9.064083099365234
596 -9.064081192016602
597 -8.113296508789062
598 -7.481527328491211
599 -9.06408405303955
600 -7.587851047515869
601 -9.0640869140625
602 -9.064058303833008
603 -9.064083099365234
604 -7.837769985198975
605 -9.064080238342285
606 -7.646306991577148
607 -9.064072608947754
608 -9.064083099365234
609 -9.064062118530273
610 -7.761691570281982
611 -9.064075469970703
612 -9.064066886901855
613 -9.06408405303955
614 -7.739748477935791
615 -9.064088821411133
616 -9.064055442810059
617 -8.113056182861328
618 -7.837843894958496
619 -7.748259544372559
620 -9.064081192016602
621 -7.4360671043396
622 -7.62184476852417
623 -7.7787957191467285
624 -9.06405258178711
625 -7.905418395996094
626 -9.064046859741211
627 -7.864779949188232
628 -9.064080238342285
629 -9.064068794250488
630 -9.064066886901855
631 -9.06405258178711
632 -9.06407642364502
633 -9.064077377319336
634 -9.0640869140625
635 -7.574953556060791
636 -9.06408405303955
637 -9.064079284667969
638 -9.064085960388184
639 -9.064066886901855
640 -7.676802158355713
641 -9.064075469970703
642 -7.710593223571777
643 -7.623411178588867
644 -7.905414581298828
645 -9.064058303833008
646 -7.89551305770874
647 -9.06408977508545
648 -9.064081192016602
649 -7.798736572265625
650 -7.761688709259033
651 -7.800039291381836
652 -9.064090728759766
653 -7.798730850219727
654 -9.064066886901855
655 -7.625996112823486
656 -7.415102005004883
657 -9.064078330993652
658 -7.4738335609436035
659 -9.06403923034668
660 -9.064071655273438
661 -7.83791971206665
662 -7.598901271820068
663 -8.113290786743164
664 -9.064087867736816
665 -7.837857723236084
666 -9.06406307220459
667 -9.064080238342285
668 -9.064003944396973
669 -9.064077377319336
670 -9.064087867736816
671 -7.915647983551025
672 -9.064071655273438
673 -9.064083099365234
674 -9.06408405303955
675 -9.064055442810059
676 -9.064083099365234
677 -9.064085006713867
678 -9.064085960388184
679 -7.649764537811279
680 -7.747130393981934
681 -7.528565883636475
682 -9.064064025878906
683 -9.064085960388184
684 -9.064074516296387
685 -9.064085960388184
686 -9.064083099365234
687 -7.8647871017456055
688 -7.837878704071045
689 -9.064081192016602
690 -9.064069747924805
691 -7.737554550170898
692 -7.681185722351074
693 -8.04827880859375
694 -9.064056396484375
695 -8.113020896911621
696 -9.064087867736816
697 -9.064083099365234
698 -7.569023132324219
699 -9.064083099365234
700 -7.804876804351807
701 -9.064078330993652
702 -9.064045906066895
703 -9.064069747924805
704 -7.657393455505371
705 -9.064053535461426
706 -9.064047813415527
707 -9.064074516296387
708 -7.903017520904541
709 -7.904509544372559
710 -9.064078330993652
711 -9.064070701599121
712 -9.064061164855957
713 -7.421707630157471
714 -7.676733016967773
715 -9.06407356262207
716 -9.064090728759766
717 -7.348715782165527
718 -9.064044952392578
719 -9.064090728759766
720 -9.064046859741211
721 -9.064079284667969
722 -9.06408977508545
723 -9.064080238342285
724 -9.064083099365234
725 -7.356894493103027
726 -9.064079284667969
727 -9.064085960388184
728 -9.06407642364502
729 -9.064074516296387
730 -8.110075950622559
731 -7.903554439544678
732 -7.7825608253479
733 -7.904574871063232
734 -8.113285064697266
735 -9.064085006713867
736 -7.709390640258789
737 -9.06407356262207
738 -7.602997303009033
739 -8.113285064697266
740 -9.064080238342285
741 -7.73891544342041
742 -7.73818302154541
743 -7.802628517150879
744 -7.362771511077881
745 -9.064066886901855
746 -7.4031500816345215
747 -9.064090728759766
748 -9.064080238342285
749 -7.905426502227783
750 -7.7799882888793945
751 -7.734104633331299
752 -9.06408405303955
753 -9.064080238342285
754 -7.780007362365723
755 -9.0640869140625
756 -9.064074516296387
757 -9.064081192016602
758 -9.064065933227539
759 -9.064070701599121
760 -8.113293647766113
761 -7.636027812957764
762 -9.064083099365234
763 -7.80485725402832
764 -7.622498035430908
765 -9.064080238342285
766 -7.86480712890625
767 -9.06406021118164
768 -7.837888240814209
769 -9.064068794250488
770 -9.064034461975098
771 -7.919295310974121
772 -9.064074516296387
773 -9.064082145690918
774 -7.915653705596924
775 -9.064068794250488
776 -9.064037322998047
777 -9.064078330993652
778 -7.623016357421875
779 -8.113293647766113
780 -9.06405258178711
781 -7.47380256652832
782 -9.064061164855957
783 -9.064077377319336
784 -7.796823501586914
785 -9.064044952392578
786 -9.064075469970703
787 -7.779997825622559
788 -9.064090728759766
789 -9.064064979553223
790 -9.06404972076416
791 -9.064079284667969
792 -7.714982986450195
793 -9.06407356262207
794 -7.837900161743164
795 -9.064064025878906
796 -7.80487060546875
797 -7.798718452453613
798 -7.646311283111572
799 -9.064067840576172
800 -9.064090728759766
801 -9.064067840576172
802 -9.064064979553223
803 -8.11327838897705
804 -9.063983917236328
805 -9.064067840576172
806 -9.064056396484375
807 -7.40012788772583
808 -9.06408977508545
809 -9.064061164855957
810 -9.064085006713867
811 -9.064082145690918
812 -8.06004810333252
813 -9.06408405303955
814 -9.064079284667969
815 -9.06407642364502
816 -9.06406307220459
817 -9.064078330993652
818 -9.064085960388184
819 -7.606503486633301
820 -9.064045906066895
821 -9.064080238342285
822 -9.064080238342285
823 -7.802518844604492
824 -7.721986770629883
825 -9.064080238342285
826 -7.665075778961182
827 -9.052732467651367
828 -9.064065933227539
829 -9.064083099365234
830 -9.064072608947754
831 -9.064055442810059
832 -9.064067840576172
833 -7.424096584320068
834 -9.064090728759766
835 -8.0079984664917
836 -9.064087867736816
837 -9.064075469970703
838 -7.804877281188965
839 -9.064079284667969
840 -7.798738956451416
841 -9.06405258178711
842 -9.064071655273438
843 -9.06406021118164
844 -7.903018474578857
845 -9.064082145690918
846 -9.064064979553223
847 -7.581003665924072
848 -7.3060455322265625
849 -9.063891410827637
850 -9.064072608947754
851 -9.064054489135742
852 -9.06407356262207
853 -7.760958194732666
854 -7.796924591064453
855 -7.804876327514648
856 -7.658968925476074
857 -9.06406021118164
858 -9.064083099365234
859 -9.0640869140625
860 -9.064083099365234
861 -7.738179683685303
862 -9.06408405303955
863 -7.707296371459961
864 -9.064057350158691
865 -8.113295555114746
866 -7.779973983764648
867 -9.064078330993652
868 -7.804052829742432
869 -9.064059257507324
870 -9.064085960388184
871 -9.06408405303955
872 -9.064078330993652
873 -8.06003475189209
874 -9.064033508300781
875 -7.587983131408691
876 -9.06407356262207
877 -9.064061164855957
878 -9.064085960388184
879 -7.424086093902588
880 -9.06407356262207
881 -9.064065933227539
882 -7.864795684814453
883 -9.064077377319336
884 -8.007974624633789
885 -9.064070701599121
886 -8.060011863708496
887 -9.064080238342285
888 -9.064081192016602
889 -9.064051628112793
890 -9.064071655273438
891 -9.064081192016602
892 -9.064077377319336
893 -8.11328411102295
894 -7.655871391296387
895 -9.06407642364502
896 -9.06408405303955
897 -9.06407356262207
898 -9.064062118530273
899 -7.721078395843506
900 -9.064075469970703
901 -9.064048767089844
902 -9.064079284667969
903 -9.064067840576172
904 -7.748273849487305
905 -9.064067840576172
906 -9.06408977508545
907 -7.604782581329346
908 -9.064075469970703
909 -7.569611549377441
910 -7.996005535125732
911 -7.408356666564941
912 -9.064051628112793
913 -7.499526500701904
914 -9.064043998718262
915 -9.064069747924805
916 -9.064070701599121
917 -7.683812618255615
918 -9.064045906066895
919 -9.064068794250488
920 -9.064078330993652
921 -9.064050674438477
922 -7.804882049560547
923 -9.064079284667969
924 -7.6219000816345215
925 -9.064087867736816
926 -7.614443302154541
927 -9.064018249511719
928 -9.064085006713867
929 -9.06408405303955
930 -9.064090728759766
931 -9.0640869140625
932 -9.064045906066895
933 -9.064077377319336
934 -7.837893009185791
935 -7.673717021942139
936 -9.064085006713867
937 -9.06408405303955
938 -7.7210612297058105
939 -7.645262241363525
940 -9.064000129699707
941 -8.113295555114746
942 -9.064064025878906
943 -9.064083099365234
944 -9.064064025878906
945 -9.06407356262207
946 -7.6463165283203125
947 -7.761744022369385
948 -8.11329174041748
949 -9.06408977508545
950 -9.064054489135742
951 -9.064083099365234
952 -7.904496669769287
953 -9.064078330993652
954 -7.761775493621826
955 -9.064069747924805
956 -7.864800930023193
957 -9.064070701599121
958 -9.06407642364502
959 -9.06405258178711
960 -7.671963691711426
961 -9.0640869140625
962 -8.059656143188477
963 -9.06405258178711
964 -7.53497314453125
965 -9.064053535461426
966 -7.802645206451416
967 -7.657487392425537
968 -9.06406307220459
969 -7.9471869468688965
970 -9.064075469970703
971 -9.064075469970703
972 -7.528398513793945
973 -9.06408977508545
974 -7.611032962799072
975 -9.06407642364502
976 -9.064059257507324
977 -9.064069747924805
978 -9.064083099365234
979 -9.064069747924805
980 -9.064082145690918
981 -7.804868698120117
982 -7.798740386962891
983 -9.064082145690918
984 -9.064081192016602
985 -9.0640869140625
986 -9.064074516296387
987 -9.064082145690918
988 -7.902397632598877
989 -9.064079284667969
990 -9.064079284667969
991 -9.064078330993652
992 -9.064059257507324
993 -9.064064025878906
994 -7.56895637512207
995 -9.064081192016602
996 -7.864795207977295
997 -9.064085960388184
998 -7.645198822021484
999 -9.064056396484375
