0 -7.625808238983154
1 -9.064068794250488
2 -7.732757568359375
3 -7.837852954864502
4 -7.645111083984375
5 -9.064078330993652
6 -8.113259315490723
7 -7.5658793449401855
8 -9.064077377319336
9 -9.064080238342285
10 -9.064083099365234
11 -8.059929847717285
12 -7.5892462730407715
13 -9.06407642364502
14 -9.064077377319336
15 -9.064071655273438
16 -7.904502868652344
17 -9.0640869140625
18 -7.606504440307617
19 -9.064085006713867
20 -9.064055442810059
21 -7.864809036254883
22 -9.0640869140625
23 -9.06408405303955
24 -9.06403636932373
25 -9.064090728759766
26 -8.113295555114746
27 -9.064078330993652
28 -9.064046859741211
29 -9.064013481140137
30 -9.064072608947754
31 -9.064077377319336
32 -9.064085960388184
33 -8.113286972045898
34 -7.837871074676514
35 -9.064032554626465
36 -9.064035415649414
37 -7.586703300476074
38 -7.507649898529053
39 -9.064083099365234
40 -7.915658950805664
41 -7.528559684753418
42 -8.113296508789062
43 -9.064078330993652
44 -7.796913146972656
45 -7.472061634063721
46 -9.064090728759766
47 -7.899110794067383
48 -9.064085960388184
49 -7.8647918701171875
50 -9.06408977508545
51 -9.064053535461426
52 -9.064042091369629
53 -7.415086269378662
54 -9.064054489135742
55 -7.864804744720459
56 -7.796952247619629
57 -9.064088821411133
58 -9.06402587890625
59 -9.064033508300781
60 -9.064085006713867
61 -7.779993057250977
62 -9.064075469970703
63 -9.06407642364502
64 -9.064065933227539
65 -9.064079284667969
66 -9.06407356262207
67 -7.781619071960449
68 -7.864330291748047
69 -9.064045906066895
70 -7.739703178405762
71 -8.11329460144043
72 -9.06405258178711
73 -7.673720359802246
74 -9.064090728759766
75 -9.064082145690918
76 -9.06407356262207
77 -9.064082145690918
78 -9.064069747924805
79 -7.673723220825195
80 -9.064022064208984
81 -7.798714637756348
82 -9.06407642364502
83 -9.064077377319336
84 -7.566948890686035
85 -7.482446670532227
86 -8.958208084106445
87 -9.064077377319336
88 -9.064041137695312
89 -7.415097236633301
90 -7.802631378173828
91 -9.06408405303955
92 -6.586485862731934
93 -9.064078330993652
94 -9.06408405303955
95 -7.563620567321777
96 -9.064079284667969
97 -9.064081192016602
98 -9.064078330993652
99 -9.064085006713867
100 -7.837889194488525
101 -7.725333213806152
102 -7.6720356941223145
103 -9.064082145690918
104 -9.064077377319336
105 -9.064077377319336
106 -9.064075469970703
107 -9.06406021118164
108 -7.802612781524658
109 -7.657492637634277
110 -9.064066886901855
111 -7.458405494689941
112 -9.064064979553223
113 -9.064059257507324
114 -9.064047813415527
115 -7.804872989654541
116 -9.0640869140625
117 -7.602347373962402
118 -7.798725128173828
119 -9.064077377319336
120 -7.60235595703125
121 -7.551381587982178
122 -7.804838180541992
123 -9.064090728759766
124 -7.274385452270508
125 -9.064047813415527
126 -7.690720558166504
127 -9.064070701599121
128 -7.802578449249268
129 -9.0640869140625
130 -9.064062118530273
131 -9.0640869140625
132 -9.064083099365234
133 -7.567429065704346
134 -7.779980182647705
135 -9.064080238342285
136 -9.064066886901855
137 -9.064090728759766
138 -9.064074516296387
139 -7.804858684539795
140 -9.064090728759766
141 -7.544172286987305
142 -7.8647918701171875
143 -7.804879188537598
144 -9.064054489135742
145 -7.62340784072876
146 -9.064088821411133
147 -9.064090728759766
148 -8.113293647766113
149 -7.436980247497559
150 -9.064090728759766
151 -9.064085006713867
152 -7.804882526397705
153 -7.5038909912109375
154 -9.064055442810059
155 -9.064070701599121
156 -9.064070701599121
157 -9.064085006713867
158 -9.064081192016602
159 -7.8025102615356445
160 -9.064057350158691
161 -7.915642738342285
162 -9.06408977508545
163 -9.064081192016602
164 -9.0640869140625
165 -7.79872989654541
166 -7.899118900299072
167 -7.544990062713623
168 -8.060044288635254
169 -9.064079284667969
170 -9.064059257507324
171 -9.06407356262207
172 -9.064080238342285
173 -7.7096638679504395
174 -9.064056396484375
175 -7.905422210693359
176 -9.064074516296387
177 -7.739174842834473
178 -9.064041137695312
179 -7.943355083465576
180 -7.449195861816406
181 -9.064064025878906
182 -7.804872512817383
183 -9.06408405303955
184 -9.064081192016602
185 -9.064077377319336
186 -9.064058303833008
187 -7.904616832733154
188 -9.06408405303955
189 -8.058942794799805
190 -7.548851490020752
191 -9.064085006713867
192 -8.060052871704102
193 -9.064068794250488
194 -9.064051628112793
195 -9.064075469970703
196 -9.064067840576172
197 -9.064062118530273
198 -7.73975133895874
199 -8.113292694091797
200 -9.064077377319336
201 -9.064070701599121
202 -7.734173774719238
203 -7.587962627410889
204 -9.064091682434082
205 -7.760946750640869
206 -7.5026655197143555
207 -9.064065933227539
208 -7.904622554779053
209 -7.611080169677734
210 -7.732765197753906
211 -9.064090728759766
212 -9.064075469970703
213 -9.06405258178711
214 -9.064080238342285
215 -9.064078330993652
216 -9.064072608947754
217 -7.837823867797852
218 -9.063994407653809
219 -9.064067840576172
220 -9.064067840576172
221 -9.06407356262207
222 -9.064090728759766
223 -9.064072608947754
224 -9.064067840576172
225 -9.064064979553223
226 -9.06408405303955
227 -9.064058303833008
228 -9.064077377319336
229 -9.064048767089844
230 -7.721999168395996
231 -9.064080238342285
232 -7.710672378540039
233 -9.06407642364502
234 -9.064083099365234
235 -9.06407642364502
236 -7.90300989151001
237 -9.064048767089844
238 -9.064047813415527
239 -7.437562465667725
240 -9.06408405303955
241 -9.064074516296387
242 -9.064062118530273
243 -7.613246440887451
244 -9.06406021118164
245 -9.064078330993652
246 -9.06408977508545
247 -7.802664279937744
248 -7.6462812423706055
249 -9.064082145690918
250 -9.064064979553223
251 -9.064067840576172
252 -7.804861545562744
253 -9.06406307220459
254 -9.06406307220459
255 -9.064061164855957
256 -9.064047813415527
257 -9.064082145690918
258 -7.688281059265137
259 -9.064085960388184
260 -7.71498966217041
261 -9.064079284667969
262 -9.064070701599121
263 -9.064067840576172
264 -9.06406021118164
265 -9.064082145690918
266 -7.532765865325928
267 -7.560198783874512
268 -7.837847709655762
269 -9.064087867736816
270 -9.064067840576172
271 -9.06406307220459
272 -9.064067840576172
273 -7.70728874206543
274 -7.802616119384766
275 -9.06408405303955
276 -8.060066223144531
277 -9.064085006713867
278 -9.064066886901855
279 -7.796934127807617
280 -7.7219929695129395
281 -9.064083099365234
282 -9.064087867736816
283 -9.064065933227539
284 -7.864806652069092
285 -7.804859638214111
286 -9.064083099365234
287 -9.064079284667969
288 -9.064090728759766
289 -9.064082145690918
290 -7.724191188812256
291 -9.064082145690918
292 -9.064087867736816
293 -9.064069747924805
294 -7.708801746368408
295 -9.064088821411133
296 -7.632551193237305
297 -9.0640869140625
298 -9.06406021118164
299 -8.113292694091797
300 -7.5726518630981445
301 -7.739184856414795
302 -9.064080238342285
303 -7.586706161499023
304 -8.11329174041748
305 -9.064082145690918
306 -7.6364946365356445
307 -7.569360733032227
308 -9.064079284667969
309 -7.864799976348877
310 -9.064083099365234
311 -7.902400970458984
312 -9.06406307220459
313 -9.064080238342285
314 -9.064037322998047
315 -9.064071655273438
316 -9.064078330993652
317 -9.064087867736816
318 -9.064088821411133
319 -9.064083099365234
320 -9.064082145690918
321 -9.064079284667969
322 -9.064085006713867
323 -9.064083099365234
324 -8.112447738647461
325 -9.064082145690918
326 -9.06404972076416
327 -7.789446830749512
328 -9.064056396484375
329 -9.064081192016602
330 -7.606455326080322
331 -9.064046859741211
332 -9.064085006713867
333 -9.064077377319336
334 -9.064080238342285
335 -7.711956977844238
336 -9.064069747924805
337 -7.773299217224121
338 -9.064054489135742
339 -9.064069747924805
340 -9.064059257507324
341 -9.064083099365234
342 -9.06407642364502
343 -9.064083099365234
344 -7.9054131507873535
345 -7.948101997375488
346 -9.06408977508545
347 -9.064090728759766
348 -7.657465934753418
349 -7.773299217224121
350 -7.654971122741699
351 -9.064058303833008
352 -9.064078330993652
353 -9.064085960388184
354 -7.586750507354736
355 -8.060060501098633
356 -8.060041427612305
357 -9.064085006713867
358 -9.064062118530273
359 -7.79872465133667
360 -9.064077377319336
361 -9.064078330993652
362 -9.06408977508545
363 -9.064090728759766
364 -9.064080238342285
365 -7.383554935455322
366 -9.06407356262207
367 -9.064077377319336
368 -7.619220733642578
369 -9.064057350158691
370 -7.659731388092041
371 -9.06403923034668
372 -9.064077377319336
373 -9.064048767089844
374 -7.602280139923096
375 -9.064085960388184
376 -8.113288879394531
377 -7.89908504486084
378 -9.064077377319336
379 -7.625148773193359
380 -7.8048787117004395
381 -9.064083099365234
382 -9.064083099365234
383 -9.064080238342285
384 -9.06408977508545
385 -9.064075469970703
386 -7.899109840393066
387 -9.064080238342285
388 -9.064077377319336
389 -7.837896347045898
390 -7.384472846984863
391 -9.064062118530273
392 -9.064057350158691
393 -8.110973358154297
394 -9.0640869140625
395 -9.064077377319336
396 -9.064082145690918
397 -9.064080238342285
398 -7.804869651794434
399 -7.802647590637207
400 -9.064082145690918
401 -7.804879665374756
402 -7.306957244873047
403 -9.064080238342285
404 -8.060018539428711
405 -9.064082145690918
406 -9.06408405303955
407 -9.064079284667969
408 -9.064064979553223
409 -9.064078330993652
410 -9.064069747924805
411 -9.064069747924805
412 -7.7392683029174805
413 -9.064064025878906
414 -7.90220308303833
415 -9.064083099365234
416 -9.06407356262207
417 -9.064050674438477
418 -7.780003070831299
419 -9.064083099365234
420 -9.064083099365234
421 -7.796885967254639
422 -7.6326751708984375
423 -9.064064979553223
424 -9.064080238342285
425 -9.064083099365234
426 -9.064085006713867
427 -9.064071655273438
428 -9.064090728759766
429 -9.064080238342285
430 -7.779987335205078
431 -9.06408405303955
432 -9.064051628112793
433 -9.06407642364502
434 -9.064083099365234
435 -9.064056396484375
436 -7.574951648712158
437 -9.064069747924805
438 -7.569019317626953
439 -9.06407356262207
440 -9.064087867736816
441 -9.064041137695312
442 -7.667977809906006
443 -9.064072608947754
444 -9.064050674438477
445 -9.06405258178711
446 -9.064081192016602
447 -9.064083099365234
448 -9.063852310180664
449 -9.06408405303955
450 -9.06408405303955
451 -7.784053325653076
452 -7.5784101486206055
453 -7.798742771148682
454 -9.064068794250488
455 -7.798741817474365
456 -7.707294940948486
457 -9.064057350158691
458 -9.064077377319336
459 -9.063812255859375
460 -8.060065269470215
461 -9.06407642364502
462 -9.063926696777344
463 -9.0640869140625
464 -8.113302230834961
465 -7.676818370819092
466 -9.064085006713867
467 -9.064082145690918
468 -7.645270824432373
469 -7.516950607299805
470 -7.415097713470459
471 -7.711953163146973
472 -9.064074516296387
473 -7.864797592163086
474 -9.064075469970703
475 -7.864799499511719
476 -8.059821128845215
477 -7.965225696563721
478 -9.064090728759766
479 -9.06408405303955
480 -9.064054489135742
481 -9.064064979553223
482 -7.671993732452393
483 -9.064071655273438
484 -9.064080238342285
485 -7.779891014099121
486 -9.064077377319336
487 -9.06408977508545
488 -9.064083099365234
489 -9.064075469970703
490 -9.064088821411133
491 -7.9023919105529785
492 -7.6451873779296875
493 -7.864797115325928
494 -7.970525741577148
495 -9.064044952392578
496 -9.064057350158691
497 -7.837856292724609
498 -9.064083099365234
499 -9.064070701599121
500 -9.064078330993652
501 -7.864803791046143
502 -9.064072608947754
503 -7.436966419219971
504 -9.064085960388184
505 -9.064088821411133
506 -8.060064315795898
507 -9.064080238342285
508 -7.645260810852051
509 -7.415099143981934
510 -9.06408977508545
511 -7.837865829467773
512 -7.494712829589844
513 -9.064081192016602
514 -9.064044952392578
515 -7.612876892089844
516 -7.8647990226745605
517 -7.902134418487549
518 -9.06407642364502
519 -9.064083099365234
520 -9.064085960388184
521 -9.064082145690918
522 -7.864794731140137
523 -9.064088821411133
524 -9.06408405303955
525 -9.064053535461426
526 -9.064050674438477
527 -9.06408405303955
528 -9.064088821411133
529 -7.6321001052856445
530 -7.864765644073486
531 -7.587610244750977
532 -7.79690408706665
533 -9.064085960388184
534 -9.06407356262207
535 -9.064080238342285
536 -9.064054489135742
537 -9.064072608947754
538 -9.064081192016602
539 -9.064082145690918
540 -8.059237480163574
541 -9.064083099365234
542 -7.902214050292969
543 -9.064090728759766
544 -9.064078330993652
545 -9.064071655273438
546 -9.06407642364502
547 -9.064077377319336
548 -9.064078330993652
549 -9.064081192016602
550 -9.064066886901855
551 -9.06398868560791
552 -9.06408405303955
553 -7.864805221557617
554 -7.8647990226745605
555 -9.06407642364502
556 -9.06407642364502
557 -9.06406021118164
558 -7.903010845184326
559 -7.864798545837402
560 -9.064071655273438
561 -7.905416965484619
562 -9.064077377319336
563 -9.064080238342285
564 -7.598893165588379
565 -9.064055442810059
566 -9.064079284667969
567 -7.974056243896484
568 -9.064081192016602
569 -7.7986159324646
570 -7.473677158355713
571 -7.792268753051758
572 -7.645274639129639
573 -9.06408977508545
574 -9.064066886901855
575 -7.636007308959961
576 -9.064083099365234
577 -9.064082145690918
578 -7.621070384979248
579 -7.613270282745361
580 -7.569260120391846
581 -9.064077377319336
582 -9.064091682434082
583 -9.064077377319336
584 -7.71500301361084
585 -7.852369785308838
586 -9.064069747924805
587 -7.711955547332764
588 -9.064057350158691
589 -9.064090728759766
590 -9.064062118530273
591 -9.064081192016602
592 -7.7616777420043945
593 -9.064065933227539
594 -7.7177734375
595 -9.064079284667969
596 -9.064088821411133
597 -8.059908866882324
598 -8.113293647766113
599 -7.994647026062012
600 -7.802626609802246
601 -9.0640869140625
602 -9.064053535461426
603 -9.064050674438477
604 -7.635992050170898
605 -7.473804950714111
606 -9.064065933227539
607 -9.064083099365234
608 -7.560981750488281
609 -7.730447292327881
610 -9.064085006713867
611 -7.804875373840332
612 -9.064090728759766
613 -9.064048767089844
614 -9.064079284667969
615 -7.773299217224121
616 -7.3900465965271
617 -9.064085006713867
618 -7.633119106292725
619 -9.064072608947754
620 -9.06408977508545
621 -9.064081192016602
622 -8.06002140045166
623 -7.837846755981445
624 -7.798724174499512
625 -9.06407356262207
626 -9.064046859741211
627 -9.064078330993652
628 -9.064072608947754
629 -9.06408405303955
630 -9.064078330993652
631 -9.064079284667969
632 -7.636534214019775
633 -9.064068794250488
634 -9.064088821411133
635 -9.064085006713867
636 -9.064064025878906
637 -9.064090728759766
638 -9.06407356262207
639 -7.645198345184326
640 -7.398410320281982
641 -9.064090728759766
642 -9.064085960388184
643 -7.798741817474365
644 -9.064071655273438
645 -9.064087867736816
646 -7.391961097717285
647 -7.38633918762207
648 -7.673756122589111
649 -9.064083099365234
650 -7.557145118713379
651 -7.802628517150879
652 -9.0640869140625
653 -8.060041427612305
654 -9.064056396484375
655 -9.064043998718262
656 -9.064068794250488
657 -7.363341808319092
658 -8.060052871704102
659 -7.80487585067749
660 -9.064083099365234
661 -7.796909809112549
662 -7.435972690582275
663 -9.064046859741211
664 -7.83786678314209
665 -7.4329752922058105
666 -7.738161087036133
667 -9.064064025878906
668 -9.064053535461426
669 -7.902369022369385
670 -7.707277297973633
671 -7.412172794342041
672 -9.064042091369629
673 -9.064087867736816
674 -7.738198757171631
675 -9.064074516296387
676 -7.804879665374756
677 -9.06407642364502
678 -9.064085006713867
679 -7.587960720062256
680 -7.864806175231934
681 -7.741842269897461
682 -8.11329174041748
683 -9.064081192016602
684 -9.064064979553223
685 -7.804873943328857
686 -7.233593463897705
687 -9.064083099365234
688 -9.064062118530273
689 -8.06006145477295
690 -9.064079284667969
691 -7.64622688293457
692 -7.606159210205078
693 -9.064059257507324
694 -7.985149383544922
695 -7.65972375869751
696 -7.392301082611084
697 -9.063830375671387
698 -7.8379340171813965
699 -7.561041831970215
700 -7.622087478637695
701 -7.379032611846924
702 -9.064058303833008
703 -7.671994686126709
704 -9.064043045043945
705 -9.064074516296387
706 -9.064054489135742
707 -7.734256267547607
708 -9.06404972076416
709 -7.739746570587158
710 -7.707298755645752
711 -7.55140495300293
712 -9.064081192016602
713 -9.063847541809082
714 -7.837733745574951
715 -9.064069747924805
716 -9.064090728759766
717 -8.473188400268555
718 -7.475909233093262
719 -8.059995651245117
720 -9.064081192016602
721 -7.535693168640137
722 -9.064051628112793
723 -9.064083099365234
724 -9.064079284667969
725 -9.06406021118164
726 -7.905422210693359
727 -7.721967697143555
728 -7.798738956451416
729 -9.06405258178711
730 -9.064059257507324
731 -7.676753044128418
732 -9.06406021118164
733 -7.915663719177246
734 -7.9051947593688965
735 -9.064082145690918
736 -7.6756272315979
737 -9.064065933227539
738 -7.864808559417725
739 -9.064064025878906
740 -9.064078330993652
741 -9.064071655273438
742 -7.804845809936523
743 -7.779709339141846
744 -9.064072608947754
745 -9.064078330993652
746 -7.67072868347168
747 -9.064080238342285
748 -9.064065933227539
749 -7.587221622467041
750 -9.064081192016602
751 -9.0640869140625
752 -7.738137245178223
753 -9.064085006713867
754 -8.055012702941895
755 -9.064081192016602
756 -7.738175868988037
757 -7.782867431640625
758 -7.804876804351807
759 -9.064055442810059
760 -7.837875843048096
761 -7.60650110244751
762 -9.064078330993652
763 -9.064069747924805
764 -9.064054489135742
765 -7.895195484161377
766 -9.064087867736816
767 -8.113295555114746
768 -9.064077377319336
769 -9.064085960388184
770 -8.111971855163574
771 -9.064090728759766
772 -7.798743724822998
773 -9.064082145690918
774 -9.064077377319336
775 -7.904637336730957
776 -9.06406307220459
777 -7.392308235168457
778 -7.8379034996032715
779 -9.064062118530273
780 -9.064074516296387
781 -7.544544219970703
782 -8.11329460144043
783 -9.0640869140625
784 -7.636030673980713
785 -9.064064979553223
786 -9.06407356262207
787 -9.0640869140625
788 -7.311190605163574
789 -9.064082145690918
790 -7.415093421936035
791 -9.064077377319336
792 -9.064065933227539
793 -9.064023971557617
794 -9.064085960388184
795 -9.064081192016602
796 -9.064085006713867
797 -9.064085960388184
798 -7.415092468261719
799 -7.625861167907715
800 -9.064081192016602
801 -9.064083099365234
802 -9.064078330993652
803 -9.064075469970703
804 -9.064062118530273
805 -9.064081192016602
806 -7.798730373382568
807 -9.064075469970703
808 -7.445319175720215
809 -9.064091682434082
810 -9.064075469970703
811 -9.064082145690918
812 -7.721121788024902
813 -9.06407356262207
814 -8.008031845092773
815 -7.605233669281006
816 -9.064071655273438
817 -7.468277931213379
818 -9.064083099365234
819 -7.590185165405273
820 -9.064078330993652
821 -9.064088821411133
822 -7.544680595397949
823 -9.06407356262207
824 -9.064081192016602
825 -9.064081192016602
826 -7.623403549194336
827 -9.064069747924805
828 -7.988346576690674
829 -7.911314964294434
830 -9.0640869140625
831 -9.064065933227539
832 -7.804870128631592
833 -9.064054489135742
834 -8.014817237854004
835 -9.064064025878906
836 -9.06406307220459
837 -8.00931167602539
838 -9.064050674438477
839 -9.064083099365234
840 -7.563828945159912
841 -7.515888214111328
842 -9.064070701599121
843 -9.064067840576172
844 -7.761692523956299
845 -7.300556659698486
846 -9.06407356262207
847 -9.064090728759766
848 -9.064067840576172
849 -9.064090728759766
850 -9.064087867736816
851 -9.064081192016602
852 -9.06406021118164
853 -9.064087867736816
854 -9.064043998718262
855 -9.062902450561523
856 -9.064071655273438
857 -9.064071655273438
858 -9.064068794250488
859 -9.064079284667969
860 -7.571646690368652
861 -9.06406021118164
862 -9.064090728759766
863 -9.064090728759766
864 -9.064065933227539
865 -7.904967308044434
866 -9.064075469970703
867 -9.06406021118164
868 -7.676771640777588
869 -8.060040473937988
870 -7.905412197113037
871 -7.673746585845947
872 -9.06408977508545
873 -7.645259857177734
874 -9.06408405303955
875 -9.06408405303955
876 -9.064079284667969
877 -9.064075469970703
878 -9.06407642364502
879 -9.064083099365234
880 -9.064058303833008
881 -9.06408405303955
882 -9.064083099365234
883 -9.06405258178711
884 -9.064090728759766
885 -9.064064979553223
886 -9.064075469970703
887 -9.064067840576172
888 -9.064055442810059
889 -9.064071655273438
890 -9.064071655273438
891 -9.064074516296387
892 -7.60649299621582
893 -9.064085006713867
894 -9.064085960388184
895 -9.064081192016602
896 -9.06408405303955
897 -9.064082145690918
898 -7.864783763885498
899 -9.064079284667969
900 -8.113292694091797
901 -9.064057350158691
902 -8.113286018371582
903 -7.606502056121826
904 -7.79830265045166
905 -7.7119646072387695
906 -7.475034713745117
907 -9.064087867736816
908 -9.06407356262207
909 -9.064057350158691
910 -9.064059257507324
911 -8.111915588378906
912 -9.064077377319336
913 -7.780008792877197
914 -9.064072608947754
915 -9.064053535461426
916 -9.064064025878906
917 -9.064082145690918
918 -9.06407642364502
919 -9.064056396484375
920 -9.064070701599121
921 -8.113292694091797
922 -8.007997512817383
923 -9.064023971557617
924 -7.60645866394043
925 -9.064081192016602
926 -9.064085006713867
927 -9.064090728759766
928 -9.064083099365234
929 -9.064043045043945
930 -7.625993251800537
931 -7.341689109802246
932 -9.064075469970703
933 -7.415096282958984
934 -9.064064979553223
935 -9.06407642364502
936 -9.06407356262207
937 -9.064078330993652
938 -7.792904853820801
939 -9.064079284667969
940 -8.060062408447266
941 -9.064071655273438
942 -9.064083099365234
943 -7.415099143981934
944 -9.06408405303955
945 -7.611072540283203
946 -9.064075469970703
947 -9.06407356262207
948 -9.064090728759766
949 -9.064057350158691
950 -9.064065933227539
951 -7.26427698135376
952 -9.064074516296387
953 -9.0640869140625
954 -9.06406021118164
955 -7.915653228759766
956 -9.06408977508545
957 -9.06406307220459
958 -9.064059257507324
959 -9.064081192016602
960 -9.064077377319336
961 -8.113296508789062
962 -9.064071655273438
963 -9.064077377319336
964 -9.0640869140625
965 -9.064040184020996
966 -9.06405258178711
967 -7.796903133392334
968 -9.064068794250488
969 -9.064081192016602
970 -9.064057350158691
971 -9.064082145690918
972 -9.064066886901855
973 -7.518991470336914
974 -9.064079284667969
975 -9.064048767089844
976 -7.674846649169922
977 -9.064082145690918
978 -9.064085960388184
979 -9.063464164733887
980 -7.779970169067383
981 -7.748213291168213
982 -7.864796161651611
983 -9.064074516296387
984 -9.06407642364502
985 -7.804878234863281
986 -9.064081192016602
987 -9.064083099365234
988 -9.064074516296387
989 -9.064077377319336
990 -7.837859153747559
991 -7.532947540283203
992 -8.646735191345215
993 -9.06406021118164
994 -7.522075653076172
995 -7.837859153747559
996 -9.064074516296387
997 -7.761775016784668
998 -9.0640869140625
999 -7.6558918952941895
