0 -5.4573540687561035
1 -5.173074245452881
2 -5.151291370391846
3 -5.282735824584961
4 -5.293827056884766
5 -8.351663589477539
6 -7.133411884307861
7 -6.1707658767700195
8 -7.775447368621826
9 -7.061960220336914
10 -5.857840538024902
11 -6.338983535766602
12 -8.40368366241455
13 -6.694211006164551
14 -7.0623064041137695
15 -6.691788673400879
16 -6.961284637451172
17 -6.332291603088379
18 -6.769084453582764
19 -6.412635803222656
20 -6.7185516357421875
21 -6.3429460525512695
22 -6.218042373657227
23 -6.095926284790039
24 -9.064090728759766
25 -6.304566383361816
26 -9.064090728759766
27 -6.546994209289551
28 -6.298805236816406
29 -7.033289909362793
30 -6.334532260894775
31 -6.681273937225342
32 -6.147730350494385
33 -7.076967716217041
34 -6.727217197418213
35 -6.076576232910156
36 -5.914766311645508
37 -7.119288444519043
38 -7.920584201812744
39 -6.929211616516113
40 -6.4417314529418945
41 -6.868202209472656
42 -7.556286811828613
43 -6.420685768127441
44 -6.661198616027832
45 -7.892529010772705
46 -6.364758014678955
47 -8.929197311401367
48 -6.62556266784668
49 -8.78203296661377
50 -6.331778049468994
51 -6.955984115600586
52 -6.556695938110352
53 -9.02838134765625
54 -7.044525623321533
55 -6.384546279907227
56 -6.755066871643066
57 -6.851089954376221
58 -7.363887310028076
59 -6.286679744720459
60 -6.159273147583008
61 -7.636594295501709
62 -6.577012538909912
63 -7.9982709884643555
64 -8.387763023376465
65 -9.012922286987305
66 -6.854435920715332
67 -6.362293243408203
68 -8.69697380065918
69 -6.902627468109131
70 -7.155394554138184
71 -8.780804634094238
72 -8.9550199508667
73 -7.3623151779174805
74 -6.241158962249756
75 -8.9061279296875
76 -7.218510150909424
77 -8.088873863220215
78 -6.76456356048584
79 -6.364076614379883
80 -6.835169315338135
81 -6.9532341957092285
82 -6.207192420959473
83 -6.6990156173706055
84 -7.932219505310059
85 -6.3936614990234375
86 -6.623828411102295
87 -6.905228137969971
88 -6.658373832702637
89 -6.171869277954102
90 -6.798084259033203
91 -6.232539176940918
92 -6.571873664855957
93 -7.448707580566406
94 -8.056313514709473
95 -8.97901439666748
96 -6.645742416381836
97 -7.126455307006836
98 -7.3018903732299805
99 -6.390678405761719
100 -6.161872863769531
101 -6.495360374450684
102 -6.25113582611084
103 -9.064090728759766
104 -7.020314693450928
105 -9.064090728759766
106 -7.183648109436035
107 -6.384892463684082
108 -6.172419548034668
109 -6.201272964477539
110 -6.132624626159668
111 -6.732875347137451
112 -5.994309425354004
113 -7.743961811065674
114 -6.50147819519043
115 -6.449565887451172
116 -6.201796531677246
117 -7.048972129821777
118 -6.197049140930176
119 -6.424086093902588
120 -8.484105110168457
121 -6.874458312988281
122 -6.465577125549316
123 -6.419386863708496
124 -6.528419494628906
125 -6.468328475952148
126 -7.285772800445557
127 -6.366044998168945
128 -6.410022735595703
129 -6.466492176055908
130 -6.193990707397461
131 -8.102560997009277
132 -6.075109481811523
133 -6.589471817016602
134 -9.064090728759766
135 -7.5510406494140625
136 -7.246356964111328
137 -5.9991135597229
138 -6.374334335327148
139 -9.031407356262207
140 -6.7793169021606445
141 -7.563562870025635
142 -8.895929336547852
143 -6.090460777282715
144 -7.324677467346191
145 -6.344059467315674
146 -6.483165264129639
147 -6.6908135414123535
148 -7.175633430480957
149 -7.542965888977051
150 -6.186953067779541
151 -6.775424957275391
152 -6.760888576507568
153 -6.642763614654541
154 -8.713656425476074
155 -7.5148138999938965
156 -6.354145050048828
157 -8.634349822998047
158 -9.037564277648926
159 -7.513097763061523
160 -6.537042617797852
161 -8.851907730102539
162 -7.070435047149658
163 -6.323539733886719
164 -7.354888916015625
165 -7.123563766479492
166 -8.258419036865234
167 -5.725306510925293
168 -7.170279502868652
169 -7.429627895355225
170 -6.196747779846191
171 -6.682626247406006
172 -5.917025566101074
173 -7.618480682373047
174 -6.261129379272461
175 -6.317651748657227
176 -7.553269863128662
177 -8.88573932647705
178 -6.387319087982178
179 -6.169286727905273
180 -8.30921745300293
181 -6.1411333084106445
182 -7.956219673156738
183 -6.734798431396484
184 -6.845405578613281
185 -6.60031795501709
186 -6.928504943847656
187 -7.482297897338867
188 -6.445510387420654
189 -9.06408977508545
190 -6.835864067077637
191 -6.5364274978637695
192 -7.083831310272217
193 -7.33156156539917
194 -8.985383987426758
195 -6.424159049987793
196 -9.064090728759766
197 -6.124204158782959
198 -7.007308006286621
199 -6.797650337219238
200 -6.9157538414001465
201 -6.25132417678833
202 -9.064090728759766
203 -6.588441848754883
204 -6.241606712341309
205 -6.338789939880371
206 -6.086160659790039
207 -8.783238410949707
208 -6.709170341491699
209 -6.177260875701904
210 -6.049651145935059
211 -6.308257102966309
212 -6.308502197265625
213 -8.631410598754883
214 -6.538814067840576
215 -7.319316387176514
216 -7.95456075668335
217 -6.377231121063232
218 -7.1424713134765625
219 -7.259121894836426
220 -6.332757949829102
221 -6.6308064460754395
222 -6.485770225524902
223 -7.613576412200928
224 -7.041955471038818
225 -7.010637283325195
226 -8.169500350952148
227 -6.034738540649414
228 -7.368088245391846
229 -6.694540023803711
230 -6.679144859313965
231 -6.585516452789307
232 -6.528840065002441
233 -8.809429168701172
234 -8.883766174316406
235 -6.737165451049805
236 -8.065042495727539
237 -6.905072212219238
238 -6.2014360427856445
239 -7.412939071655273
240 -6.826813697814941
241 -6.285303592681885
242 -7.523324489593506
243 -6.420770645141602
244 -7.590954303741455
245 -7.439657211303711
246 -6.294986248016357
247 -7.186944484710693
248 -7.504871845245361
249 -6.244584083557129
250 -7.071678638458252
251 -6.875394344329834
252 -7.298182010650635
253 -6.34141731262207
254 -6.162222862243652
255 -7.222462177276611
256 -6.173511981964111
257 -6.559178352355957
258 -6.952342987060547
259 -5.980449199676514
260 -6.58326530456543
261 -7.822081565856934
262 -6.787470817565918
263 -6.704705715179443
264 -6.210940361022949
265 -6.720131874084473
266 -6.340817451477051
267 -8.859284400939941
268 -6.799230098724365
269 -6.437000274658203
270 -9.064090728759766
271 -6.289539337158203
272 -6.695331573486328
273 -6.574553489685059
274 -6.38429594039917
275 -6.4821977615356445
276 -6.995607852935791
277 -7.081378936767578
278 -6.629425048828125
279 -6.256429672241211
280 -6.93921422958374
281 -6.4174275398254395
282 -6.561535835266113
283 -7.042847156524658
284 -9.027674674987793
285 -7.036938190460205
286 -6.208087921142578
287 -6.564388275146484
288 -6.538103103637695
289 -6.841925621032715
290 -6.892631530761719
291 -6.791957855224609
292 -6.297335624694824
293 -5.9002227783203125
294 -8.128195762634277
295 -8.846851348876953
296 -8.481799125671387
297 -7.860240936279297
298 -6.348278999328613
299 -6.631442070007324
300 -6.827319622039795
301 -6.6538920402526855
302 -6.808197498321533
303 -6.225202560424805
304 -7.695316314697266
305 -6.355338096618652
306 -6.421396255493164
307 -6.45772123336792
308 -8.808753967285156
309 -6.897793292999268
310 -6.3022942543029785
311 -6.254122734069824
312 -6.674276828765869
313 -6.035088539123535
314 -8.657612800598145
315 -6.240235328674316
316 -7.869894027709961
317 -6.353062629699707
318 -6.270204067230225
319 -6.377866268157959
320 -6.443163871765137
321 -8.999432563781738
322 -6.586545944213867
323 -6.141740798950195
324 -5.936497688293457
325 -7.31137228012085
326 -6.761320114135742
327 -6.859450817108154
328 -6.0514678955078125
329 -6.317841529846191
330 -8.98275375366211
331 -6.348477840423584
332 -6.995783805847168
333 -6.265494346618652
334 -7.42599630355835
335 -6.953320503234863
336 -6.024913787841797
337 -6.565324783325195
338 -9.064090728759766
339 -6.8107218742370605
340 -6.5334367752075195
341 -8.842558860778809
342 -9.064090728759766
343 -6.799648761749268
344 -5.975398540496826
345 -6.687410354614258
346 -7.123961448669434
347 -7.393104076385498
348 -7.107224464416504
349 -6.461124420166016
350 -6.429828643798828
351 -6.458223342895508
352 -6.141395568847656
353 -7.214474678039551
354 -6.5031890869140625
355 -9.064090728759766
356 -8.401899337768555
357 -6.227132797241211
358 -6.548460483551025
359 -7.255926132202148
360 -9.06408977508545
361 -9.001638412475586
362 -6.523433685302734
363 -6.739620685577393
364 -6.443878173828125
365 -6.43219518661499
366 -8.701550483703613
367 -7.016635894775391
368 -7.056953430175781
369 -7.166024208068848
370 -6.016445636749268
371 -8.967488288879395
372 -8.399638175964355
373 -6.743741035461426
374 -6.338165283203125
375 -6.395508766174316
376 -6.873202323913574
377 -8.551645278930664
378 -6.466828346252441
379 -9.064090728759766
380 -6.393059730529785
381 -6.268710136413574
382 -7.713217735290527
383 -6.579906940460205
384 -7.875601291656494
385 -6.83606481552124
386 -9.064091682434082
387 -8.567174911499023
388 -6.59566068649292
389 -7.454591274261475
390 -7.567594528198242
391 -6.036595344543457
392 -6.001614093780518
393 -6.281121730804443
394 -6.263763904571533
395 -6.217743873596191
396 -6.3041887283325195
397 -8.74390697479248
398 -6.197498321533203
399 -6.370898723602295
400 -6.177371978759766
401 -7.027477264404297
402 -6.395452499389648
403 -6.658463478088379
404 -6.1566362380981445
405 -7.189967632293701
406 -6.851990699768066
407 -7.296182632446289
408 -7.713918685913086
409 -6.660211563110352
410 -6.405123710632324
411 -6.066307067871094
412 -8.877965927124023
413 -8.390996932983398
414 -5.983734130859375
415 -6.979589462280273
416 -6.468527317047119
417 -6.168729782104492
418 -6.368340015411377
419 -6.368952751159668
420 -6.293693542480469
421 -6.634980201721191
422 -6.860574722290039
423 -7.1270833015441895
424 -8.987597465515137
425 -5.979104042053223
426 -6.695044994354248
427 -7.112854480743408
428 -7.3778791427612305
429 -6.465038299560547
430 -6.526304244995117
431 -5.927682876586914
432 -6.810978889465332
433 -6.3360371589660645
434 -6.208066940307617
435 -7.150230884552002
436 -8.40336799621582
437 -6.5454487800598145
438 -6.77158260345459
439 -6.867372035980225
440 -7.982372760772705
441 -6.350398063659668
442 -7.554759502410889
443 -6.285739421844482
444 -8.615901947021484
445 -6.692645072937012
446 -8.669760704040527
447 -7.429619789123535
448 -7.123663902282715
449 -6.415523529052734
450 -7.161320686340332
451 -7.287535667419434
452 -8.843402862548828
453 -7.705772399902344
454 -6.998798370361328
455 -5.843547821044922
456 -7.291604042053223
457 -6.263477325439453
458 -6.808926582336426
459 -7.429216384887695
460 -6.591649055480957
461 -6.924759387969971
462 -5.937002182006836
463 -6.405539035797119
464 -6.394735336303711
465 -6.171165466308594
466 -5.992164611816406
467 -6.533736228942871
468 -6.718411445617676
469 -6.3231520652771
470 -8.067672729492188
471 -6.493301868438721
472 -6.973419666290283
473 -9.064090728759766
474 -7.080623626708984
475 -6.118280410766602
476 -8.25192928314209
477 -6.227955341339111
478 -6.493123531341553
479 -6.217915058135986
480 -6.262138366699219
481 -6.067821025848389
482 -7.771411895751953
483 -6.721498489379883
484 -8.969243049621582
485 -6.918603897094727
486 -7.377730846405029
487 -7.126176834106445
488 -7.814347267150879
489 -6.436586380004883
490 -9.026298522949219
491 -6.603507041931152
492 -6.208209991455078
493 -6.873281955718994
494 -6.014998435974121
495 -8.33356761932373
496 -6.933380126953125
497 -6.051621437072754
498 -6.512353420257568
499 -5.885199546813965
500 -5.933042526245117
501 -5.765561103820801
502 -6.33544397354126
503 -6.378559589385986
504 -6.464865207672119
505 -6.810898303985596
506 -6.820228099822998
507 -6.399292469024658
508 -6.470863342285156
509 -7.425791263580322
510 -7.992427349090576
511 -7.592219352722168
512 -6.826989650726318
513 -7.792216777801514
514 -9.06408977508545
515 -6.369719505310059
516 -6.310878753662109
517 -6.13399600982666
518 -8.965048789978027
519 -7.39390754699707
520 -6.375908851623535
521 -8.554131507873535
522 -6.605017185211182
523 -9.064090728759766
524 -7.1436052322387695
525 -6.793715953826904
526 -6.411991119384766
527 -6.836714267730713
528 -6.50435209274292
529 -6.555709362030029
530 -8.630735397338867
531 -6.026893615722656
532 -6.61428165435791
533 -8.10573673248291
534 -6.835690498352051
535 -6.46417236328125
536 -8.807126998901367
537 -6.44272518157959
538 -6.688719749450684
539 -5.682177543640137
540 -6.446413993835449
541 -6.324260711669922
542 -6.6515045166015625
543 -6.308097839355469
544 -6.174885272979736
545 -6.672751426696777
546 -6.140129089355469
547 -6.549981117248535
548 -6.772861480712891
549 -6.9722089767456055
550 -6.815476417541504
551 -6.708101272583008
552 -6.16021203994751
553 -6.399618625640869
554 -6.6526265144348145
555 -6.130528926849365
556 -6.776922225952148
557 -6.354869842529297
558 -6.2483930587768555
559 -8.517610549926758
560 -5.784489631652832
561 -6.391196250915527
562 -6.283252716064453
563 -8.918717384338379
564 -6.272510528564453
565 -6.172281265258789
566 -7.330127716064453
567 -6.7902398109436035
568 -8.6653470993042
569 -6.835541725158691
570 -6.1152496337890625
571 -7.8156657218933105
572 -5.92503547668457
573 -8.881183624267578
574 -6.6180219650268555
575 -7.22340726852417
576 -6.732395172119141
577 -6.730988502502441
578 -7.581129550933838
579 -6.788931369781494
580 -6.803999900817871
581 -6.326493263244629
582 -8.707783699035645
583 -6.430015563964844
584 -6.265343189239502
585 -7.11076545715332
586 -6.765738010406494
587 -6.494017124176025
588 -7.311371803283691
589 -6.087620258331299
590 -6.182405948638916
591 -6.600183486938477
592 -8.723589897155762
593 -6.979589939117432
594 -6.8832011222839355
595 -6.478867530822754
596 -7.007063865661621
597 -9.06408977508545
598 -6.7679338455200195
599 -6.167361736297607
600 -6.458475112915039
601 -7.624426364898682
602 -6.413413047790527
603 -6.8487982749938965
604 -6.832851409912109
605 -6.409730434417725
606 -6.113362789154053
607 -7.625646591186523
608 -6.5074381828308105
609 -7.510806083679199
610 -6.2212629318237305
611 -6.871341705322266
612 -6.1417036056518555
613 -6.190140247344971
614 -6.429256439208984
615 -6.407125473022461
616 -6.158133029937744
617 -6.036081790924072
618 -6.619135856628418
619 -7.130583763122559
620 -6.469719886779785
621 -7.935400485992432
622 -7.324674606323242
623 -6.564159870147705
624 -6.75935173034668
625 -7.902719497680664
626 -8.811341285705566
627 -6.74751091003418
628 -8.671263694763184
629 -6.148867130279541
630 -7.1371965408325195
631 -9.064090728759766
632 -6.778985023498535
633 -6.6478424072265625
634 -6.7546000480651855
635 -6.7902936935424805
636 -6.327760696411133
637 -6.703907012939453
638 -6.359703540802002
639 -5.889549732208252
640 -6.183926582336426
641 -6.30557107925415
642 -7.856677532196045
643 -6.2346906661987305
644 -8.446769714355469
645 -7.221512317657471
646 -7.85566520690918
647 -6.705405235290527
648 -6.727065563201904
649 -7.216441631317139
650 -6.727943420410156
651 -7.361372947692871
652 -8.60750675201416
653 -9.064090728759766
654 -7.2899274826049805
655 -6.527213096618652
656 -6.474946022033691
657 -7.477755546569824
658 -8.305035591125488
659 -6.769890785217285
660 -6.416551113128662
661 -6.548827171325684
662 -6.630167007446289
663 -6.913325309753418
664 -8.096907615661621
665 -6.975057601928711
666 -8.667108535766602
667 -6.698324680328369
668 -7.668839454650879
669 -7.131619453430176
670 -7.092981338500977
671 -6.189789295196533
672 -8.983392715454102
673 -6.667179107666016
674 -6.289895057678223
675 -6.300601005554199
676 -6.633233547210693
677 -8.848748207092285
678 -8.096906661987305
679 -6.321109771728516
680 -6.35369348526001
681 -6.729506492614746
682 -7.188814163208008
683 -5.775073528289795
684 -6.502126693725586
685 -9.00389289855957
686 -7.21308708190918
687 -7.683745384216309
688 -7.168458938598633
689 -6.5480780601501465
690 -5.89694881439209
691 -5.954400062561035
692 -6.299752712249756
693 -6.532071590423584
694 -8.800139427185059
695 -6.465488910675049
696 -6.409341335296631
697 -7.289580821990967
698 -6.261953830718994
699 -6.951813220977783
700 -6.519845485687256
701 -6.098934173583984
702 -6.456130027770996
703 -6.874082565307617
704 -6.113556861877441
705 -6.928698539733887
706 -6.5957841873168945
707 -6.208686828613281
708 -6.36689567565918
709 -9.011955261230469
710 -6.772826671600342
711 -6.498415470123291
712 -6.248176574707031
713 -8.823187828063965
714 -6.459625244140625
715 -6.545956611633301
716 -6.573391914367676
717 -6.56063985824585
718 -6.320065498352051
719 -7.216737747192383
720 -9.064090728759766
721 -6.543750762939453
722 -6.941531181335449
723 -7.158206462860107
724 -8.5901517868042
725 -6.329540729522705
726 -6.086939811706543
727 -6.310803413391113
728 -5.8332719802856445
729 -6.049612998962402
730 -7.311371803283691
731 -6.532803535461426
732 -8.653563499450684
733 -8.533293724060059
734 -8.65461540222168
735 -6.529712677001953
736 -7.090579986572266
737 -8.034497261047363
738 -6.730319976806641
739 -8.006011962890625
740 -8.390617370605469
741 -6.386205673217773
742 -6.42939567565918
743 -8.933270454406738
744 -6.176077842712402
745 -6.1566362380981445
746 -6.459382057189941
747 -8.9258394241333
748 -7.138365745544434
749 -6.676894187927246
750 -6.295190811157227
751 -6.556087493896484
752 -7.487555980682373
753 -6.198866844177246
754 -7.114436626434326
755 -7.519396781921387
756 -6.209532737731934
757 -6.063907623291016
758 -6.302042484283447
759 -6.920592308044434
760 -7.164205551147461
761 -6.8195013999938965
762 -9.064090728759766
763 -6.665609359741211
764 -6.860661506652832
765 -6.063735008239746
766 -6.795925140380859
767 -6.551478385925293
768 -6.605386734008789
769 -7.380270004272461
770 -6.6429266929626465
771 -6.274675369262695
772 -6.013187408447266
773 -6.724069595336914
774 -7.159638404846191
775 -6.734466075897217
776 -7.099872589111328
777 -9.064090728759766
778 -7.819584846496582
779 -9.015549659729004
780 -7.438836574554443
781 -7.685925483703613
782 -7.134285926818848
783 -6.69043493270874
784 -6.592712879180908
785 -6.48523473739624
786 -6.426634788513184
787 -6.89016580581665
788 -9.005241394042969
789 -8.792008399963379
790 -6.273644924163818
791 -6.941703796386719
792 -6.836003303527832
793 -6.465884208679199
794 -6.686616897583008
795 -8.060019493103027
796 -7.627535820007324
797 -6.772179126739502
798 -5.941058158874512
799 -7.183764457702637
800 -6.859586715698242
801 -9.064090728759766
802 -6.96367073059082
803 -6.834514617919922
804 -6.76777982711792
805 -6.057286262512207
806 -6.562470436096191
807 -7.799395561218262
808 -6.528125762939453
809 -6.816518306732178
810 -8.380005836486816
811 -6.3593525886535645
812 -6.739938259124756
813 -6.97210693359375
814 -8.667709350585938
815 -6.856210708618164
816 -6.258159160614014
817 -6.532541275024414
818 -7.210079193115234
819 -6.658764839172363
820 -6.377590179443359
821 -7.831944942474365
822 -6.857378005981445
823 -7.027600288391113
824 -9.039508819580078
825 -7.047985076904297
826 -7.640795707702637
827 -6.490405082702637
828 -6.867842674255371
829 -8.611092567443848
830 -7.400921821594238
831 -6.3214898109436035
832 -6.564662933349609
833 -6.342648506164551
834 -8.927085876464844
835 -6.680627346038818
836 -6.033020973205566
837 -7.220910549163818
838 -7.342492580413818
839 -6.577396869659424
840 -6.622341156005859
841 -6.810375213623047
842 -7.091691017150879
843 -9.06408977508545
844 -6.296356201171875
845 -6.194220542907715
846 -6.777782917022705
847 -8.758872985839844
848 -7.168846130371094
849 -7.464383125305176
850 -6.290502548217773
851 -6.48664665222168
852 -6.156308174133301
853 -6.324959754943848
854 -6.889938831329346
855 -8.348531723022461
856 -8.753891944885254
857 -6.685243606567383
858 -8.466501235961914
859 -6.157616138458252
860 -7.249968528747559
861 -6.384225845336914
862 -6.248508453369141
863 -6.49949836730957
864 -6.640841484069824
865 -7.43058967590332
866 -6.97067403793335
867 -6.824515342712402
868 -8.99685287475586
869 -6.5278801918029785
870 -6.338865280151367
871 -6.979589939117432
872 -7.155744552612305
873 -6.941703796386719
874 -7.9495978355407715
875 -7.234135627746582
876 -6.156637191772461
877 -6.594651222229004
878 -6.244724273681641
879 -6.438227653503418
880 -6.232089996337891
881 -5.989523887634277
882 -8.220458030700684
883 -9.06408977508545
884 -7.957995414733887
885 -6.404712677001953
886 -6.893658638000488
887 -7.159718990325928
888 -6.811069011688232
889 -6.702487468719482
890 -8.583419799804688
891 -8.413749694824219
892 -6.154206275939941
893 -6.530735969543457
894 -6.345086097717285
895 -6.198299407958984
896 -8.436315536499023
897 -8.306339263916016
898 -6.326251029968262
899 -7.060165882110596
900 -8.866453170776367
901 -6.429533004760742
902 -6.542160987854004
903 -8.910619735717773
904 -8.410247802734375
905 -7.620872974395752
906 -6.072751045227051
907 -8.699288368225098
908 -7.023013591766357
909 -7.208663463592529
910 -8.492810249328613
911 -8.564416885375977
912 -7.141715049743652
913 -7.617589950561523
914 -9.064090728759766
915 -6.008288383483887
916 -6.330023288726807
917 -7.159368515014648
918 -6.396644592285156
919 -6.2254252433776855
920 -6.662680149078369
921 -6.585201263427734
922 -7.113562107086182
923 -6.479140758514404
924 -6.781308174133301
925 -7.349292278289795
926 -7.29094934463501
927 -6.888580322265625
928 -8.703985214233398
929 -8.430218696594238
930 -6.460570812225342
931 -6.8329548835754395
932 -6.29936408996582
933 -6.012546539306641
934 -6.980844497680664
935 -6.889862060546875
936 -6.55773401260376
937 -5.977581977844238
938 -7.118251800537109
939 -6.9002299308776855
940 -6.252060413360596
941 -6.608928680419922
942 -8.949004173278809
943 -6.6773481369018555
944 -6.253259181976318
945 -6.453886985778809
946 -6.070839881896973
947 -9.064090728759766
948 -7.618620872497559
949 -6.555405139923096
950 -5.982474327087402
951 -6.891660213470459
952 -6.444677352905273
953 -7.80363655090332
954 -9.064090728759766
955 -5.845941543579102
956 -6.715005874633789
957 -7.001502990722656
958 -7.519396781921387
959 -6.572433948516846
960 -6.465994358062744
961 -7.439822673797607
962 -6.56910514831543
963 -5.995688438415527
964 -8.147393226623535
965 -6.145580291748047
966 -7.263359069824219
967 -6.280637741088867
968 -8.956430435180664
969 -7.266263961791992
970 -8.324003219604492
971 -6.170074462890625
972 -7.140582084655762
973 -6.553913116455078
974 -6.353194236755371
975 -6.172734260559082
976 -7.861409664154053
977 -6.156636714935303
978 -7.618701934814453
979 -7.196757793426514
980 -6.447145938873291
981 -6.725545883178711
982 -8.321966171264648
983 -6.720723628997803
984 -6.814607620239258
985 -6.465857028961182
986 -6.707771301269531
987 -6.466383934020996
988 -6.685916900634766
989 -7.6779632568359375
990 -6.510919570922852
991 -6.403410911560059
992 -6.280890941619873
993 -6.0702385902404785
994 -9.06408977508545
995 -5.923368453979492
996 -7.230112075805664
997 -6.57499885559082
998 -6.940278053283691
999 -6.534361839294434
