0 -7.738143444061279
1 -8.113286018371582
2 -9.06407356262207
3 -7.6706156730651855
4 -9.064072608947754
5 -9.06406307220459
6 -7.623452186584473
7 -7.715010643005371
8 -9.064079284667969
9 -9.064080238342285
10 -9.064090728759766
11 -7.899108409881592
12 -9.064077377319336
13 -9.064087867736816
14 -9.064072608947754
15 -9.06403636932373
16 -9.064078330993652
17 -9.064074516296387
18 -9.064080238342285
19 -9.064079284667969
20 -9.064085006713867
21 -9.064044952392578
22 -9.06407356262207
23 -7.5638275146484375
24 -9.064043045043945
25 -9.064043045043945
26 -9.063721656799316
27 -9.064046859741211
28 -7.625707149505615
29 -7.442546367645264
30 -9.064062118530273
31 -7.473662376403809
32 -7.50676965713501
33 -9.064077377319336
34 -9.064051628112793
35 -8.060052871704102
36 -7.611083030700684
37 -7.796939849853516
38 -9.06407356262207
39 -9.064069747924805
40 -7.440665245056152
41 -7.8921799659729
42 -7.864782333374023
43 -9.064090728759766
44 -7.761658668518066
45 -7.798732280731201
46 -9.06406021118164
47 -7.531311988830566
48 -9.064056396484375
49 -7.589756011962891
50 -7.160189628601074
51 -7.80260705947876
52 -7.675634860992432
53 -9.064053535461426
54 -9.064043045043945
55 -9.064085960388184
56 -9.064085960388184
57 -9.064080238342285
58 -9.064054489135742
59 -7.440712928771973
60 -9.064078330993652
61 -7.738166809082031
62 -7.732738971710205
63 -9.064087867736816
64 -9.064075469970703
65 -7.532836437225342
66 -9.064068794250488
67 -8.112968444824219
68 -7.604572296142578
69 -9.064070701599121
70 -9.064033508300781
71 -9.064079284667969
72 -9.06408405303955
73 -7.72449254989624
74 -7.566947937011719
75 -9.062889099121094
76 -9.064080238342285
77 -9.06407642364502
78 -9.064080238342285
79 -9.064085960388184
80 -9.064074516296387
81 -9.064026832580566
82 -9.0640869140625
83 -7.905365943908691
84 -9.064061164855957
85 -9.064082145690918
86 -7.402472019195557
87 -9.064077377319336
88 -7.671999454498291
89 -9.06407356262207
90 -9.064046859741211
91 -9.06406307220459
92 -7.400089740753174
93 -7.614096641540527
94 -9.06408405303955
95 -8.060050964355469
96 -9.064090728759766
97 -7.3947248458862305
98 -9.064056396484375
99 -9.064079284667969
100 -7.837860107421875
101 -9.064082145690918
102 -9.064085006713867
103 -7.606271266937256
104 -9.064062118530273
105 -9.064075469970703
106 -7.5006818771362305
107 -9.064068794250488
108 -9.064078330993652
109 -7.584300994873047
110 -9.064062118530273
111 -9.064072608947754
112 -7.69551944732666
113 -9.064079284667969
114 -9.06324291229248
115 -7.864798069000244
116 -7.606451988220215
117 -7.748267650604248
118 -8.47966480255127
119 -7.423343658447266
120 -9.06408977508545
121 -9.064064979553223
122 -9.06408405303955
123 -7.782860279083252
124 -9.064079284667969
125 -9.064069747924805
126 -9.064065933227539
127 -7.7072858810424805
128 -9.064065933227539
129 -9.0640869140625
130 -9.0640869140625
131 -9.064066886901855
132 -9.064074516296387
133 -9.064083099365234
134 -9.064061164855957
135 -7.792163372039795
136 -7.905412197113037
137 -9.06408977508545
138 -9.06407356262207
139 -9.06408405303955
140 -7.631860256195068
141 -9.06408405303955
142 -9.064081192016602
143 -9.064050674438477
144 -9.064077377319336
145 -9.064090728759766
146 -9.064070701599121
147 -9.064035415649414
148 -9.064082145690918
149 -7.7219696044921875
150 -9.064078330993652
151 -9.064072608947754
152 -9.064035415649414
153 -9.064068794250488
154 -7.4738030433654785
155 -7.725435733795166
156 -9.064079284667969
157 -7.905402183532715
158 -9.064081192016602
159 -7.804863929748535
160 -9.064050674438477
161 -9.064058303833008
162 -9.064061164855957
163 -9.06407356262207
164 -7.535704612731934
165 -9.06405258178711
166 -7.837864398956299
167 -7.90462064743042
168 -9.064075469970703
169 -9.064090728759766
170 -7.400447368621826
171 -9.064083099365234
172 -9.064078330993652
173 -7.864797115325928
174 -9.064085960388184
175 -9.064085960388184
176 -9.064083099365234
177 -9.064088821411133
178 -9.064075469970703
179 -7.904624938964844
180 -7.658939361572266
181 -9.064066886901855
182 -9.064064025878906
183 -7.631993293762207
184 -7.673861980438232
185 -9.064072608947754
186 -7.66104793548584
187 -8.113261222839355
188 -7.796898365020752
189 -7.804871082305908
190 -9.0640869140625
191 -9.064080238342285
192 -8.060063362121582
193 -7.904622554779053
194 -9.064051628112793
195 -9.06408405303955
196 -7.905392169952393
197 -7.714793682098389
198 -9.064081192016602
199 -7.711955547332764
200 -9.064057350158691
201 -9.064068794250488
202 -9.064047813415527
203 -7.48629093170166
204 -9.064082145690918
205 -7.707282543182373
206 -9.064075469970703
207 -7.798732280731201
208 -9.064081192016602
209 -9.064054489135742
210 -7.714591026306152
211 -9.064074516296387
212 -9.064079284667969
213 -9.064070701599121
214 -9.064080238342285
215 -9.064070701599121
216 -9.064081192016602
217 -9.062140464782715
218 -7.778591156005859
219 -7.761700630187988
220 -9.064047813415527
221 -9.064081192016602
222 -7.73417329788208
223 -9.06406307220459
224 -9.0640869140625
225 -9.064085006713867
226 -9.06408405303955
227 -9.064082145690918
228 -7.390041351318359
229 -9.064056396484375
230 -9.063507080078125
231 -9.064072608947754
232 -7.4240946769714355
233 -9.064079284667969
234 -7.61467981338501
235 -7.499606132507324
236 -7.645188331604004
237 -7.590566158294678
238 -9.063821792602539
239 -9.064090728759766
240 -9.064064025878906
241 -9.064055442810059
242 -9.06408405303955
243 -7.435990333557129
244 -9.064056396484375
245 -9.064079284667969
246 -9.064082145690918
247 -9.064068794250488
248 -9.064065933227539
249 -9.064081192016602
250 -7.532865524291992
251 -7.52043342590332
252 -9.06407642364502
253 -7.915643215179443
254 -9.064088821411133
255 -9.064090728759766
256 -7.903021812438965
257 -9.064064979553223
258 -9.064059257507324
259 -9.064090728759766
260 -9.064083099365234
261 -9.064077377319336
262 -9.064072608947754
263 -7.633246421813965
264 -9.06406307220459
265 -9.064066886901855
266 -7.798722267150879
267 -9.064082145690918
268 -9.062288284301758
269 -9.064075469970703
270 -7.8647990226745605
271 -9.064082145690918
272 -7.79371976852417
273 -9.064090728759766
274 -9.064069747924805
275 -9.064082145690918
276 -9.064085960388184
277 -8.113300323486328
278 -7.748195648193359
279 -9.06406021118164
280 -9.064090728759766
281 -7.739070892333984
282 -7.543160438537598
283 -7.5638251304626465
284 -9.064074516296387
285 -8.113295555114746
286 -7.73919153213501
287 -9.064090728759766
288 -9.064082145690918
289 -7.797095775604248
290 -9.06405258178711
291 -9.064078330993652
292 -7.402134418487549
293 -9.064090728759766
294 -7.300963401794434
295 -7.748260974884033
296 -7.585270404815674
297 -9.064079284667969
298 -9.064079284667969
299 -9.064088821411133
300 -9.064042091369629
301 -9.064054489135742
302 -7.902406215667725
303 -9.064078330993652
304 -9.06408405303955
305 -9.064079284667969
306 -9.064088821411133
307 -7.6326584815979
308 -9.064077377319336
309 -7.665302276611328
310 -7.623427391052246
311 -8.06004524230957
312 -7.837875843048096
313 -7.843906402587891
314 -7.837904930114746
315 -9.064090728759766
316 -9.064078330993652
317 -7.864788055419922
318 -9.064077377319336
319 -9.064062118530273
320 -9.064085960388184
321 -7.903004169464111
322 -7.80263614654541
323 -9.064067840576172
324 -9.064066886901855
325 -7.779928207397461
326 -9.064047813415527
327 -7.71195650100708
328 -7.802581310272217
329 -9.064057350158691
330 -7.646206378936768
331 -9.064058303833008
332 -8.007988929748535
333 -7.606501579284668
334 -9.064085006713867
335 -8.113292694091797
336 -9.064085960388184
337 -7.633234977722168
338 -9.064090728759766
339 -7.915654182434082
340 -9.06407642364502
341 -7.8048577308654785
342 -9.064064979553223
343 -9.064083099365234
344 -9.064082145690918
345 -7.741215229034424
346 -9.064083099365234
347 -7.606506824493408
348 -9.0640869140625
349 -7.904514789581299
350 -7.306900978088379
351 -9.064075469970703
352 -7.678661346435547
353 -9.064083099365234
354 -9.064054489135742
355 -9.064085960388184
356 -9.064072608947754
357 -7.65747594833374
358 -9.064085960388184
359 -9.064079284667969
360 -9.064075469970703
361 -9.064081192016602
362 -7.65744686126709
363 -7.671973705291748
364 -9.064078330993652
365 -9.064075469970703
366 -9.064054489135742
367 -7.899225234985352
368 -9.064077377319336
369 -9.064085006713867
370 -9.064056396484375
371 -9.064070701599121
372 -7.796905040740967
373 -7.738193035125732
374 -7.673770904541016
375 -9.064085006713867
376 -9.064080238342285
377 -9.064056396484375
378 -9.064087867736816
379 -7.798322677612305
380 -9.064068794250488
381 -9.064054489135742
382 -9.064064025878906
383 -9.06407356262207
384 -7.837891578674316
385 -9.064079284667969
386 -9.062962532043457
387 -7.506126880645752
388 -9.064078330993652
389 -9.064056396484375
390 -7.551403999328613
391 -7.905395030975342
392 -9.06407356262207
393 -7.864797592163086
394 -7.804879188537598
395 -9.0640869140625
396 -9.064085006713867
397 -9.064058303833008
398 -7.6451897621154785
399 -9.064064979553223
400 -9.064083099365234
401 -9.064078330993652
402 -9.06408977508545
403 -7.86480188369751
404 -7.998467922210693
405 -9.064072608947754
406 -9.064090728759766
407 -7.424099445343018
408 -9.064068794250488
409 -8.113292694091797
410 -9.064055442810059
411 -9.064071655273438
412 -9.064031600952148
413 -8.060041427612305
414 -9.064082145690918
415 -7.804869174957275
416 -9.064059257507324
417 -9.064069747924805
418 -9.064072608947754
419 -7.898863315582275
420 -9.064079284667969
421 -7.761683940887451
422 -9.064078330993652
423 -7.720553398132324
424 -9.064078330993652
425 -9.064064025878906
426 -9.064082145690918
427 -7.864780426025391
428 -9.064068794250488
429 -9.064077377319336
430 -7.572066307067871
431 -9.064080238342285
432 -9.064090728759766
433 -9.064066886901855
434 -7.672038555145264
435 -9.064062118530273
436 -7.860509395599365
437 -9.064069747924805
438 -9.064058303833008
439 -7.553365230560303
440 -9.064085006713867
441 -9.064090728759766
442 -7.864009857177734
443 -7.7999114990234375
444 -9.064078330993652
445 -9.06406021118164
446 -9.064079284667969
447 -9.064080238342285
448 -9.064068794250488
449 -7.363776683807373
450 -7.473834037780762
451 -9.06408977508545
452 -9.064079284667969
453 -7.915613651275635
454 -9.064090728759766
455 -7.9153900146484375
456 -7.469958782196045
457 -9.064027786254883
458 -7.761683940887451
459 -7.645188808441162
460 -9.064037322998047
461 -9.064082145690918
462 -8.113263130187988
463 -7.415099143981934
464 -7.501689910888672
465 -9.064081192016602
466 -7.796889781951904
467 -9.064071655273438
468 -9.0640287399292
469 -7.598940372467041
470 -8.060049057006836
471 -9.064066886901855
472 -9.06407642364502
473 -9.064078330993652
474 -7.84627628326416
475 -9.064077377319336
476 -7.779965400695801
477 -7.656725883483887
478 -9.06406021118164
479 -9.064043045043945
480 -7.669278621673584
481 -9.064083099365234
482 -9.064048767089844
483 -8.113290786743164
484 -9.0640869140625
485 -9.064058303833008
486 -9.064090728759766
487 -9.06405258178711
488 -9.064062118530273
489 -7.3863701820373535
490 -7.798737525939941
491 -7.307957172393799
492 -7.632862567901611
493 -9.064064025878906
494 -7.622090816497803
495 -7.79696798324585
496 -9.064047813415527
497 -9.064040184020996
498 -9.064071655273438
499 -9.064072608947754
500 -9.064080238342285
501 -9.064051628112793
502 -7.402491569519043
503 -9.064044952392578
504 -9.064090728759766
505 -9.064079284667969
506 -9.064078330993652
507 -9.064069747924805
508 -9.06404972076416
509 -9.064085006713867
510 -9.064085006713867
511 -9.064072608947754
512 -9.064082145690918
513 -9.064081192016602
514 -9.064083099365234
515 -7.802579402923584
516 -9.064061164855957
517 -7.468989372253418
518 -7.739465713500977
519 -9.0640869140625
520 -7.7482590675354
521 -9.064070701599121
522 -9.064041137695312
523 -9.06407356262207
524 -9.064075469970703
525 -9.064080238342285
526 -9.064070701599121
527 -7.904599189758301
528 -9.06405258178711
529 -9.06406307220459
530 -9.06408977508545
531 -9.064082145690918
532 -9.064070701599121
533 -9.064069747924805
534 -7.625954627990723
535 -7.449216365814209
536 -7.748232364654541
537 -9.0640869140625
538 -9.064082145690918
539 -9.064072608947754
540 -7.645269393920898
541 -9.06407642364502
542 -9.064081192016602
543 -9.064075469970703
544 -7.554136276245117
545 -9.064075469970703
546 -9.064065933227539
547 -9.064083099365234
548 -9.064062118530273
549 -7.796973705291748
550 -9.064050674438477
551 -9.06407642364502
552 -7.738162994384766
553 -7.60690975189209
554 -9.064074516296387
555 -9.064059257507324
556 -9.064064979553223
557 -8.11329174041748
558 -7.473537445068359
559 -7.569015026092529
560 -7.878514766693115
561 -7.288234710693359
562 -9.064061164855957
563 -9.064085006713867
564 -9.064085006713867
565 -9.064081192016602
566 -7.626763343811035
567 -7.994159698486328
568 -9.064090728759766
569 -9.064045906066895
570 -7.676756381988525
571 -9.064046859741211
572 -9.064064979553223
573 -7.561239719390869
574 -9.064072608947754
575 -7.738173484802246
576 -9.064041137695312
577 -9.064085006713867
578 -9.06407642364502
579 -9.064050674438477
580 -9.06406307220459
581 -7.902419090270996
582 -7.480043888092041
583 -7.580471038818359
584 -9.06408405303955
585 -7.915646553039551
586 -9.064088821411133
587 -9.064087867736816
588 -7.645275115966797
589 -7.779928684234619
590 -7.837830066680908
591 -9.064064979553223
592 -7.90302848815918
593 -7.543811321258545
594 -9.064047813415527
595 -7.673753261566162
596 -7.577147006988525
597 -9.064068794250488
598 -9.064065933227539
599 -7.415100574493408
600 -9.064090728759766
601 -7.905390739440918
602 -9.06406021118164
603 -9.064083099365234
604 -9.064080238342285
605 -8.060047149658203
606 -7.537474155426025
607 -7.587977409362793
608 -9.064000129699707
609 -7.798741340637207
610 -7.5190019607543945
611 -9.06408977508545
612 -9.064069747924805
613 -9.064081192016602
614 -9.064069747924805
615 -7.431239128112793
616 -9.06408405303955
617 -9.064090728759766
618 -7.677019119262695
619 -9.064057350158691
620 -7.715003967285156
621 -9.064074516296387
622 -9.064055442810059
623 -9.064085960388184
624 -9.064082145690918
625 -9.064088821411133
626 -7.392329692840576
627 -9.064008712768555
628 -9.064082145690918
629 -7.335528373718262
630 -9.064083099365234
631 -9.064085960388184
632 -7.915605068206787
633 -7.643409252166748
634 -9.06407642364502
635 -9.064059257507324
636 -7.645269393920898
637 -7.902292728424072
638 -9.06408405303955
639 -9.064085960388184
640 -9.064064979553223
641 -9.064079284667969
642 -7.645267963409424
643 -7.846207141876221
644 -9.063997268676758
645 -9.064088821411133
646 -9.064055442810059
647 -9.064078330993652
648 -7.671993732452393
649 -9.064054489135742
650 -9.064077377319336
651 -9.064083099365234
652 -8.113288879394531
653 -9.06407356262207
654 -9.064071655273438
655 -9.064067840576172
656 -9.064080238342285
657 -9.064087867736816
658 -9.064080238342285
659 -7.6023173332214355
660 -9.064080238342285
661 -9.064055442810059
662 -8.11328125
663 -9.064061164855957
664 -9.064075469970703
665 -7.605259895324707
666 -9.064041137695312
667 -9.064081192016602
668 -7.794991493225098
669 -9.064064025878906
670 -8.060032844543457
671 -9.064082145690918
672 -7.614678382873535
673 -9.06408977508545
674 -9.0640869140625
675 -7.905393600463867
676 -9.06408405303955
677 -9.064081192016602
678 -9.064046859741211
679 -9.06405258178711
680 -9.0640869140625
681 -9.064080238342285
682 -9.064081192016602
683 -9.064035415649414
684 -9.064082145690918
685 -9.064088821411133
686 -7.797799587249756
687 -9.06405258178711
688 -9.064083099365234
689 -7.646275997161865
690 -9.064050674438477
691 -9.06408405303955
692 -9.064051628112793
693 -9.064051628112793
694 -7.563837051391602
695 -9.06406307220459
696 -9.064057350158691
697 -7.669266700744629
698 -9.064090728759766
699 -9.064038276672363
700 -7.761666297912598
701 -9.064067840576172
702 -7.804878234863281
703 -7.779995918273926
704 -9.064074516296387
705 -9.064038276672363
706 -8.060025215148926
707 -7.592715263366699
708 -7.675623893737793
709 -9.064080238342285
710 -7.915666580200195
711 -9.064081192016602
712 -7.802572250366211
713 -7.535229206085205
714 -9.06408405303955
715 -9.064064979553223
716 -9.064080238342285
717 -9.064065933227539
718 -7.606490612030029
719 -7.799908638000488
720 -7.837845802307129
721 -9.064070701599121
722 -9.064014434814453
723 -7.905356407165527
724 -7.800474166870117
725 -7.796896457672119
726 -9.06407642364502
727 -9.06407356262207
728 -7.905364990234375
729 -9.064078330993652
730 -9.064080238342285
731 -9.06408405303955
732 -9.064044952392578
733 -7.915655136108398
734 -7.707294464111328
735 -7.289017200469971
736 -9.064079284667969
737 -9.064059257507324
738 -7.501709938049316
739 -9.064037322998047
740 -9.064082145690918
741 -9.064071655273438
742 -9.064090728759766
743 -9.064083099365234
744 -9.064077377319336
745 -9.064069747924805
746 -7.529618263244629
747 -7.579059600830078
748 -9.064074516296387
749 -8.11329174041748
750 -9.064088821411133
751 -7.798740386962891
752 -9.064085006713867
753 -9.064043045043945
754 -9.064078330993652
755 -9.064070701599121
756 -9.064022064208984
757 -9.064083099365234
758 -9.064066886901855
759 -9.064071655273438
760 -9.064081192016602
761 -9.064085006713867
762 -9.064057350158691
763 -9.064031600952148
764 -7.8647589683532715
765 -9.064077377319336
766 -9.064083099365234
767 -9.064075469970703
768 -9.064023971557617
769 -9.064064025878906
770 -7.570403099060059
771 -7.984526634216309
772 -9.064080238342285
773 -7.58793830871582
774 -9.064085960388184
775 -7.645273208618164
776 -7.905423641204834
777 -9.064057350158691
778 -7.804873466491699
779 -9.064072608947754
780 -9.064054489135742
781 -8.113285064697266
782 -7.779999256134033
783 -7.905406475067139
784 -7.6766791343688965
785 -9.06408977508545
786 -9.064061164855957
787 -9.064077377319336
788 -9.064068794250488
789 -8.113290786743164
790 -9.064068794250488
791 -7.557540416717529
792 -9.064078330993652
793 -9.064082145690918
794 -9.06408405303955
795 -7.854979038238525
796 -9.06405258178711
797 -9.064085006713867
798 -7.669159889221191
799 -7.645195960998535
800 -9.06408977508545
801 -9.064083099365234
802 -9.06408977508545
803 -9.064057350158691
804 -9.06402587890625
805 -7.513296127319336
806 -9.064054489135742
807 -9.064085006713867
808 -9.064071655273438
809 -9.064079284667969
810 -9.064079284667969
811 -9.064075469970703
812 -7.709120750427246
813 -7.779974460601807
814 -9.064071655273438
815 -7.364203929901123
816 -7.676817893981934
817 -9.064071655273438
818 -7.904622554779053
819 -9.064083099365234
820 -7.966062068939209
821 -7.9046311378479
822 -7.400760173797607
823 -9.064091682434082
824 -7.779991626739502
825 -9.064080238342285
826 -7.905421733856201
827 -9.064090728759766
828 -9.064088821411133
829 -9.064058303833008
830 -9.064059257507324
831 -7.804879188537598
832 -9.064090728759766
833 -7.632701396942139
834 -7.779950141906738
835 -7.715003490447998
836 -7.606103420257568
837 -9.064055442810059
838 -7.645269393920898
839 -7.804869174957275
840 -7.914021968841553
841 -9.064070701599121
842 -8.060054779052734
843 -7.802521228790283
844 -9.064043998718262
845 -8.060053825378418
846 -9.064075469970703
847 -7.372714042663574
848 -9.064059257507324
849 -7.804443359375
850 -9.064081192016602
851 -7.579058647155762
852 -9.064062118530273
853 -7.864788055419922
854 -9.064090728759766
855 -7.336544036865234
856 -9.064077377319336
857 -7.569881439208984
858 -9.064090728759766
859 -9.027671813964844
860 -9.064085960388184
861 -7.804846286773682
862 -9.064085006713867
863 -9.064074516296387
864 -9.064088821411133
865 -9.064045906066895
866 -7.796902179718018
867 -9.064057350158691
868 -7.903016567230225
869 -9.064067840576172
870 -7.864796161651611
871 -9.064065933227539
872 -7.738173007965088
873 -7.903022289276123
874 -7.415098190307617
875 -8.327598571777344
876 -7.72199821472168
877 -8.113299369812012
878 -9.064068794250488
879 -7.864806652069092
880 -9.06403923034668
881 -9.06408405303955
882 -7.557793617248535
883 -7.707300662994385
884 -9.064079284667969
885 -7.636740684509277
886 -7.523036479949951
887 -9.064077377319336
888 -7.915624618530273
889 -9.06408405303955
890 -7.8026580810546875
891 -9.064067840576172
892 -7.671976566314697
893 -9.0640869140625
894 -7.6451873779296875
895 -9.064085960388184
896 -9.064090728759766
897 -7.864799499511719
898 -9.064079284667969
899 -7.802654266357422
900 -7.905418395996094
901 -9.064064025878906
902 -9.06408405303955
903 -7.779977798461914
904 -9.06408977508545
905 -9.064071655273438
906 -7.905397415161133
907 -9.064075469970703
908 -9.064080238342285
909 -7.798725605010986
910 -9.0640869140625
911 -9.064075469970703
912 -9.064040184020996
913 -7.645277976989746
914 -7.99781608581543
915 -7.675633430480957
916 -7.645878791809082
917 -9.064085006713867
918 -7.281585693359375
919 -9.064081192016602
920 -7.660654067993164
921 -9.064090728759766
922 -7.837892532348633
923 -9.06406307220459
924 -8.112421989440918
925 -7.748161315917969
926 -7.549724578857422
927 -9.064080238342285
928 -7.611077308654785
929 -7.86480188369751
930 -7.905412197113037
931 -9.064078330993652
932 -9.064056396484375
933 -7.966677665710449
934 -8.11320972442627
935 -9.064080238342285
936 -7.798738479614258
937 -9.064075469970703
938 -8.060013771057129
939 -7.621869087219238
940 -9.064083099365234
941 -9.064079284667969
942 -9.064090728759766
943 -9.064085960388184
944 -9.06407642364502
945 -9.064081192016602
946 -7.804872035980225
947 -7.710570335388184
948 -9.064074516296387
949 -9.064090728759766
950 -9.064083099365234
951 -9.064078330993652
952 -7.802648544311523
953 -7.4569268226623535
954 -9.064090728759766
955 -9.064062118530273
956 -9.064081192016602
957 -9.064081192016602
958 -9.064085006713867
959 -9.06406021118164
960 -7.587047576904297
961 -9.064079284667969
962 -7.45048189163208
963 -7.4947123527526855
964 -9.064065933227539
965 -9.064067840576172
966 -9.064080238342285
967 -9.064067840576172
968 -8.060054779052734
969 -9.064080238342285
970 -9.064053535461426
971 -7.761634826660156
972 -7.485655784606934
973 -7.6748046875
974 -7.8026323318481445
975 -9.064070701599121
976 -7.9934916496276855
977 -7.630624771118164
978 -9.064055442810059
979 -7.997262954711914
980 -7.415099620819092
981 -9.064062118530273
982 -9.064082145690918
983 -7.950626373291016
984 -9.064090728759766
985 -9.064064025878906
986 -9.064048767089844
987 -9.06407642364502
988 -9.064083099365234
989 -9.064057350158691
990 -9.064079284667969
991 -8.6287260055542
992 -9.064083099365234
993 -9.064079284667969
994 -8.113285064697266
995 -9.064079284667969
996 -7.902407646179199
997 -7.798740863800049
998 -9.064064979553223
999 -9.064064025878906
