0 -5.412430286407471
1 -5.544741630554199
2 -5.1967082023620605
3 -5.163679122924805
4 -5.203042984008789
5 -6.839719772338867
6 -6.624769687652588
7 -6.471428871154785
8 -6.540661334991455
9 -7.757811069488525
10 -7.909712791442871
11 -6.269037246704102
12 -6.105083465576172
13 -8.509315490722656
14 -7.587738990783691
15 -6.235393524169922
16 -6.0003790855407715
17 -6.404513835906982
18 -6.326172351837158
19 -6.726192474365234
20 -6.39127254486084
21 -6.670033931732178
22 -7.601869583129883
23 -7.6905694007873535
24 -7.5055742263793945
25 -9.064090728759766
26 -7.343053817749023
27 -6.697289943695068
28 -6.049234390258789
29 -6.251052379608154
30 -8.502890586853027
31 -6.267810821533203
32 -8.10501480102539
33 -6.510172367095947
34 -6.571234703063965
35 -8.774415016174316
36 -8.764103889465332
37 -6.3232574462890625
38 -6.535444259643555
39 -6.950989246368408
40 -6.403817653656006
41 -5.9774980545043945
42 -7.225508689880371
43 -8.512551307678223
44 -6.237342357635498
45 -5.886025428771973
46 -9.064090728759766
47 -6.2258710861206055
48 -6.32393741607666
49 -6.769641399383545
50 -9.06408977508545
51 -8.431992530822754
52 -6.955941677093506
53 -7.115809917449951
54 -7.4794602394104
55 -6.7599287033081055
56 -6.948136329650879
57 -7.51157808303833
58 -7.119559288024902
59 -7.84619140625
60 -7.366348743438721
61 -6.656857490539551
62 -8.55139446258545
63 -7.882049560546875
64 -6.885443687438965
65 -7.8664021492004395
66 -6.903177261352539
67 -6.261175155639648
68 -6.582758903503418
69 -7.539817810058594
70 -5.838070869445801
71 -7.550090789794922
72 -7.1511383056640625
73 -6.652225971221924
74 -9.064090728759766
75 -7.977975368499756
76 -6.29115629196167
77 -8.03831958770752
78 -6.342855453491211
79 -6.597278594970703
80 -6.904506683349609
81 -6.375099182128906
82 -6.085440635681152
83 -6.376779556274414
84 -6.1566362380981445
85 -6.542977809906006
86 -6.375873565673828
87 -8.551129341125488
88 -7.133105278015137
89 -6.833806991577148
90 -6.711941719055176
91 -6.290364742279053
92 -6.292487144470215
93 -6.948412895202637
94 -7.096552848815918
95 -6.268043518066406
96 -6.031696319580078
97 -7.723055362701416
98 -6.822752952575684
99 -8.599084854125977
100 -6.632961750030518
101 -6.5735392570495605
102 -6.730680465698242
103 -7.550152778625488
104 -6.862461090087891
105 -8.005159378051758
106 -6.218719482421875
107 -7.252434730529785
108 -6.999273300170898
109 -6.093247413635254
110 -6.918421745300293
111 -5.857320785522461
112 -6.367504119873047
113 -7.8036370277404785
114 -7.024591445922852
115 -6.294758319854736
116 -6.656527042388916
117 -6.18217658996582
118 -6.55534553527832
119 -8.199508666992188
120 -6.443977355957031
121 -6.94474983215332
122 -6.674617290496826
123 -9.064090728759766
124 -6.672565460205078
125 -6.481170654296875
126 -6.308058738708496
127 -6.427631855010986
128 -7.242926120758057
129 -7.0304365158081055
130 -6.937315940856934
131 -7.050051689147949
132 -7.519397258758545
133 -6.161701202392578
134 -6.5097551345825195
135 -7.491401672363281
136 -6.526818752288818
137 -9.064090728759766
138 -8.929057121276855
139 -6.883046627044678
140 -9.064090728759766
141 -6.487872123718262
142 -6.457699298858643
143 -6.43397331237793
144 -8.745109558105469
145 -6.547893524169922
146 -9.02978801727295
147 -9.064090728759766
148 -6.598884582519531
149 -6.282774925231934
150 -9.064090728759766
151 -7.232656002044678
152 -6.98278284072876
153 -6.064075469970703
154 -7.220665454864502
155 -6.25330924987793
156 -8.855473518371582
157 -6.3235368728637695
158 -6.952920436859131
159 -6.798337936401367
160 -8.723968505859375
161 -6.500555515289307
162 -9.06408977508545
163 -8.01622486114502
164 -7.270511150360107
165 -6.645258903503418
166 -6.1643877029418945
167 -6.508823394775391
168 -7.033308029174805
169 -6.47053337097168
170 -6.0695085525512695
171 -8.409917831420898
172 -6.786478042602539
173 -6.6396636962890625
174 -6.868428707122803
175 -6.10133695602417
176 -6.679222106933594
177 -6.279895305633545
178 -6.13810920715332
179 -6.174434661865234
180 -6.246973037719727
181 -6.568793773651123
182 -6.386268615722656
183 -6.595859527587891
184 -6.604365825653076
185 -6.864986419677734
186 -8.442150115966797
187 -5.949791431427002
188 -8.714828491210938
189 -6.344873428344727
190 -6.315495491027832
191 -7.426036357879639
192 -5.8726043701171875
193 -7.261305332183838
194 -7.5375494956970215
195 -8.028916358947754
196 -8.5764741897583
197 -8.347037315368652
198 -6.542867660522461
199 -6.080204963684082
200 -6.171950340270996
201 -7.097280025482178
202 -6.715757846832275
203 -6.303287982940674
204 -9.064091682434082
205 -6.097284317016602
206 -6.155915260314941
207 -6.780126571655273
208 -5.8789215087890625
209 -6.498648166656494
210 -6.871443748474121
211 -9.064090728759766
212 -6.587355136871338
213 -7.173223495483398
214 -7.561892986297607
215 -6.144695281982422
216 -7.229676723480225
217 -7.077766418457031
218 -5.9761857986450195
219 -7.405173301696777
220 -8.799874305725098
221 -8.651535987854004
222 -9.064090728759766
223 -6.455535411834717
224 -7.429952144622803
225 -8.778388977050781
226 -7.664260387420654
227 -6.847643852233887
228 -8.530048370361328
229 -7.0782976150512695
230 -6.4934983253479
231 -7.2481489181518555
232 -6.846154689788818
233 -7.540207862854004
234 -8.893762588500977
235 -6.8652777671813965
236 -5.967040061950684
237 -7.043195724487305
238 -6.615528106689453
239 -6.595268726348877
240 -6.200831890106201
241 -7.495666980743408
242 -6.582380771636963
243 -6.638497829437256
244 -7.891956329345703
245 -6.886690616607666
246 -9.06408977508545
247 -6.648099899291992
248 -6.383170127868652
249 -7.022960662841797
250 -7.5642571449279785
251 -8.778090476989746
252 -6.852781772613525
253 -6.052620887756348
254 -7.802278995513916
255 -6.415114879608154
256 -7.378496170043945
257 -8.683354377746582
258 -7.087301254272461
259 -7.180665969848633
260 -6.635807991027832
261 -6.424071311950684
262 -8.781089782714844
263 -8.829143524169922
264 -8.491365432739258
265 -7.602027416229248
266 -6.095429420471191
267 -6.257503509521484
268 -6.269295692443848
269 -6.302225112915039
270 -6.616528511047363
271 -7.686068058013916
272 -6.223955154418945
273 -6.612276554107666
274 -6.8848876953125
275 -8.958173751831055
276 -6.51908540725708
277 -7.548152446746826
278 -7.443877220153809
279 -7.278560638427734
280 -6.565876007080078
281 -6.798964500427246
282 -8.22983169555664
283 -6.62419319152832
284 -6.700833320617676
285 -5.992189407348633
286 -7.207490921020508
287 -7.373204231262207
288 -9.064090728759766
289 -8.564703941345215
290 -6.562675476074219
291 -8.217373847961426
292 -8.021892547607422
293 -6.714942932128906
294 -6.642355918884277
295 -8.907892227172852
296 -6.076646327972412
297 -7.900749206542969
298 -6.781635284423828
299 -6.456038951873779
300 -6.626924991607666
301 -6.497223377227783
302 -7.434133052825928
303 -6.863592147827148
304 -6.337922096252441
305 -8.5573091506958
306 -6.416147708892822
307 -6.222879409790039
308 -6.913434028625488
309 -6.200098037719727
310 -5.791642665863037
311 -6.054998397827148
312 -7.138906955718994
313 -7.103274822235107
314 -6.831544876098633
315 -7.185113906860352
316 -7.353755474090576
317 -7.349135875701904
318 -6.779565334320068
319 -6.702019691467285
320 -7.140598297119141
321 -8.987465858459473
322 -6.267157554626465
323 -8.937837600708008
324 -6.296975135803223
325 -7.5089826583862305
326 -8.401244163513184
327 -6.333779335021973
328 -6.979589462280273
329 -6.992370128631592
330 -6.227093696594238
331 -6.457912445068359
332 -7.979447841644287
333 -6.318747520446777
334 -7.85386848449707
335 -6.17018985748291
336 -7.128844261169434
337 -6.678529262542725
338 -7.934516906738281
339 -7.1647114753723145
340 -6.056210517883301
341 -8.249933242797852
342 -8.555887222290039
343 -7.073763847351074
344 -6.292649269104004
345 -6.518189430236816
346 -9.06408977508545
347 -9.064090728759766
348 -6.084621429443359
349 -6.678530693054199
350 -6.680076599121094
351 -6.906770706176758
352 -7.292781352996826
353 -6.75976037979126
354 -6.478991508483887
355 -6.4523468017578125
356 -6.926112174987793
357 -7.0985188484191895
358 -8.875185012817383
359 -6.876025199890137
360 -6.910099029541016
361 -6.390576362609863
362 -9.06408977508545
363 -9.064090728759766
364 -7.469464302062988
365 -6.68159294128418
366 -8.689905166625977
367 -9.04533576965332
368 -6.359334945678711
369 -7.152228355407715
370 -6.409329414367676
371 -7.621220588684082
372 -8.850817680358887
373 -7.334519863128662
374 -6.518479347229004
375 -7.068332195281982
376 -6.81218147277832
377 -6.281980514526367
378 -6.897125720977783
379 -6.047723770141602
380 -6.877329349517822
381 -6.20700740814209
382 -9.058349609375
383 -7.119845390319824
384 -9.06408977508545
385 -7.365158557891846
386 -6.171938419342041
387 -6.119988441467285
388 -6.720414638519287
389 -6.479633331298828
390 -6.104683876037598
391 -8.474759101867676
392 -7.287774562835693
393 -6.37714958190918
394 -8.613719940185547
395 -6.133648872375488
396 -6.576636791229248
397 -6.516901016235352
398 -5.932524681091309
399 -6.885030269622803
400 -8.90964126586914
401 -6.613556861877441
402 -6.121332168579102
403 -8.232409477233887
404 -7.042545795440674
405 -6.553679943084717
406 -7.060141563415527
407 -6.839100360870361
408 -7.720264911651611
409 -6.563467502593994
410 -7.027955532073975
411 -6.632550239562988
412 -6.519344329833984
413 -7.090205192565918
414 -7.046883583068848
415 -6.391627311706543
416 -6.891721725463867
417 -7.1741437911987305
418 -6.39108943939209
419 -7.204874038696289
420 -6.443075656890869
421 -6.158888339996338
422 -6.3745012283325195
423 -6.176919460296631
424 -8.157781600952148
425 -6.507058620452881
426 -6.554807186126709
427 -8.704949378967285
428 -9.064090728759766
429 -7.034578323364258
430 -6.593493461608887
431 -6.746730804443359
432 -7.228649616241455
433 -8.972338676452637
434 -6.539889335632324
435 -7.6359453201293945
436 -6.221973419189453
437 -8.613871574401855
438 -6.2675461769104
439 -9.031221389770508
440 -7.390782833099365
441 -8.812840461730957
442 -6.435574531555176
443 -6.235665321350098
444 -6.842082500457764
445 -8.454771041870117
446 -6.875967979431152
447 -6.763327598571777
448 -6.0529632568359375
449 -7.399460315704346
450 -7.95661735534668
451 -6.34880256652832
452 -6.324830055236816
453 -6.532107830047607
454 -7.559374809265137
455 -6.245019435882568
456 -6.438515663146973
457 -7.350343704223633
458 -6.600025177001953
459 -6.132661819458008
460 -6.580877304077148
461 -7.3422465324401855
462 -6.543906211853027
463 -8.025810241699219
464 -5.983397006988525
465 -6.830798625946045
466 -6.795005798339844
467 -7.598940849304199
468 -6.499581813812256
469 -5.798933982849121
470 -7.113883972167969
471 -6.514825820922852
472 -9.007400512695312
473 -6.164496421813965
474 -6.943276882171631
475 -6.693497180938721
476 -6.584165573120117
477 -6.485637664794922
478 -9.064090728759766
479 -6.5238142013549805
480 -7.812351226806641
481 -8.986692428588867
482 -6.54105281829834
483 -8.760354042053223
484 -7.847515106201172
485 -6.169894218444824
486 -6.500065803527832
487 -9.06408977508545
488 -8.903273582458496
489 -8.92531967163086
490 -7.768784046173096
491 -5.993135929107666
492 -6.386462211608887
493 -7.153561592102051
494 -6.3831987380981445
495 -6.508898735046387
496 -6.763289451599121
497 -6.779827117919922
498 -6.181863784790039
499 -6.703517436981201
500 -6.078432559967041
501 -6.189986228942871
502 -7.326502799987793
503 -6.3128662109375
504 -6.575936794281006
505 -8.908550262451172
506 -5.877933502197266
507 -6.530228614807129
508 -6.402259826660156
509 -7.241445541381836
510 -9.06408977508545
511 -6.164288520812988
512 -6.694517135620117
513 -7.02011251449585
514 -6.689604759216309
515 -6.358179092407227
516 -6.4540934562683105
517 -6.681790351867676
518 -6.860032558441162
519 -6.844947338104248
520 -6.773577690124512
521 -7.235336780548096
522 -7.180068016052246
523 -9.036314964294434
524 -6.694984436035156
525 -6.434393882751465
526 -7.91634464263916
527 -6.295275688171387
528 -8.961179733276367
529 -6.285160541534424
530 -6.9553375244140625
531 -6.358077049255371
532 -6.0043253898620605
533 -6.857686996459961
534 -6.426368713378906
535 -6.732405662536621
536 -8.672137260437012
537 -6.675189971923828
538 -7.620239734649658
539 -6.93656063079834
540 -6.288800239562988
541 -6.646816253662109
542 -6.511898994445801
543 -9.064090728759766
544 -8.118748664855957
545 -9.002978324890137
546 -6.178369045257568
547 -8.030430793762207
548 -7.294785022735596
549 -6.806614398956299
550 -7.4744977951049805
551 -6.553903579711914
552 -7.998569488525391
553 -6.577816963195801
554 -6.853834629058838
555 -6.845543384552002
556 -8.983169555664062
557 -6.483087539672852
558 -6.634401321411133
559 -6.260498046875
560 -8.507824897766113
561 -6.392274856567383
562 -7.314028739929199
563 -7.746267795562744
564 -6.456611633300781
565 -7.252784252166748
566 -7.403931140899658
567 -6.552981376647949
568 -7.7427144050598145
569 -6.364278316497803
570 -6.749218940734863
571 -5.9808268547058105
572 -6.6039910316467285
573 -9.06408977508545
574 -8.091938972473145
575 -6.652605056762695
576 -6.562013626098633
577 -7.173167705535889
578 -5.9544243812561035
579 -6.655525207519531
580 -5.86374568939209
581 -7.357944488525391
582 -9.064091682434082
583 -7.651723861694336
584 -5.957375526428223
585 -5.806155204772949
586 -6.494873523712158
587 -6.509521961212158
588 -6.998807907104492
589 -9.064090728759766
590 -5.845969200134277
591 -7.902126312255859
592 -5.942541599273682
593 -6.394017696380615
594 -6.019340991973877
595 -7.439218044281006
596 -6.820214748382568
597 -6.917566776275635
598 -6.6697916984558105
599 -6.115467071533203
600 -6.54472017288208
601 -8.912498474121094
602 -7.099686145782471
603 -7.62124490737915
604 -5.9873247146606445
605 -6.573816299438477
606 -7.877864837646484
607 -7.409491539001465
608 -6.0832366943359375
609 -6.045135974884033
610 -7.193547248840332
611 -6.155879020690918
612 -9.064090728759766
613 -5.848368167877197
614 -7.364696979522705
615 -6.678529739379883
616 -6.492356300354004
617 -8.029239654541016
618 -6.522697448730469
619 -5.943741798400879
620 -9.06408977508545
621 -8.386159896850586
622 -6.411900997161865
623 -6.31406831741333
624 -6.687738418579102
625 -8.975225448608398
626 -8.448797225952148
627 -6.636172294616699
628 -8.623885154724121
629 -7.419609546661377
630 -8.478346824645996
631 -7.882660865783691
632 -6.702836990356445
633 -6.757481575012207
634 -6.883830547332764
635 -6.968439102172852
636 -6.9889631271362305
637 -9.064090728759766
638 -8.549967765808105
639 -6.7908854484558105
640 -5.7306294441223145
641 -9.064090728759766
642 -7.306216239929199
643 -6.475527763366699
644 -6.915024757385254
645 -6.244148254394531
646 -6.769691467285156
647 -6.467116355895996
648 -6.941047191619873
649 -6.463770866394043
650 -6.209317684173584
651 -6.391025066375732
652 -6.40285587310791
653 -6.262088298797607
654 -9.036481857299805
655 -8.322372436523438
656 -5.868025779724121
657 -6.331872940063477
658 -6.650876045227051
659 -5.926513671875
660 -7.554886341094971
661 -6.092380523681641
662 -6.003419399261475
663 -7.6518964767456055
664 -6.247248649597168
665 -6.028488636016846
666 -6.377911567687988
667 -6.788230895996094
668 -6.381349563598633
669 -6.363667011260986
670 -6.3589019775390625
671 -6.019720554351807
672 -6.7485151290893555
673 -7.101944923400879
674 -6.625151634216309
675 -8.696500778198242
676 -6.543426513671875
677 -8.46174430847168
678 -7.2328596115112305
679 -6.317217826843262
680 -6.720806121826172
681 -6.360633850097656
682 -5.9054107666015625
683 -8.193723678588867
684 -7.000621318817139
685 -6.401606559753418
686 -6.036930561065674
687 -6.617112636566162
688 -8.68626880645752
689 -6.854257583618164
690 -6.127689838409424
691 -6.582444190979004
692 -6.660562515258789
693 -8.702766418457031
694 -6.479440212249756
695 -6.36502742767334
696 -6.954432487487793
697 -6.234944820404053
698 -6.5005574226379395
699 -6.502889633178711
700 -6.061460971832275
701 -6.480255126953125
702 -7.701658248901367
703 -6.515946388244629
704 -6.77025032043457
705 -6.509876728057861
706 -7.072542190551758
707 -6.752037525177002
708 -6.441589832305908
709 -6.5541090965271
710 -6.3861846923828125
711 -6.563783645629883
712 -5.966222763061523
713 -6.736603260040283
714 -6.207187652587891
715 -7.504866600036621
716 -9.035294532775879
717 -6.280861854553223
718 -6.295844078063965
719 -6.287071228027344
720 -7.9080939292907715
721 -6.326483726501465
722 -6.954290866851807
723 -6.233207702636719
724 -7.600341796875
725 -8.296133041381836
726 -6.676982879638672
727 -6.424247741699219
728 -6.475212097167969
729 -6.674280166625977
730 -8.776068687438965
731 -6.494128227233887
732 -7.495858192443848
733 -6.308528423309326
734 -6.152215957641602
735 -6.218684673309326
736 -6.283942222595215
737 -8.1253662109375
738 -6.851934432983398
739 -6.632805824279785
740 -6.94171142578125
741 -6.895969867706299
742 -6.086488246917725
743 -6.28521728515625
744 -8.375381469726562
745 -7.715210437774658
746 -6.337828159332275
747 -9.057493209838867
748 -7.479506015777588
749 -6.3717875480651855
750 -7.544541358947754
751 -7.174535751342773
752 -6.573382377624512
753 -8.227334022521973
754 -6.284711837768555
755 -8.25426197052002
756 -6.500413417816162
757 -7.026553153991699
758 -6.783074378967285
759 -6.554447650909424
760 -6.410061836242676
761 -6.493528366088867
762 -9.012391090393066
763 -6.930359840393066
764 -6.966940402984619
765 -6.273472785949707
766 -6.344336986541748
767 -6.516915798187256
768 -7.807257652282715
769 -6.412890434265137
770 -6.351114273071289
771 -9.064090728759766
772 -6.861982822418213
773 -7.149105548858643
774 -8.304384231567383
775 -5.986329555511475
776 -5.963266372680664
777 -6.708957195281982
778 -5.970615386962891
779 -6.09006404876709
780 -8.78069019317627
781 -6.228043079376221
782 -6.255509376525879
783 -7.395216464996338
784 -6.594148635864258
785 -7.200451374053955
786 -6.840248107910156
787 -7.748653411865234
788 -6.274621963500977
789 -8.534152030944824
790 -7.085503101348877
791 -6.623935222625732
792 -8.774550437927246
793 -6.319483757019043
794 -6.603939056396484
795 -8.043730735778809
796 -8.380386352539062
797 -8.698322296142578
798 -7.305549144744873
799 -5.995597839355469
800 -6.6830058097839355
801 -6.4011430740356445
802 -8.388527870178223
803 -8.424227714538574
804 -6.7886962890625
805 -7.098587989807129
806 -5.822941780090332
807 -7.120650291442871
808 -6.374741077423096
809 -9.064091682434082
810 -7.94589900970459
811 -7.519398212432861
812 -6.629964828491211
813 -7.130583763122559
814 -6.670534610748291
815 -6.110807418823242
816 -8.363539695739746
817 -5.952304363250732
818 -6.753378391265869
819 -6.560114860534668
820 -6.924125671386719
821 -6.525461673736572
822 -6.351776599884033
823 -8.84074878692627
824 -6.616802215576172
825 -9.060300827026367
826 -5.922828674316406
827 -7.9324541091918945
828 -6.112478733062744
829 -6.46466588973999
830 -7.119923114776611
831 -6.587698459625244
832 -6.501041889190674
833 -8.539263725280762
834 -6.044712066650391
835 -6.398763656616211
836 -8.46371078491211
837 -6.2160868644714355
838 -8.507457733154297
839 -7.903539180755615
840 -6.053526401519775
841 -6.4919939041137695
842 -7.133486270904541
843 -6.917474746704102
844 -6.461727142333984
845 -6.66417121887207
846 -8.788079261779785
847 -9.064090728759766
848 -5.998296737670898
849 -9.064090728759766
850 -6.637907028198242
851 -6.543142318725586
852 -8.321749687194824
853 -6.706408977508545
854 -8.425777435302734
855 -6.258842468261719
856 -6.649495601654053
857 -7.311371803283691
858 -8.799413681030273
859 -6.97932243347168
860 -6.333250522613525
861 -7.8036370277404785
862 -9.064090728759766
863 -9.04785442352295
864 -6.442286014556885
865 -6.204927444458008
866 -7.132221221923828
867 -6.64182186126709
868 -6.510440826416016
869 -6.773621559143066
870 -6.667484283447266
871 -6.026017189025879
872 -9.06408977508545
873 -6.465636253356934
874 -7.441926956176758
875 -6.9272260665893555
876 -6.699584007263184
877 -6.3609137535095215
878 -8.962782859802246
879 -7.191070079803467
880 -6.573396682739258
881 -7.283211708068848
882 -8.321067810058594
883 -7.343210697174072
884 -9.064090728759766
885 -8.29874038696289
886 -7.628310680389404
887 -6.419804573059082
888 -6.3548808097839355
889 -6.449941635131836
890 -8.65299129486084
891 -7.478626728057861
892 -6.413078308105469
893 -7.875093460083008
894 -5.9780683517456055
895 -6.75224494934082
896 -5.791625022888184
897 -7.5048298835754395
898 -6.493556976318359
899 -5.953115940093994
900 -6.510751247406006
901 -8.668487548828125
902 -6.3181657791137695
903 -6.320672988891602
904 -6.501681804656982
905 -6.20246696472168
906 -6.268866539001465
907 -6.753774642944336
908 -7.565791130065918
909 -6.648872375488281
910 -7.490393161773682
911 -6.212712287902832
912 -7.328131198883057
913 -6.036675453186035
914 -6.722877502441406
915 -7.057626724243164
916 -6.744783401489258
917 -7.519396781921387
918 -6.4450249671936035
919 -8.303442001342773
920 -6.859740257263184
921 -6.478548049926758
922 -6.279943466186523
923 -8.070277214050293
924 -6.536322593688965
925 -6.678687572479248
926 -6.164741516113281
927 -9.064090728759766
928 -7.244945049285889
929 -6.315129280090332
930 -6.2487688064575195
931 -6.765739440917969
932 -6.801429271697998
933 -7.369617462158203
934 -7.192785263061523
935 -6.49384880065918
936 -7.130584716796875
937 -8.484781265258789
938 -6.80262565612793
939 -7.694717884063721
940 -6.188281059265137
941 -6.982902526855469
942 -7.160838603973389
943 -7.355993270874023
944 -7.66522741317749
945 -6.095996856689453
946 -7.117384433746338
947 -7.935587406158447
948 -9.064090728759766
949 -6.5829854011535645
950 -8.716517448425293
951 -5.962431907653809
952 -9.028605461120605
953 -6.555194854736328
954 -7.467409610748291
955 -6.433088302612305
956 -9.06408977508545
957 -8.669347763061523
958 -7.139436721801758
959 -6.585333824157715
960 -8.980718612670898
961 -6.437455177307129
962 -7.361909866333008
963 -7.803184986114502
964 -6.14919376373291
965 -6.855546951293945
966 -8.775766372680664
967 -6.582984924316406
968 -7.339264392852783
969 -6.892855644226074
970 -6.535884380340576
971 -7.586601257324219
972 -8.206812858581543
973 -6.187191009521484
974 -6.932523727416992
975 -7.026882648468018
976 -6.440971374511719
977 -6.52592134475708
978 -6.912006378173828
979 -6.692852020263672
980 -6.325653076171875
981 -6.494596481323242
982 -6.9120588302612305
983 -6.523998737335205
984 -8.988868713378906
985 -6.4920525550842285
986 -6.416536331176758
987 -7.105801582336426
988 -8.794158935546875
989 -6.951186656951904
990 -6.463170051574707
991 -6.351720809936523
992 -6.217437267303467
993 -7.248770236968994
994 -6.305203437805176
995 -6.316891670227051
996 -7.027346134185791
997 -6.132106781005859
998 -9.033804893493652
999 -6.524527549743652
