0 -8.113287925720215
1 -8.113296508789062
2 -7.794727325439453
3 -7.7987380027771
4 -7.730352401733398
5 -9.064072608947754
6 -9.064057350158691
7 -7.638159275054932
8 -8.060064315795898
9 -7.464634418487549
10 -9.064090728759766
11 -7.915671348571777
12 -7.798746585845947
13 -7.780000686645508
14 -9.064083099365234
15 -9.064062118530273
16 -9.064085006713867
17 -9.064081192016602
18 -9.064068794250488
19 -9.064090728759766
20 -9.064090728759766
21 -7.693138599395752
22 -9.064053535461426
23 -9.064081192016602
24 -7.8026604652404785
25 -9.064082145690918
26 -7.780004024505615
27 -9.064078330993652
28 -9.064047813415527
29 -7.49895715713501
30 -9.0640287399292
31 -9.064064979553223
32 -9.064085960388184
33 -9.06408405303955
34 -9.064067840576172
35 -7.802647113800049
36 -9.064087867736816
37 -9.064038276672363
38 -7.661663055419922
39 -7.569039344787598
40 -9.064066886901855
41 -9.064081192016602
42 -9.064046859741211
43 -9.064051628112793
44 -7.995092391967773
45 -9.064065933227539
46 -9.064085006713867
47 -9.06407642364502
48 -9.064062118530273
49 -9.064066886901855
50 -9.064085960388184
51 -9.064050674438477
52 -9.064082145690918
53 -7.780000686645508
54 -9.064082145690918
55 -7.611079216003418
56 -8.113293647766113
57 -9.064064979553223
58 -9.064079284667969
59 -7.9054131507873535
60 -7.708908557891846
61 -9.064078330993652
62 -9.064059257507324
63 -9.06405258178711
64 -8.113183975219727
65 -9.064083099365234
66 -7.761747360229492
67 -7.864795684814453
68 -9.06408405303955
69 -7.899102687835693
70 -9.06408405303955
71 -7.4605913162231445
72 -9.064059257507324
73 -9.064065933227539
74 -9.0640869140625
75 -7.864803314208984
76 -9.06405258178711
77 -9.064062118530273
78 -9.0640869140625
79 -9.064082145690918
80 -9.064080238342285
81 -9.064090728759766
82 -7.910222053527832
83 -7.6907124519348145
84 -9.064082145690918
85 -9.06407356262207
86 -9.064085960388184
87 -9.06407356262207
88 -9.064085006713867
89 -9.06407356262207
90 -7.837860584259033
91 -9.064035415649414
92 -7.864798545837402
93 -9.064056396484375
94 -9.06406307220459
95 -9.064065933227539
96 -9.064081192016602
97 -7.710442066192627
98 -9.064064025878906
99 -7.671993255615234
100 -9.064051628112793
101 -9.064082145690918
102 -9.064081192016602
103 -7.734131813049316
104 -7.415097236633301
105 -7.37007999420166
106 -9.06404972076416
107 -7.714998245239258
108 -7.665306568145752
109 -9.064048767089844
110 -8.113292694091797
111 -9.064090728759766
112 -9.064056396484375
113 -9.06395435333252
114 -7.523228645324707
115 -8.060047149658203
116 -7.738193511962891
117 -9.064085960388184
118 -8.113293647766113
119 -9.064051628112793
120 -9.064085960388184
121 -7.9054036140441895
122 -9.064064025878906
123 -9.064070701599121
124 -7.715001583099365
125 -9.064075469970703
126 -9.064055442810059
127 -7.905388832092285
128 -7.864799499511719
129 -7.605813980102539
130 -9.064059257507324
131 -9.064047813415527
132 -9.06408405303955
133 -9.064070701599121
134 -7.676799297332764
135 -9.064062118530273
136 -7.629063606262207
137 -9.06408405303955
138 -8.060070037841797
139 -7.602311611175537
140 -9.064065933227539
141 -9.06407642364502
142 -7.415098667144775
143 -9.064083099365234
144 -7.553370475769043
145 -9.064082145690918
146 -7.598849773406982
147 -9.064070701599121
148 -9.064067840576172
149 -9.064090728759766
150 -9.064072608947754
151 -9.064045906066895
152 -9.064078330993652
153 -7.602245807647705
154 -9.064030647277832
155 -9.06407356262207
156 -9.064048767089844
157 -9.064082145690918
158 -9.064074516296387
159 -9.064079284667969
160 -7.804864406585693
161 -9.064090728759766
162 -9.064080238342285
163 -7.879958629608154
164 -7.587977409362793
165 -8.060015678405762
166 -9.064069747924805
167 -9.064054489135742
168 -9.064081192016602
169 -9.064057350158691
170 -7.837715148925781
171 -9.064061164855957
172 -9.064090728759766
173 -9.064059257507324
174 -9.064043045043945
175 -7.676725387573242
176 -7.725339889526367
177 -9.064079284667969
178 -9.064081192016602
179 -9.064048767089844
180 -9.064081192016602
181 -7.903007507324219
182 -9.064078330993652
183 -9.064074516296387
184 -7.837929725646973
185 -9.064078330993652
186 -9.064067840576172
187 -9.064083099365234
188 -9.064048767089844
189 -7.630681037902832
190 -9.064083099365234
191 -9.064037322998047
192 -9.064085006713867
193 -9.064082145690918
194 -7.77999210357666
195 -7.799770832061768
196 -9.064075469970703
197 -9.06406021118164
198 -9.064061164855957
199 -7.580443859100342
200 -7.77999210357666
201 -9.064058303833008
202 -9.06406021118164
203 -7.864791393280029
204 -9.064066886901855
205 -7.622376918792725
206 -7.905256271362305
207 -9.064088821411133
208 -9.064074516296387
209 -7.339511871337891
210 -9.06408405303955
211 -7.9624762535095215
212 -9.06405258178711
213 -7.606470584869385
214 -9.064051628112793
215 -7.8025360107421875
216 -7.837930202484131
217 -7.415102481842041
218 -7.671957969665527
219 -7.748170852661133
220 -9.064067840576172
221 -9.064066886901855
222 -9.064048767089844
223 -7.804876327514648
224 -9.06406021118164
225 -7.7177300453186035
226 -7.902401447296143
227 -7.3900556564331055
228 -7.415091514587402
229 -9.064062118530273
230 -9.064080238342285
231 -8.113292694091797
232 -9.064046859741211
233 -7.528578758239746
234 -9.064075469970703
235 -9.06407642364502
236 -9.064077377319336
237 -9.064051628112793
238 -9.064085006713867
239 -9.064059257507324
240 -9.064081192016602
241 -7.7987141609191895
242 -7.796833038330078
243 -7.779980182647705
244 -9.064080238342285
245 -9.064056396484375
246 -9.064083099365234
247 -9.0640869140625
248 -9.064081192016602
249 -9.064081192016602
250 -7.9016337394714355
251 -8.113286018371582
252 -9.06407642364502
253 -9.064083099365234
254 -9.06406307220459
255 -9.064054489135742
256 -7.741853713989258
257 -9.064085960388184
258 -9.064071655273438
259 -9.064079284667969
260 -8.060044288635254
261 -7.62729549407959
262 -9.064066886901855
263 -9.064083099365234
264 -9.064047813415527
265 -9.064068794250488
266 -7.6707234382629395
267 -9.064082145690918
268 -9.064072608947754
269 -7.645188808441162
270 -9.064083099365234
271 -7.8895263671875
272 -9.06407642364502
273 -9.0640869140625
274 -9.064066886901855
275 -7.947215557098389
276 -9.06407642364502
277 -9.06407356262207
278 -9.064042091369629
279 -9.064088821411133
280 -7.905389308929443
281 -7.6045942306518555
282 -9.064072608947754
283 -9.06407642364502
284 -9.064062118530273
285 -9.06406307220459
286 -7.904605865478516
287 -9.064064025878906
288 -9.064085960388184
289 -9.064090728759766
290 -9.064085006713867
291 -9.06407642364502
292 -7.619523525238037
293 -9.064055442810059
294 -9.06406021118164
295 -9.064080238342285
296 -9.064077377319336
297 -9.064072608947754
298 -7.593338489532471
299 -7.400073051452637
300 -8.060046195983887
301 -9.064082145690918
302 -9.064085960388184
303 -7.473817348480225
304 -9.064000129699707
305 -9.064077377319336
306 -7.804875373840332
307 -9.064062118530273
308 -9.064077377319336
309 -9.064088821411133
310 -9.064083099365234
311 -9.0640869140625
312 -7.621863842010498
313 -9.064064979553223
314 -7.404640197753906
315 -9.064083099365234
316 -9.064090728759766
317 -7.784045219421387
318 -9.0640869140625
319 -9.06406021118164
320 -9.064075469970703
321 -7.734142780303955
322 -9.0640869140625
323 -7.739119052886963
324 -9.064056396484375
325 -7.901014804840088
326 -9.0640869140625
327 -7.7969441413879395
328 -7.606391906738281
329 -7.905394554138184
330 -9.064085960388184
331 -9.064042091369629
332 -7.602980613708496
333 -9.06406307220459
334 -9.064085006713867
335 -9.064059257507324
336 -9.064081192016602
337 -7.456080436706543
338 -9.064055442810059
339 -9.064085006713867
340 -9.06407642364502
341 -9.06408405303955
342 -7.741854190826416
343 -9.064085960388184
344 -9.064070701599121
345 -8.060056686401367
346 -7.494016647338867
347 -8.060062408447266
348 -9.064069747924805
349 -7.800031661987305
350 -7.501727104187012
351 -9.06408977508545
352 -8.06004810333252
353 -9.064043998718262
354 -9.063210487365723
355 -9.064043045043945
356 -9.064085006713867
357 -9.064083099365234
358 -9.064082145690918
359 -9.064065933227539
360 -9.064046859741211
361 -7.26204776763916
362 -9.064075469970703
363 -7.732743740081787
364 -7.481216907501221
365 -9.064085960388184
366 -7.798730850219727
367 -7.586703300476074
368 -7.541620254516602
369 -9.064066886901855
370 -9.064057350158691
371 -9.064071655273438
372 -9.0640869140625
373 -9.06408977508545
374 -9.0640869140625
375 -9.06407642364502
376 -7.794294834136963
377 -9.064090728759766
378 -9.06403923034668
379 -7.903006076812744
380 -8.017257690429688
381 -7.798637866973877
382 -9.064075469970703
383 -9.064080238342285
384 -8.113299369812012
385 -9.064080238342285
386 -7.804876327514648
387 -9.06407642364502
388 -9.063157081604004
389 -7.415089130401611
390 -9.0640869140625
391 -9.06407642364502
392 -9.064045906066895
393 -7.714591026306152
394 -9.064075469970703
395 -9.06408977508545
396 -7.516941070556641
397 -8.113282203674316
398 -9.064067840576172
399 -9.064083099365234
400 -7.761693477630615
401 -9.064070701599121
402 -9.06406021118164
403 -9.064077377319336
404 -7.905419826507568
405 -9.064075469970703
406 -7.802553653717041
407 -7.677392959594727
408 -9.0640869140625
409 -9.06408405303955
410 -9.064072608947754
411 -7.182943820953369
412 -9.064088821411133
413 -9.064055442810059
414 -9.064065933227539
415 -9.064074516296387
416 -7.432098388671875
417 -9.064085960388184
418 -7.676614284515381
419 -9.06408405303955
420 -7.864790439605713
421 -9.06408405303955
422 -9.064081192016602
423 -9.064077377319336
424 -7.903014183044434
425 -7.5696120262146
426 -7.846320629119873
427 -9.064085960388184
428 -9.06406021118164
429 -9.064053535461426
430 -9.064083099365234
431 -9.06407642364502
432 -9.064082145690918
433 -7.7104387283325195
434 -9.064067840576172
435 -7.4417572021484375
436 -9.064083099365234
437 -9.064061164855957
438 -9.064087867736816
439 -9.064075469970703
440 -7.708860397338867
441 -9.064085960388184
442 -7.902401924133301
443 -7.796908378601074
444 -9.064090728759766
445 -7.569014072418213
446 -9.064043045043945
447 -9.064046859741211
448 -9.064064025878906
449 -9.064088821411133
450 -9.064050674438477
451 -8.113273620605469
452 -9.064081192016602
453 -9.064090728759766
454 -9.064087867736816
455 -9.064058303833008
456 -9.06408405303955
457 -9.0640869140625
458 -9.064082145690918
459 -8.060025215148926
460 -9.064085006713867
461 -7.738170146942139
462 -9.064075469970703
463 -9.064068794250488
464 -9.06408405303955
465 -7.798733711242676
466 -9.064085006713867
467 -8.113288879394531
468 -9.064064979553223
469 -9.064070701599121
470 -9.064043045043945
471 -9.064079284667969
472 -9.064072608947754
473 -7.907742977142334
474 -7.779993057250977
475 -7.677354335784912
476 -7.905388355255127
477 -9.064078330993652
478 -9.064078330993652
479 -7.86439847946167
480 -9.064085006713867
481 -9.064080238342285
482 -9.064081192016602
483 -7.602351188659668
484 -9.064032554626465
485 -9.064085006713867
486 -7.864800453186035
487 -9.064068794250488
488 -9.064078330993652
489 -8.060064315795898
490 -7.802656173706055
491 -9.062997817993164
492 -7.675961494445801
493 -7.915648460388184
494 -9.064082145690918
495 -9.064083099365234
496 -7.864787578582764
497 -9.064056396484375
498 -7.864806175231934
499 -9.064081192016602
500 -9.064046859741211
501 -9.064090728759766
502 -9.064074516296387
503 -9.064075469970703
504 -9.064082145690918
505 -7.915652751922607
506 -9.064068794250488
507 -7.580407619476318
508 -7.800024509429932
509 -9.064079284667969
510 -9.064064025878906
511 -7.798725128173828
512 -9.06406021118164
513 -7.649749755859375
514 -8.06005573272705
515 -9.064082145690918
516 -9.064082145690918
517 -9.064065933227539
518 -8.113292694091797
519 -7.903016567230225
520 -9.064067840576172
521 -9.06406307220459
522 -9.064069747924805
523 -9.064081192016602
524 -9.064071655273438
525 -7.645260334014893
526 -7.780002117156982
527 -7.657479763031006
528 -9.06407642364502
529 -9.064087867736816
530 -7.657469749450684
531 -9.064080238342285
532 -9.064069747924805
533 -9.064081192016602
534 -7.566949844360352
535 -9.064068794250488
536 -9.06406307220459
537 -7.6225152015686035
538 -7.376285552978516
539 -9.064058303833008
540 -7.837837219238281
541 -7.796945571899414
542 -9.0640869140625
543 -9.06405258178711
544 -7.77993631362915
545 -7.589798927307129
546 -9.0640869140625
547 -9.064081192016602
548 -9.064048767089844
549 -7.372682571411133
550 -9.064082145690918
551 -7.741853713989258
552 -9.064062118530273
553 -7.837908744812012
554 -9.06408405303955
555 -9.064083099365234
556 -9.06403636932373
557 -9.064080238342285
558 -7.67562198638916
559 -9.064078330993652
560 -9.064065933227539
561 -7.589212417602539
562 -9.0640869140625
563 -7.802633285522461
564 -7.864804267883301
565 -7.392333030700684
566 -7.714588165283203
567 -9.064090728759766
568 -7.905394077301025
569 -7.864799976348877
570 -7.864798545837402
571 -7.804869174957275
572 -7.779975891113281
573 -9.0640287399292
574 -9.064068794250488
575 -7.4239182472229
576 -9.064085960388184
577 -8.059971809387207
578 -9.064085006713867
579 -9.064059257507324
580 -9.064079284667969
581 -7.798732757568359
582 -9.064085960388184
583 -9.064080238342285
584 -7.77999210357666
585 -9.064078330993652
586 -7.668669700622559
587 -7.6326775550842285
588 -9.064083099365234
589 -9.06408405303955
590 -7.683770656585693
591 -7.645184516906738
592 -9.064044952392578
593 -9.06408405303955
594 -9.064053535461426
595 -7.606421947479248
596 -9.064085006713867
597 -9.064070701599121
598 -9.064045906066895
599 -9.06408977508545
600 -7.752551555633545
601 -9.06408405303955
602 -9.064044952392578
603 -7.864746570587158
604 -9.064082145690918
605 -7.584308624267578
606 -9.064070701599121
607 -9.064071655273438
608 -9.064091682434082
609 -7.6907196044921875
610 -9.064067840576172
611 -9.064079284667969
612 -9.064066886901855
613 -9.064085960388184
614 -9.064065933227539
615 -7.798732280731201
616 -9.064066886901855
617 -7.864333629608154
618 -9.064085006713867
619 -9.064069747924805
620 -7.445313930511475
621 -7.383688926696777
622 -9.064057350158691
623 -7.613235950469971
624 -9.064011573791504
625 -7.992316722869873
626 -7.714582443237305
627 -7.598610877990723
628 -7.89909553527832
629 -9.064072608947754
630 -9.0640869140625
631 -9.064046859741211
632 -7.263623237609863
633 -9.064069747924805
634 -9.064055442810059
635 -9.064079284667969
636 -7.518691062927246
637 -9.064067840576172
638 -9.064041137695312
639 -9.064090728759766
640 -9.064055442810059
641 -9.064066886901855
642 -9.064062118530273
643 -8.113290786743164
644 -9.064090728759766
645 -9.06408405303955
646 -7.6234211921691895
647 -9.064090728759766
648 -7.606485366821289
649 -9.064081192016602
650 -9.064057350158691
651 -7.998470306396484
652 -9.064056396484375
653 -7.633146286010742
654 -7.804874897003174
655 -7.984189987182617
656 -9.064075469970703
657 -7.798727035522461
658 -7.99823522567749
659 -9.064074516296387
660 -7.748246192932129
661 -9.064081192016602
662 -8.113297462463379
663 -9.064075469970703
664 -7.589798927307129
665 -9.064050674438477
666 -7.669276237487793
667 -9.064083099365234
668 -9.064037322998047
669 -9.063613891601562
670 -9.064069747924805
671 -9.064066886901855
672 -9.064085006713867
673 -9.064078330993652
674 -7.567030429840088
675 -7.3489179611206055
676 -7.901873588562012
677 -9.064078330993652
678 -9.064062118530273
679 -7.738187789916992
680 -9.064078330993652
681 -9.064081192016602
682 -7.3858466148376465
683 -9.064080238342285
684 -9.0640869140625
685 -9.064068794250488
686 -7.904591083526611
687 -9.064083099365234
688 -7.690197944641113
689 -9.064077377319336
690 -9.0640869140625
691 -7.779976844787598
692 -8.060068130493164
693 -9.064082145690918
694 -7.864786148071289
695 -9.06408977508545
696 -9.064050674438477
697 -9.064082145690918
698 -7.535705089569092
699 -9.064071655273438
700 -7.903026580810547
701 -9.064088821411133
702 -9.064046859741211
703 -7.864800930023193
704 -9.064068794250488
705 -9.06408977508545
706 -9.064079284667969
707 -7.739100456237793
708 -7.672004222869873
709 -7.160283088684082
710 -8.113286972045898
711 -7.798739910125732
712 -9.064064979553223
713 -7.899078369140625
714 -9.06408405303955
715 -9.064087867736816
716 -9.06407642364502
717 -7.79650354385376
718 -9.064074516296387
719 -7.800030708312988
720 -9.064085960388184
721 -9.064077377319336
722 -7.905416011810303
723 -9.064066886901855
724 -9.064078330993652
725 -7.782845497131348
726 -7.587971210479736
727 -9.06408977508545
728 -9.064069747924805
729 -9.064087867736816
730 -9.064083099365234
731 -9.064081192016602
732 -9.064071655273438
733 -7.864804267883301
734 -9.064043045043945
735 -9.064046859741211
736 -7.676791667938232
737 -9.06408977508545
738 -7.843878269195557
739 -9.064059257507324
740 -9.064062118530273
741 -9.064080238342285
742 -9.064064025878906
743 -9.064077377319336
744 -7.7088236808776855
745 -7.598217964172363
746 -9.064065933227539
747 -7.902949333190918
748 -9.064081192016602
749 -9.064090728759766
750 -9.064075469970703
751 -9.06406021118164
752 -9.064081192016602
753 -7.636512279510498
754 -9.064072608947754
755 -9.064085960388184
756 -9.064064979553223
757 -7.903015613555908
758 -9.064079284667969
759 -9.064082145690918
760 -7.738160610198975
761 -7.426207542419434
762 -7.644834518432617
763 -9.064040184020996
764 -7.6058173179626465
765 -9.0640869140625
766 -9.064090728759766
767 -8.113288879394531
768 -9.064061164855957
769 -7.844302177429199
770 -7.500397205352783
771 -8.060059547424316
772 -7.899116039276123
773 -9.064044952392578
774 -9.064064025878906
775 -9.064090728759766
776 -9.06404972076416
777 -9.064088821411133
778 -9.064074516296387
779 -9.064064025878906
780 -9.064067840576172
781 -8.113299369812012
782 -7.798713684082031
783 -9.064081192016602
784 -8.059985160827637
785 -9.064083099365234
786 -7.540611743927002
787 -7.58045768737793
788 -7.796947956085205
789 -9.06408977508545
790 -9.064054489135742
791 -8.112967491149902
792 -8.112717628479004
793 -9.064061164855957
794 -9.064085006713867
795 -9.064087867736816
796 -9.06408405303955
797 -7.779953479766846
798 -7.837807655334473
799 -9.064085960388184
800 -9.064085006713867
801 -9.064023971557617
802 -9.064081192016602
803 -9.064079284667969
804 -7.779978275299072
805 -9.064046859741211
806 -9.06407356262207
807 -9.064061164855957
808 -7.9880523681640625
809 -9.064085006713867
810 -7.91562032699585
811 -7.902032375335693
812 -9.064082145690918
813 -9.064087867736816
814 -7.864802360534668
815 -9.063765525817871
816 -7.802632808685303
817 -9.064062118530273
818 -7.519585132598877
819 -7.598935604095459
820 -7.455995082855225
821 -7.864800930023193
822 -9.064077377319336
823 -9.064090728759766
824 -7.893945693969727
825 -9.064043998718262
826 -9.064067840576172
827 -9.064081192016602
828 -9.064078330993652
829 -7.569028377532959
830 -9.06408977508545
831 -9.06406307220459
832 -9.064048767089844
833 -9.064075469970703
834 -9.064078330993652
835 -7.537923812866211
836 -9.064079284667969
837 -9.064080238342285
838 -7.9911041259765625
839 -9.0640869140625
840 -9.0640869140625
841 -9.064065933227539
842 -7.513262748718262
843 -9.064081192016602
844 -9.064077377319336
845 -7.796969413757324
846 -9.064072608947754
847 -9.06407356262207
848 -9.064074516296387
849 -9.064075469970703
850 -9.064070701599121
851 -9.064075469970703
852 -9.064064025878906
853 -9.064074516296387
854 -7.7219953536987305
855 -7.646196365356445
856 -9.064085006713867
857 -7.4240922927856445
858 -7.645196914672852
859 -9.064090728759766
860 -7.392339706420898
861 -7.392334938049316
862 -9.064075469970703
863 -9.064047813415527
864 -9.062034606933594
865 -9.064087867736816
866 -7.458376884460449
867 -9.064078330993652
868 -9.064085006713867
869 -9.064066886901855
870 -9.063865661621094
871 -7.436058521270752
872 -9.064065933227539
873 -9.06407356262207
874 -9.064053535461426
875 -9.062200546264648
876 -9.06404972076416
877 -7.581012725830078
878 -7.676730155944824
879 -9.064083099365234
880 -7.779995918273926
881 -9.064083099365234
882 -9.064077377319336
883 -9.064085960388184
884 -9.064079284667969
885 -9.06408977508545
886 -7.676816463470459
887 -9.064085006713867
888 -9.064090728759766
889 -7.804871559143066
890 -9.064051628112793
891 -9.064077377319336
892 -9.064082145690918
893 -7.415096759796143
894 -9.064082145690918
895 -9.06408977508545
896 -9.064083099365234
897 -8.113292694091797
898 -7.56583309173584
899 -7.627411365509033
900 -9.064088821411133
901 -7.9024200439453125
902 -7.690670013427734
903 -7.798743724822998
904 -9.06407642364502
905 -9.064058303833008
906 -9.064080238342285
907 -7.291680335998535
908 -7.864789962768555
909 -9.064082145690918
910 -7.625246047973633
911 -7.737662315368652
912 -9.06406307220459
913 -7.905425071716309
914 -9.0640869140625
915 -9.064090728759766
916 -8.113288879394531
917 -7.77998161315918
918 -9.064068794250488
919 -9.064074516296387
920 -9.064059257507324
921 -9.064074516296387
922 -7.623441696166992
923 -7.542590141296387
924 -9.06405258178711
925 -9.064080238342285
926 -9.064043045043945
927 -9.06407356262207
928 -9.064061164855957
929 -7.947169780731201
930 -7.587822914123535
931 -7.804864406585693
932 -9.064071655273438
933 -9.064077377319336
934 -9.064071655273438
935 -9.06408405303955
936 -9.064046859741211
937 -9.064080238342285
938 -7.620874881744385
939 -7.779999256134033
940 -8.060056686401367
941 -7.738200664520264
942 -9.064072608947754
943 -9.06408405303955
944 -9.064071655273438
945 -9.064064979553223
946 -9.064062118530273
947 -7.761700630187988
948 -9.064074516296387
949 -7.493103504180908
950 -7.598994255065918
951 -9.064079284667969
952 -9.06405258178711
953 -8.113293647766113
954 -7.9024248123168945
955 -9.064082145690918
956 -7.494709491729736
957 -9.064067840576172
958 -9.064077377319336
959 -9.064087867736816
960 -8.113292694091797
961 -9.064064979553223
962 -7.779982566833496
963 -7.39365291595459
964 -9.06357192993164
965 -9.064066886901855
966 -9.064083099365234
967 -7.779990196228027
968 -7.778522491455078
969 -7.77415657043457
970 -9.064080238342285
971 -9.064085006713867
972 -7.433936595916748
973 -9.064078330993652
974 -8.06004524230957
975 -8.05988883972168
976 -7.673702716827393
977 -9.064083099365234
978 -7.415103912353516
979 -9.064069747924805
980 -7.798639297485352
981 -7.796901702880859
982 -7.899101257324219
983 -9.064070701599121
984 -9.064083099365234
985 -9.064066886901855
986 -7.67777681350708
987 -9.064042091369629
988 -9.064062118530273
989 -7.837848663330078
990 -7.79689359664917
991 -9.064068794250488
992 -7.5413103103637695
993 -7.737611293792725
994 -9.064090728759766
995 -9.064080238342285
996 -9.064065933227539
997 -9.064047813415527
998 -7.71499490737915
999 -7.622521877288818
