0 -7.823269367218018
1 -9.064075469970703
2 -9.064048767089844
3 -7.797669410705566
4 -9.064043045043945
5 -9.064066886901855
6 -7.904634952545166
7 -9.064053535461426
8 -9.064069747924805
9 -9.06406021118164
10 -9.06406307220459
11 -7.669153213500977
12 -9.064079284667969
13 -7.563627243041992
14 -7.429847240447998
15 -9.063871383666992
16 -9.064077377319336
17 -7.535695552825928
18 -7.673762798309326
19 -9.064065933227539
20 -7.798707485198975
21 -9.064080238342285
22 -9.06407356262207
23 -7.998373508453369
24 -9.064053535461426
25 -9.06408977508545
26 -9.064079284667969
27 -7.739720821380615
28 -7.541297435760498
29 -7.804861545562744
30 -9.064080238342285
31 -9.064074516296387
32 -9.064080238342285
33 -7.796946048736572
34 -7.390052318572998
35 -9.064082145690918
36 -7.60238790512085
37 -9.064066886901855
38 -9.064090728759766
39 -7.436959266662598
40 -9.064074516296387
41 -7.864797592163086
42 -7.621877193450928
43 -7.986812591552734
44 -9.064057350158691
45 -9.064085960388184
46 -9.064051628112793
47 -9.064090728759766
48 -9.06403923034668
49 -7.551360607147217
50 -7.611095428466797
51 -7.5674591064453125
52 -9.06408977508545
53 -9.064081192016602
54 -9.064047813415527
55 -7.837862968444824
56 -9.064090728759766
57 -9.064080238342285
58 -7.7381815910339355
59 -9.064068794250488
60 -9.064074516296387
61 -9.06404972076416
62 -9.064083099365234
63 -9.064083099365234
64 -9.064083099365234
65 -7.780003070831299
66 -7.725254058837891
67 -9.06407642364502
68 -7.837754249572754
69 -7.669250965118408
70 -9.06407642364502
71 -7.518348217010498
72 -9.064069747924805
73 -7.418033123016357
74 -7.864790439605713
75 -9.0640869140625
76 -9.0640869140625
77 -9.06403636932373
78 -9.064088821411133
79 -9.064056396484375
80 -7.837891578674316
81 -9.064082145690918
82 -9.064090728759766
83 -9.064082145690918
84 -9.064064025878906
85 -7.698096752166748
86 -7.605263710021973
87 -9.06408405303955
88 -7.103153228759766
89 -9.064081192016602
90 -9.064035415649414
91 -9.0640869140625
92 -7.798736572265625
93 -9.064088821411133
94 -9.064053535461426
95 -9.064078330993652
96 -9.064065933227539
97 -9.06408405303955
98 -9.064070701599121
99 -9.064071655273438
100 -9.064070701599121
101 -9.06407356262207
102 -9.064067840576172
103 -9.064085006713867
104 -9.06408405303955
105 -7.436935901641846
106 -9.064085006713867
107 -9.062444686889648
108 -7.864798545837402
109 -9.064045906066895
110 -9.064064025878906
111 -7.446460723876953
112 -9.06407356262207
113 -7.725329399108887
114 -9.064074516296387
115 -9.064075469970703
116 -7.864775657653809
117 -9.06408977508545
118 -7.905360698699951
119 -9.064056396484375
120 -9.064080238342285
121 -9.064080238342285
122 -9.064077377319336
123 -8.113221168518066
124 -9.06407356262207
125 -7.595520973205566
126 -8.004411697387695
127 -7.9984025955200195
128 -7.612664699554443
129 -9.064081192016602
130 -7.804880619049072
131 -8.113295555114746
132 -9.064078330993652
133 -7.464443206787109
134 -7.567451000213623
135 -9.064053535461426
136 -9.06408405303955
137 -9.06407642364502
138 -9.064061164855957
139 -7.852386951446533
140 -9.064090728759766
141 -9.064068794250488
142 -9.064090728759766
143 -9.06405258178711
144 -9.06406307220459
145 -9.064090728759766
146 -9.064067840576172
147 -7.7969231605529785
148 -9.064064979553223
149 -9.064080238342285
150 -7.837841510772705
151 -9.064075469970703
152 -9.064032554626465
153 -7.6737380027771
154 -7.802621841430664
155 -9.064081192016602
156 -9.06408977508545
157 -9.064081192016602
158 -7.715890884399414
159 -7.415096282958984
160 -9.064064979553223
161 -9.06407356262207
162 -9.064090728759766
163 -9.064078330993652
164 -9.064070701599121
165 -9.064078330993652
166 -9.064083099365234
167 -7.655862808227539
168 -9.064072608947754
169 -9.064085006713867
170 -9.06407356262207
171 -9.064033508300781
172 -7.837859153747559
173 -9.064057350158691
174 -9.064071655273438
175 -9.064070701599121
176 -7.8378753662109375
177 -9.064091682434082
178 -7.721957206726074
179 -7.715010166168213
180 -7.897044658660889
181 -9.064083099365234
182 -9.064072608947754
183 -9.06408977508545
184 -9.064081192016602
185 -9.06408405303955
186 -9.064075469970703
187 -9.064079284667969
188 -9.0640869140625
189 -7.739737033843994
190 -9.064085960388184
191 -9.063863754272461
192 -9.064059257507324
193 -9.064090728759766
194 -7.869002342224121
195 -9.06404972076416
196 -9.06405258178711
197 -7.796910285949707
198 -9.064065933227539
199 -9.064064979553223
200 -7.864779949188232
201 -7.537864685058594
202 -9.064079284667969
203 -9.06408405303955
204 -8.113288879394531
205 -7.566948890686035
206 -9.064065933227539
207 -7.734158515930176
208 -8.060030937194824
209 -9.064077377319336
210 -9.064054489135742
211 -7.542564392089844
212 -9.064085006713867
213 -9.064078330993652
214 -8.060059547424316
215 -9.06408977508545
216 -7.798727512359619
217 -9.064064025878906
218 -9.06405258178711
219 -7.7811808586120605
220 -9.064079284667969
221 -7.804877281188965
222 -8.113287925720215
223 -9.064066886901855
224 -9.064040184020996
225 -9.064050674438477
226 -7.5497145652771
227 -9.064069747924805
228 -7.837739944458008
229 -9.064082145690918
230 -9.06408977508545
231 -9.064075469970703
232 -9.064047813415527
233 -7.7418437004089355
234 -7.904554843902588
235 -7.547363758087158
236 -9.064081192016602
237 -9.064026832580566
238 -9.064071655273438
239 -7.905409336090088
240 -9.064082145690918
241 -9.06407642364502
242 -7.625753879547119
243 -7.905418395996094
244 -9.06408977508545
245 -9.064067840576172
246 -9.064043045043945
247 -9.064080238342285
248 -7.7987189292907715
249 -7.761775016784668
250 -9.06407642364502
251 -9.064077377319336
252 -7.644342422485352
253 -7.683753967285156
254 -7.655891418457031
255 -9.064075469970703
256 -9.06404972076416
257 -9.06406307220459
258 -9.064082145690918
259 -9.064058303833008
260 -7.688282489776611
261 -7.8048577308654785
262 -9.064055442810059
263 -9.064072608947754
264 -7.905424118041992
265 -9.064068794250488
266 -7.621898174285889
267 -9.064056396484375
268 -9.064080238342285
269 -9.06408977508545
270 -9.064081192016602
271 -9.064044952392578
272 -9.064071655273438
273 -9.064082145690918
274 -8.008010864257812
275 -9.06404972076416
276 -9.064078330993652
277 -9.064070701599121
278 -7.836736679077148
279 -7.800023555755615
280 -7.683784484863281
281 -9.064051628112793
282 -7.658956527709961
283 -9.064083099365234
284 -9.064077377319336
285 -7.566949844360352
286 -7.62701416015625
287 -9.064082145690918
288 -9.064088821411133
289 -9.064075469970703
290 -7.798734664916992
291 -9.064075469970703
292 -7.802515029907227
293 -9.064078330993652
294 -7.274485111236572
295 -9.0640869140625
296 -7.514370918273926
297 -9.0640869140625
298 -7.915651798248291
299 -8.06002140045166
300 -7.905357360839844
301 -9.064077377319336
302 -9.064078330993652
303 -9.064088821411133
304 -9.064090728759766
305 -9.063472747802734
306 -7.563827037811279
307 -9.06407356262207
308 -9.064043998718262
309 -9.064069747924805
310 -9.064078330993652
311 -8.060037612915039
312 -9.064078330993652
313 -9.06408405303955
314 -9.06407356262207
315 -9.064058303833008
316 -9.064087867736816
317 -9.064051628112793
318 -9.064058303833008
319 -9.064083099365234
320 -9.064058303833008
321 -8.059927940368652
322 -9.064087867736816
323 -9.064085960388184
324 -9.064081192016602
325 -9.06407356262207
326 -9.06408977508545
327 -7.316601276397705
328 -9.064080238342285
329 -7.5873541831970215
330 -9.064071655273438
331 -7.837887287139893
332 -9.064066886901855
333 -8.11329174041748
334 -9.06406307220459
335 -7.902430534362793
336 -9.064085006713867
337 -9.064054489135742
338 -9.064077377319336
339 -9.064053535461426
340 -8.113287925720215
341 -9.064064025878906
342 -7.804875373840332
343 -9.064090728759766
344 -8.113295555114746
345 -7.6110334396362305
346 -7.7460761070251465
347 -9.06406021118164
348 -9.064077377319336
349 -9.064071655273438
350 -7.9156718254089355
351 -7.586705207824707
352 -9.064085960388184
353 -7.623417377471924
354 -9.064074516296387
355 -9.064065933227539
356 -7.330961227416992
357 -9.064077377319336
358 -7.676784992218018
359 -9.064075469970703
360 -7.915648460388184
361 -9.064083099365234
362 -9.064058303833008
363 -9.064081192016602
364 -9.064041137695312
365 -9.064046859741211
366 -8.113287925720215
367 -7.905410289764404
368 -9.06406021118164
369 -7.400061130523682
370 -8.060049057006836
371 -7.738157749176025
372 -9.064068794250488
373 -9.064081192016602
374 -9.06408977508545
375 -9.064043998718262
376 -7.804866790771484
377 -7.905405521392822
378 -9.064082145690918
379 -9.064085006713867
380 -9.064072608947754
381 -9.064083099365234
382 -9.064079284667969
383 -9.064058303833008
384 -8.113266944885254
385 -9.064090728759766
386 -9.06407356262207
387 -7.5902605056762695
388 -9.064083099365234
389 -9.064050674438477
390 -9.064072608947754
391 -8.112957954406738
392 -9.064065933227539
393 -9.064080238342285
394 -7.415095329284668
395 -7.566899299621582
396 -9.064070701599121
397 -9.064078330993652
398 -7.738178253173828
399 -9.06408977508545
400 -9.06407642364502
401 -9.064090728759766
402 -9.064065933227539
403 -9.064085960388184
404 -9.064071655273438
405 -9.064055442810059
406 -7.54652738571167
407 -7.86480188369751
408 -9.064072608947754
409 -9.064058303833008
410 -7.5880022048950195
411 -9.064079284667969
412 -7.57697868347168
413 -7.843952655792236
414 -9.063397407531738
415 -7.532953262329102
416 -7.339498996734619
417 -9.064085960388184
418 -9.064048767089844
419 -9.064055442810059
420 -9.064083099365234
421 -7.8000359535217285
422 -7.732751369476318
423 -9.064062118530273
424 -7.587881565093994
425 -9.06406307220459
426 -9.064079284667969
427 -7.94915246963501
428 -9.064083099365234
429 -7.940873622894287
430 -7.798736572265625
431 -9.064068794250488
432 -9.06406021118164
433 -9.064082145690918
434 -9.064081192016602
435 -9.064059257507324
436 -9.064079284667969
437 -7.897003173828125
438 -9.064075469970703
439 -7.711958885192871
440 -9.064048767089844
441 -7.798664569854736
442 -8.060033798217773
443 -7.8026604652404785
444 -7.864800930023193
445 -9.064078330993652
446 -9.064078330993652
447 -9.063996315002441
448 -9.064085006713867
449 -7.797316074371338
450 -7.590232849121094
451 -7.566947937011719
452 -8.059964179992676
453 -7.804872035980225
454 -9.064067840576172
455 -9.064078330993652
456 -7.779989242553711
457 -9.06406307220459
458 -7.432973384857178
459 -7.5296196937561035
460 -9.064083099365234
461 -9.064085960388184
462 -7.606442928314209
463 -7.475025653839111
464 -7.796972751617432
465 -7.540303707122803
466 -9.06408405303955
467 -9.064085960388184
468 -7.901322841644287
469 -9.064078330993652
470 -9.0640869140625
471 -9.064080238342285
472 -9.0640869140625
473 -9.064058303833008
474 -7.655853748321533
475 -9.064081192016602
476 -9.064067840576172
477 -7.553384304046631
478 -7.4812726974487305
479 -9.064047813415527
480 -9.064090728759766
481 -7.611098766326904
482 -9.063674926757812
483 -9.064064025878906
484 -9.064061164855957
485 -9.064050674438477
486 -7.76160192489624
487 -7.476324081420898
488 -8.060047149658203
489 -9.064065933227539
490 -9.064065933227539
491 -9.064072608947754
492 -7.780000686645508
493 -9.064064979553223
494 -7.837923049926758
495 -9.064055442810059
496 -9.0640869140625
497 -9.06406021118164
498 -9.064041137695312
499 -9.064083099365234
500 -7.796952724456787
501 -9.064075469970703
502 -7.473839282989502
503 -7.796334743499756
504 -9.064075469970703
505 -9.064090728759766
506 -7.683805465698242
507 -9.064064979553223
508 -9.06406021118164
509 -9.064072608947754
510 -7.905412673950195
511 -7.671995162963867
512 -9.064079284667969
513 -7.717780590057373
514 -9.06406307220459
515 -9.064074516296387
516 -7.6720075607299805
517 -7.676717758178711
518 -9.064078330993652
519 -7.645263671875
520 -9.064085006713867
521 -7.401061058044434
522 -9.064055442810059
523 -9.064082145690918
524 -7.602459907531738
525 -9.064046859741211
526 -9.064074516296387
527 -7.65472936630249
528 -9.064085006713867
529 -7.90460729598999
530 -7.804866790771484
531 -9.06408405303955
532 -7.529675483703613
533 -9.06406307220459
534 -8.11329460144043
535 -7.529721260070801
536 -7.985074520111084
537 -7.904520511627197
538 -9.064078330993652
539 -7.837890625
540 -9.064082145690918
541 -9.064082145690918
542 -7.977541923522949
543 -9.064071655273438
544 -9.064065933227539
545 -9.064045906066895
546 -9.06407642364502
547 -9.064033508300781
548 -9.064048767089844
549 -9.06406307220459
550 -7.60455846786499
551 -7.566948890686035
552 -7.804867744445801
553 -9.064053535461426
554 -9.064082145690918
555 -7.408348560333252
556 -7.710294246673584
557 -9.064068794250488
558 -9.064090728759766
559 -9.06407642364502
560 -9.06407642364502
561 -7.715006351470947
562 -9.064067840576172
563 -7.734141826629639
564 -9.06407356262207
565 -9.064074516296387
566 -9.064081192016602
567 -9.064065933227539
568 -9.06408405303955
569 -9.064070701599121
570 -9.064066886901855
571 -7.864808082580566
572 -9.064046859741211
573 -7.796968460083008
574 -7.721982955932617
575 -9.064047813415527
576 -7.901997089385986
577 -9.064055442810059
578 -7.9045915603637695
579 -9.064085006713867
580 -7.561397075653076
581 -9.06407642364502
582 -9.06408405303955
583 -9.064068794250488
584 -9.064082145690918
585 -7.804807662963867
586 -9.064075469970703
587 -9.064082145690918
588 -8.113286972045898
589 -8.113277435302734
590 -9.064079284667969
591 -7.566342830657959
592 -7.904502868652344
593 -9.064083099365234
594 -9.064080238342285
595 -7.602464199066162
596 -9.064043045043945
597 -9.064055442810059
598 -9.064064979553223
599 -7.802500247955322
600 -7.306906700134277
601 -9.064090728759766
602 -7.9052958488464355
603 -7.707283020019531
604 -9.064051628112793
605 -9.064081192016602
606 -7.2808027267456055
607 -9.064082145690918
608 -7.80263090133667
609 -9.064064979553223
610 -9.064043998718262
611 -9.064082145690918
612 -7.621495246887207
613 -9.064088821411133
614 -9.06407642364502
615 -9.064047813415527
616 -9.064070701599121
617 -9.064056396484375
618 -7.72198486328125
619 -9.0640869140625
620 -9.064048767089844
621 -7.802532196044922
622 -7.50599479675293
623 -7.569540977478027
624 -9.064075469970703
625 -7.430840969085693
626 -7.738187313079834
627 -9.064074516296387
628 -7.908076286315918
629 -9.064074516296387
630 -7.798734188079834
631 -9.06407356262207
632 -9.064068794250488
633 -9.064081192016602
634 -9.064077377319336
635 -9.064080238342285
636 -9.064075469970703
637 -9.064090728759766
638 -7.796913146972656
639 -7.9054083824157715
640 -7.340847015380859
641 -9.064068794250488
642 -9.064081192016602
643 -7.464445114135742
644 -7.796306610107422
645 -9.064085006713867
646 -7.905425071716309
647 -7.6719536781311035
648 -9.064070701599121
649 -7.837888240814209
650 -9.064045906066895
651 -9.06407642364502
652 -9.064085960388184
653 -9.0640869140625
654 -7.408359050750732
655 -7.223250865936279
656 -7.77998685836792
657 -7.5473761558532715
658 -7.56899881362915
659 -7.494657516479492
660 -9.064085960388184
661 -9.064058303833008
662 -9.064083099365234
663 -9.064033508300781
664 -9.064080238342285
665 -9.064090728759766
666 -9.06407356262207
667 -7.779994010925293
668 -9.064055442810059
669 -7.095538139343262
670 -9.064069747924805
671 -9.064055442810059
672 -9.064067840576172
673 -9.06408977508545
674 -9.064056396484375
675 -9.064068794250488
676 -7.837772846221924
677 -9.064075469970703
678 -9.06407356262207
679 -7.714970588684082
680 -9.064057350158691
681 -7.804842472076416
682 -9.064075469970703
683 -9.064083099365234
684 -9.064062118530273
685 -9.064045906066895
686 -7.837859153747559
687 -7.606499671936035
688 -7.621888637542725
689 -9.063666343688965
690 -9.064090728759766
691 -9.064058303833008
692 -7.586697578430176
693 -7.9054107666015625
694 -9.064083099365234
695 -9.064050674438477
696 -9.06405258178711
697 -7.715003967285156
698 -7.864443302154541
699 -9.064083099365234
700 -9.06408405303955
701 -7.676660537719727
702 -7.812051296234131
703 -9.064079284667969
704 -9.064088821411133
705 -7.837851524353027
706 -9.064080238342285
707 -9.064091682434082
708 -7.739126682281494
709 -7.802534103393555
710 -7.7150068283081055
711 -9.064053535461426
712 -9.064080238342285
713 -9.064064979553223
714 -9.06407642364502
715 -7.476408004760742
716 -9.064090728759766
717 -9.064079284667969
718 -7.622091770172119
719 -9.064083099365234
720 -7.864791393280029
721 -9.064078330993652
722 -7.589258670806885
723 -9.064078330993652
724 -9.06408977508545
725 -7.51375150680542
726 -9.064074516296387
727 -7.673680305480957
728 -8.113297462463379
729 -9.064074516296387
730 -7.398530960083008
731 -7.606505870819092
732 -9.064077377319336
733 -7.86480188369751
734 -9.064057350158691
735 -9.06406021118164
736 -9.064065933227539
737 -9.064075469970703
738 -9.064079284667969
739 -7.528578758239746
740 -9.06405258178711
741 -9.064022064208984
742 -9.06407356262207
743 -9.064069747924805
744 -9.064083099365234
745 -9.064082145690918
746 -9.064069747924805
747 -8.113296508789062
748 -9.064057350158691
749 -7.371764183044434
750 -7.717779636383057
751 -7.837880611419678
752 -7.782588005065918
753 -9.064078330993652
754 -9.064053535461426
755 -9.064078330993652
756 -9.06408405303955
757 -7.843537330627441
758 -9.064078330993652
759 -7.696854114532471
760 -9.064054489135742
761 -7.780008316040039
762 -9.064042091369629
763 -9.064062118530273
764 -9.064067840576172
765 -9.064042091369629
766 -9.06408405303955
767 -9.064068794250488
768 -7.520371437072754
769 -8.099852561950684
770 -9.064043998718262
771 -9.064075469970703
772 -7.897392272949219
773 -9.064056396484375
774 -9.064056396484375
775 -7.732766151428223
776 -9.064090728759766
777 -8.113295555114746
778 -9.064074516296387
779 -9.064082145690918
780 -7.915252685546875
781 -9.064075469970703
782 -9.064072608947754
783 -7.915650844573975
784 -9.064075469970703
785 -9.064081192016602
786 -9.064072608947754
787 -7.598977565765381
788 -7.499307155609131
789 -9.064087867736816
790 -7.991087913513184
791 -9.06408977508545
792 -9.064085006713867
793 -9.06407356262207
794 -9.06408977508545
795 -7.739181995391846
796 -7.6132354736328125
797 -8.060033798217773
798 -7.566947937011719
799 -7.804861068725586
800 -7.802645683288574
801 -9.064068794250488
802 -9.064082145690918
803 -7.7799835205078125
804 -7.904472827911377
805 -9.06408405303955
806 -9.064074516296387
807 -7.431232452392578
808 -9.064088821411133
809 -7.7616658210754395
810 -9.064062118530273
811 -9.064090728759766
812 -7.670708656311035
813 -9.064057350158691
814 -7.676659107208252
815 -7.739114761352539
816 -9.064081192016602
817 -8.060062408447266
818 -7.779974460601807
819 -7.7177815437316895
820 -9.064090728759766
821 -9.064037322998047
822 -8.060042381286621
823 -9.064041137695312
824 -7.721994400024414
825 -7.41509485244751
826 -7.798723220825195
827 -9.06407642364502
828 -8.111084938049316
829 -9.064054489135742
830 -8.113293647766113
831 -9.064082145690918
832 -7.621387958526611
833 -7.586705684661865
834 -9.064081192016602
835 -9.064085006713867
836 -7.796900272369385
837 -7.864804267883301
838 -9.064085960388184
839 -7.646260738372803
840 -7.83785343170166
841 -9.064090728759766
842 -9.064079284667969
843 -9.064077377319336
844 -9.064083099365234
845 -7.5688018798828125
846 -9.064068794250488
847 -9.064058303833008
848 -9.064077377319336
849 -7.6358642578125
850 -9.064055442810059
851 -9.064046859741211
852 -9.064085006713867
853 -9.064081192016602
854 -9.064061164855957
855 -7.128501892089844
856 -9.064047813415527
857 -8.06004524230957
858 -9.064082145690918
859 -8.06005573272705
860 -9.064070701599121
861 -9.064047813415527
862 -9.064031600952148
863 -9.064072608947754
864 -9.064079284667969
865 -7.549201011657715
866 -9.064066886901855
867 -8.113293647766113
868 -9.064077377319336
869 -7.9046244621276855
870 -9.064038276672363
871 -9.064058303833008
872 -7.734137535095215
873 -7.837830066680908
874 -9.06408977508545
875 -8.178167343139648
876 -9.064053535461426
877 -9.064064025878906
878 -9.064070701599121
879 -7.587808609008789
880 -9.064033508300781
881 -7.655892372131348
882 -9.0640869140625
883 -7.79866361618042
884 -7.864787578582764
885 -9.06404972076416
886 -9.064074516296387
887 -7.557180881500244
888 -9.06408977508545
889 -9.06407642364502
890 -9.064083099365234
891 -9.064080238342285
892 -7.779990196228027
893 -7.613257884979248
894 -7.516926288604736
895 -9.064048767089844
896 -7.2544145584106445
897 -9.064064025878906
898 -8.060009956359863
899 -9.064083099365234
900 -9.064083099365234
901 -9.064075469970703
902 -9.064080238342285
903 -9.064078330993652
904 -9.064067840576172
905 -9.064059257507324
906 -9.064058303833008
907 -9.064054489135742
908 -9.06408977508545
909 -9.064079284667969
910 -9.064066886901855
911 -9.064056396484375
912 -9.064081192016602
913 -9.064074516296387
914 -9.064085960388184
915 -9.064080238342285
916 -7.675611972808838
917 -7.6194658279418945
918 -9.064072608947754
919 -7.415863990783691
920 -7.587981224060059
921 -8.113296508789062
922 -9.064085006713867
923 -7.598981857299805
924 -9.064078330993652
925 -8.113289833068848
926 -9.06408405303955
927 -7.54130744934082
928 -9.064078330993652
929 -8.060057640075684
930 -8.113299369812012
931 -9.06406307220459
932 -9.064064025878906
933 -9.06404972076416
934 -9.064074516296387
935 -8.008023262023926
936 -9.0640869140625
937 -7.738182544708252
938 -8.10595417022705
939 -9.064083099365234
940 -9.064083099365234
941 -9.064075469970703
942 -7.565870761871338
943 -9.06405258178711
944 -7.864795207977295
945 -9.064070701599121
946 -9.064056396484375
947 -9.063984870910645
948 -9.064070701599121
949 -9.064064025878906
950 -9.064080238342285
951 -9.06406021118164
952 -9.064090728759766
953 -9.06404972076416
954 -9.064083099365234
955 -9.06404972076416
956 -7.565893173217773
957 -7.79873514175415
958 -9.06406307220459
959 -9.06403923034668
960 -9.06406307220459
961 -9.064072608947754
962 -9.064090728759766
963 -7.949436664581299
964 -9.06407642364502
965 -7.780000686645508
966 -9.06386947631836
967 -9.064074516296387
968 -8.113273620605469
969 -9.064038276672363
970 -9.064058303833008
971 -7.708831787109375
972 -9.064046859741211
973 -9.06406021118164
974 -9.064051628112793
975 -9.06408405303955
976 -9.064070701599121
977 -7.86476469039917
978 -7.667574405670166
979 -7.738187789916992
980 -9.064064979553223
981 -9.064072608947754
982 -9.06407642364502
983 -7.737873077392578
984 -7.7389936447143555
985 -9.064081192016602
986 -7.643276214599609
987 -9.064064979553223
988 -7.40971565246582
989 -7.804869174957275
990 -7.864799499511719
991 -9.064059257507324
992 -7.645063877105713
993 -9.064080238342285
994 -9.0640869140625
995 -9.0640869140625
996 -9.064041137695312
997 -9.064077377319336
998 -7.804866313934326
999 -9.064085006713867
