0 -7.738185882568359
1 -7.476198196411133
2 -7.471697807312012
3 -8.11329174041748
4 -7.864799499511719
5 -7.837873458862305
6 -9.064085006713867
7 -7.493417263031006
8 -9.062676429748535
9 -8.060039520263672
10 -7.9941301345825195
11 -7.734144687652588
12 -9.064090728759766
13 -9.064059257507324
14 -9.06405258178711
15 -7.779980659484863
16 -9.064066886901855
17 -7.864806652069092
18 -9.064069747924805
19 -9.064081192016602
20 -7.658995151519775
21 -9.064080238342285
22 -9.064074516296387
23 -9.064069747924805
24 -7.802591800689697
25 -8.060025215148926
26 -9.064051628112793
27 -7.902270317077637
28 -9.064077377319336
29 -9.064081192016602
30 -9.064075469970703
31 -9.064082145690918
32 -7.6064300537109375
33 -8.113290786743164
34 -9.064068794250488
35 -9.064091682434082
36 -9.06406021118164
37 -7.798735618591309
38 -7.55140495300293
39 -9.064090728759766
40 -7.676751136779785
41 -9.0640869140625
42 -9.064071655273438
43 -9.064064025878906
44 -9.064074516296387
45 -9.06407642364502
46 -9.064090728759766
47 -9.064090728759766
48 -9.064085960388184
49 -9.064083099365234
50 -7.415099143981934
51 -7.543169975280762
52 -9.064082145690918
53 -9.064087867736816
54 -7.796947956085205
55 -9.064059257507324
56 -8.060042381286621
57 -7.864798069000244
58 -7.845862865447998
59 -9.064082145690918
60 -9.063997268676758
61 -9.06407642364502
62 -9.064059257507324
63 -7.798702716827393
64 -7.4241042137146
65 -9.06407642364502
66 -9.06408977508545
67 -9.064064025878906
68 -9.06402587890625
69 -9.064066886901855
70 -9.064055442810059
71 -9.064068794250488
72 -9.06407356262207
73 -7.86480188369751
74 -9.064078330993652
75 -9.064050674438477
76 -7.80003547668457
77 -7.602969646453857
78 -7.513323783874512
79 -9.064077377319336
80 -7.6737060546875
81 -9.06407642364502
82 -9.064048767089844
83 -9.064081192016602
84 -7.415099143981934
85 -9.064090728759766
86 -9.064058303833008
87 -9.064056396484375
88 -9.064058303833008
89 -9.064034461975098
90 -7.613250255584717
91 -9.064070701599121
92 -9.0640869140625
93 -9.064040184020996
94 -9.064079284667969
95 -7.677015781402588
96 -7.8647966384887695
97 -7.915642738342285
98 -7.6770195960998535
99 -9.064051628112793
100 -9.064061164855957
101 -7.606457710266113
102 -7.732647895812988
103 -7.715002059936523
104 -9.064075469970703
105 -9.064068794250488
106 -9.06407356262207
107 -9.064035415649414
108 -7.802547454833984
109 -9.064068794250488
110 -7.311826229095459
111 -9.064085006713867
112 -9.064080238342285
113 -9.064077377319336
114 -9.064067840576172
115 -9.064040184020996
116 -9.064031600952148
117 -9.064085960388184
118 -9.064072608947754
119 -9.053088188171387
120 -9.06406307220459
121 -7.854190826416016
122 -9.06408405303955
123 -9.064079284667969
124 -7.7397141456604
125 -9.064079284667969
126 -9.06408405303955
127 -7.779995918273926
128 -9.064065933227539
129 -7.565878868103027
130 -9.063467025756836
131 -9.064044952392578
132 -7.797868728637695
133 -8.316642761230469
134 -9.064069747924805
135 -9.064079284667969
136 -9.064062118530273
137 -9.064083099365234
138 -9.064070701599121
139 -9.064061164855957
140 -8.113286018371582
141 -7.568996429443359
142 -7.802649974822998
143 -9.064069747924805
144 -9.064054489135742
145 -9.064082145690918
146 -9.064071655273438
147 -8.107263565063477
148 -9.064070701599121
149 -7.655878067016602
150 -9.064055442810059
151 -9.064080238342285
152 -9.064083099365234
153 -7.864772796630859
154 -9.06408405303955
155 -9.064085006713867
156 -7.424102783203125
157 -9.064081192016602
158 -7.904624938964844
159 -7.415097236633301
160 -9.064068794250488
161 -9.064087867736816
162 -7.798739433288574
163 -9.06407642364502
164 -7.915604591369629
165 -9.064090728759766
166 -7.725314140319824
167 -9.064081192016602
168 -7.645232200622559
169 -9.064082145690918
170 -9.064085006713867
171 -9.064079284667969
172 -7.7986249923706055
173 -9.064069747924805
174 -9.064085960388184
175 -9.064038276672363
176 -9.064081192016602
177 -9.064080238342285
178 -9.064058303833008
179 -9.064056396484375
180 -9.064074516296387
181 -9.064055442810059
182 -7.998159408569336
183 -7.83787202835083
184 -7.5412983894348145
185 -7.864792823791504
186 -9.064078330993652
187 -9.064064025878906
188 -9.064062118530273
189 -7.380248069763184
190 -9.064051628112793
191 -9.064055442810059
192 -7.721997261047363
193 -9.064057350158691
194 -9.064064025878906
195 -9.06408405303955
196 -9.064045906066895
197 -9.064080238342285
198 -9.064069747924805
199 -7.529562473297119
200 -7.837827682495117
201 -9.064043998718262
202 -9.064082145690918
203 -7.424080848693848
204 -9.064066886901855
205 -7.837869644165039
206 -9.064083099365234
207 -7.6610636711120605
208 -9.064077377319336
209 -7.595500946044922
210 -7.905393123626709
211 -7.9053778648376465
212 -7.99679708480835
213 -9.06408977508545
214 -7.5703840255737305
215 -9.064080238342285
216 -9.064080238342285
217 -7.804875373840332
218 -9.064090728759766
219 -9.06405258178711
220 -7.7381696701049805
221 -7.983048439025879
222 -9.064085960388184
223 -8.113295555114746
224 -9.064083099365234
225 -8.059906959533691
226 -9.064056396484375
227 -9.064068794250488
228 -9.064075469970703
229 -7.725430965423584
230 -7.779940605163574
231 -9.064078330993652
232 -7.80260705947876
233 -9.064062118530273
234 -7.899097442626953
235 -9.064059257507324
236 -7.804868698120117
237 -9.0640869140625
238 -7.606459617614746
239 -7.802415370941162
240 -9.064088821411133
241 -7.905374050140381
242 -9.064085960388184
243 -7.80264139175415
244 -9.0640869140625
245 -9.064085006713867
246 -9.064055442810059
247 -9.064051628112793
248 -7.675625801086426
249 -9.064085960388184
250 -7.567446708679199
251 -9.064075469970703
252 -9.064058303833008
253 -9.064080238342285
254 -9.064078330993652
255 -7.837881088256836
256 -8.059985160827637
257 -8.060038566589355
258 -7.528568267822266
259 -9.06403923034668
260 -9.064074516296387
261 -7.804872989654541
262 -9.06406307220459
263 -9.06408977508545
264 -7.424100875854492
265 -7.837864875793457
266 -9.064070701599121
267 -7.905396938323975
268 -7.804872035980225
269 -7.544606685638428
270 -9.06407642364502
271 -9.064047813415527
272 -9.06408405303955
273 -8.059873580932617
274 -9.064088821411133
275 -7.67456579208374
276 -9.064083099365234
277 -7.804869651794434
278 -9.064065933227539
279 -7.837847709655762
280 -7.798739910125732
281 -9.06383991241455
282 -9.064069747924805
283 -9.06405258178711
284 -9.064079284667969
285 -9.064077377319336
286 -7.8647894859313965
287 -8.113290786743164
288 -9.063998222351074
289 -9.064071655273438
290 -7.86476469039917
291 -9.064059257507324
292 -8.060064315795898
293 -9.06403923034668
294 -9.064082145690918
295 -9.064083099365234
296 -9.064085006713867
297 -9.064078330993652
298 -9.064085006713867
299 -7.456730842590332
300 -7.8647942543029785
301 -9.064085960388184
302 -7.905376434326172
303 -7.606492519378662
304 -8.113292694091797
305 -9.064065933227539
306 -7.989920139312744
307 -9.064041137695312
308 -9.064071655273438
309 -7.798733711242676
310 -9.06406307220459
311 -7.864774703979492
312 -9.06407642364502
313 -9.064077377319336
314 -9.064061164855957
315 -7.734174728393555
316 -9.064079284667969
317 -9.064078330993652
318 -7.798736095428467
319 -9.064082145690918
320 -7.761679649353027
321 -7.73413610458374
322 -7.79688835144043
323 -9.064064979553223
324 -9.064074516296387
325 -8.058305740356445
326 -9.06408977508545
327 -9.064075469970703
328 -9.064078330993652
329 -9.064058303833008
330 -8.060040473937988
331 -9.064080238342285
332 -9.064069747924805
333 -9.064075469970703
334 -9.064075469970703
335 -9.064079284667969
336 -9.064043998718262
337 -9.063629150390625
338 -7.796914100646973
339 -7.649763107299805
340 -8.113295555114746
341 -9.064072608947754
342 -9.064090728759766
343 -7.864792346954346
344 -7.708837509155273
345 -9.06405258178711
346 -9.06407356262207
347 -9.061712265014648
348 -9.0640869140625
349 -9.064085006713867
350 -9.062950134277344
351 -7.688309669494629
352 -7.690718173980713
353 -8.059876441955566
354 -7.742527484893799
355 -9.06407642364502
356 -9.064066886901855
357 -9.064069747924805
358 -9.064081192016602
359 -9.064050674438477
360 -9.0640869140625
361 -9.064085006713867
362 -9.064051628112793
363 -7.798720836639404
364 -9.064065933227539
365 -9.064070701599121
366 -9.064064979553223
367 -8.113297462463379
368 -7.761131286621094
369 -9.064035415649414
370 -7.864792346954346
371 -7.935209274291992
372 -7.8647990226745605
373 -9.064090728759766
374 -9.064083099365234
375 -7.798727989196777
376 -7.79767370223999
377 -9.064090728759766
378 -7.331814765930176
379 -9.064082145690918
380 -7.4240593910217285
381 -7.738180637359619
382 -9.064055442810059
383 -9.064087867736816
384 -7.9070305824279785
385 -7.76167106628418
386 -9.06404972076416
387 -9.0640869140625
388 -9.064050674438477
389 -9.06403923034668
390 -9.064064025878906
391 -9.064081192016602
392 -8.06003475189209
393 -9.064078330993652
394 -9.064043045043945
395 -9.06403923034668
396 -7.905372619628906
397 -9.064087867736816
398 -9.064065933227539
399 -7.440638542175293
400 -7.415100574493408
401 -9.064077377319336
402 -7.632551193237305
403 -7.739742279052734
404 -7.9054036140441895
405 -8.008001327514648
406 -9.064059257507324
407 -7.532951354980469
408 -9.064082145690918
409 -9.064054489135742
410 -9.064077377319336
411 -9.064079284667969
412 -9.064078330993652
413 -9.0640869140625
414 -9.064062118530273
415 -9.06407642364502
416 -9.06407356262207
417 -9.064069747924805
418 -9.064075469970703
419 -9.064056396484375
420 -7.621393203735352
421 -9.064080238342285
422 -7.837813377380371
423 -9.064064979553223
424 -9.064080238342285
425 -9.064081192016602
426 -7.621840953826904
427 -9.06407642364502
428 -9.06406021118164
429 -7.657472133636475
430 -7.593316078186035
431 -9.064069747924805
432 -7.71281099319458
433 -7.613256454467773
434 -7.659278392791748
435 -8.113053321838379
436 -9.064082145690918
437 -9.064056396484375
438 -7.566914081573486
439 -7.5029144287109375
440 -7.294904708862305
441 -9.064081192016602
442 -7.732735633850098
443 -7.761684417724609
444 -7.864794731140137
445 -9.064083099365234
446 -7.717716217041016
447 -9.064055442810059
448 -9.064071655273438
449 -9.064083099365234
450 -9.06407356262207
451 -7.563838005065918
452 -9.06408405303955
453 -9.064080238342285
454 -7.658946514129639
455 -9.064085006713867
456 -7.673704147338867
457 -7.7799601554870605
458 -7.904794216156006
459 -9.064074516296387
460 -9.064057350158691
461 -9.06408405303955
462 -7.8026347160339355
463 -9.064085960388184
464 -7.796921253204346
465 -7.748159408569336
466 -8.007950782775879
467 -9.064064025878906
468 -8.113289833068848
469 -9.06408405303955
470 -9.0640869140625
471 -9.064056396484375
472 -7.566517353057861
473 -9.064067840576172
474 -7.415908336639404
475 -9.064082145690918
476 -9.063946723937988
477 -9.064090728759766
478 -9.064087867736816
479 -9.06407642364502
480 -9.064081192016602
481 -7.798085689544678
482 -9.064077377319336
483 -9.064066886901855
484 -7.74124813079834
485 -9.064069747924805
486 -7.415099620819092
487 -9.064064025878906
488 -9.064075469970703
489 -9.064048767089844
490 -9.06407356262207
491 -9.06407642364502
492 -9.064081192016602
493 -7.864795207977295
494 -9.064082145690918
495 -9.06407356262207
496 -9.064075469970703
497 -7.548566818237305
498 -8.113268852233887
499 -9.064059257507324
500 -9.064085006713867
501 -9.064083099365234
502 -9.064033508300781
503 -7.837832450866699
504 -9.064054489135742
505 -9.064082145690918
506 -9.064080238342285
507 -9.064075469970703
508 -7.602360725402832
509 -8.113283157348633
510 -7.7252583503723145
511 -9.064068794250488
512 -7.864803791046143
513 -7.625138759613037
514 -7.52036190032959
515 -9.063993453979492
516 -9.06407356262207
517 -7.497846603393555
518 -8.060042381286621
519 -7.902989387512207
520 -9.064059257507324
521 -9.064072608947754
522 -9.064074516296387
523 -9.06407356262207
524 -7.518697738647461
525 -9.064082145690918
526 -9.064082145690918
527 -9.064081192016602
528 -9.064085006713867
529 -7.864787578582764
530 -9.064085006713867
531 -7.6559906005859375
532 -9.064080238342285
533 -7.905390739440918
534 -7.782852649688721
535 -9.064074516296387
536 -8.11328411102295
537 -7.456002235412598
538 -7.560556411743164
539 -9.06408977508545
540 -9.064083099365234
541 -9.064083099365234
542 -9.064064979553223
543 -8.060011863708496
544 -7.837898254394531
545 -7.646243572235107
546 -9.064081192016602
547 -7.415101528167725
548 -9.064066886901855
549 -9.064056396484375
550 -9.064070701599121
551 -9.06406307220459
552 -9.064065933227539
553 -9.064068794250488
554 -8.000659942626953
555 -9.064047813415527
556 -7.903018474578857
557 -9.0640869140625
558 -9.064075469970703
559 -9.064064979553223
560 -9.064080238342285
561 -7.905422210693359
562 -9.064085960388184
563 -9.064081192016602
564 -9.064080238342285
565 -7.721990585327148
566 -9.064077377319336
567 -9.064062118530273
568 -7.721988677978516
569 -7.802526950836182
570 -9.064065933227539
571 -7.899106025695801
572 -9.064078330993652
573 -7.525089263916016
574 -7.741398811340332
575 -7.640981674194336
576 -9.0426025390625
577 -7.837862491607666
578 -7.475035190582275
579 -9.06408405303955
580 -9.064082145690918
581 -7.434394359588623
582 -9.064088821411133
583 -9.064083099365234
584 -7.904600143432617
585 -7.56382942199707
586 -9.06406021118164
587 -9.064062118530273
588 -9.0640869140625
589 -7.79998779296875
590 -7.675602436065674
591 -9.06407356262207
592 -9.064081192016602
593 -9.06408405303955
594 -9.064069747924805
595 -7.779991626739502
596 -9.064081192016602
597 -9.06406021118164
598 -9.064085006713867
599 -9.064082145690918
600 -8.06006145477295
601 -9.064083099365234
602 -7.675626277923584
603 -9.064046859741211
604 -7.510869026184082
605 -9.064078330993652
606 -9.064081192016602
607 -9.064081192016602
608 -9.064035415649414
609 -9.064078330993652
610 -8.113287925720215
611 -7.4241042137146
612 -9.06408405303955
613 -9.06406307220459
614 -9.06407356262207
615 -9.064079284667969
616 -7.582172870635986
617 -9.064077377319336
618 -7.69082498550415
619 -7.761684894561768
620 -9.064058303833008
621 -9.064072608947754
622 -9.064057350158691
623 -7.502951145172119
624 -9.064059257507324
625 -7.623444080352783
626 -7.738175392150879
627 -9.0640869140625
628 -7.753839015960693
629 -9.064066886901855
630 -9.06403636932373
631 -9.064074516296387
632 -9.064080238342285
633 -7.714587211608887
634 -9.064050674438477
635 -9.0640869140625
636 -9.064082145690918
637 -9.064083099365234
638 -9.064080238342285
639 -9.064079284667969
640 -9.064057350158691
641 -9.06405258178711
642 -9.064055442810059
643 -8.060057640075684
644 -7.641350746154785
645 -9.064065933227539
646 -9.06405258178711
647 -9.064082145690918
648 -9.064053535461426
649 -9.064090728759766
650 -7.711931228637695
651 -9.064061164855957
652 -7.802524566650391
653 -9.064057350158691
654 -9.064082145690918
655 -7.837907314300537
656 -9.064083099365234
657 -9.064080238342285
658 -9.064066886901855
659 -7.569646835327148
660 -9.064079284667969
661 -9.064090728759766
662 -9.06406021118164
663 -9.064082145690918
664 -9.064090728759766
665 -8.060050964355469
666 -9.06407642364502
667 -7.392317295074463
668 -7.7482709884643555
669 -8.059477806091309
670 -7.645187854766846
671 -9.064050674438477
672 -9.0640869140625
673 -9.064070701599121
674 -9.064047813415527
675 -9.064079284667969
676 -9.064064979553223
677 -7.415097713470459
678 -9.064077377319336
679 -9.064057350158691
680 -9.064074516296387
681 -9.06406021118164
682 -9.064056396484375
683 -9.064056396484375
684 -9.064071655273438
685 -9.064083099365234
686 -9.06406307220459
687 -7.90542459487915
688 -9.064071655273438
689 -9.064062118530273
690 -9.064081192016602
691 -9.064066886901855
692 -7.727785587310791
693 -7.798736572265625
694 -7.641253471374512
695 -9.064064979553223
696 -9.064064025878906
697 -9.064090728759766
698 -7.432969093322754
699 -9.064080238342285
700 -7.864794731140137
701 -9.064080238342285
702 -8.060056686401367
703 -7.8438849449157715
704 -7.657388210296631
705 -7.864801406860352
706 -7.606494426727295
707 -7.804874897003174
708 -9.064090728759766
709 -9.06408977508545
710 -7.738190174102783
711 -7.415098190307617
712 -7.59022331237793
713 -7.514404296875
714 -9.064065933227539
715 -9.064047813415527
716 -9.064075469970703
717 -9.064088821411133
718 -9.064044952392578
719 -9.064077377319336
720 -9.064085960388184
721 -9.064083099365234
722 -9.06406307220459
723 -8.997349739074707
724 -9.06407642364502
725 -9.064064979553223
726 -7.80001974105835
727 -9.064081192016602
728 -9.064079284667969
729 -7.64519739151001
730 -9.06407642364502
731 -9.064069747924805
732 -7.837879657745361
733 -9.064077377319336
734 -9.064080238342285
735 -9.064079284667969
736 -9.064072608947754
737 -8.44515609741211
738 -7.74826717376709
739 -7.721979141235352
740 -9.064064025878906
741 -9.064075469970703
742 -9.064082145690918
743 -7.606496334075928
744 -9.064053535461426
745 -8.059808731079102
746 -9.064070701599121
747 -7.714588642120361
748 -7.406893730163574
749 -9.064070701599121
750 -7.633145332336426
751 -9.064064979553223
752 -7.643452167510986
753 -7.785611629486084
754 -7.646219253540039
755 -8.060053825378418
756 -8.060050010681152
757 -9.064085006713867
758 -7.837860107421875
759 -9.064056396484375
760 -9.0640869140625
761 -8.113089561462402
762 -9.064069747924805
763 -7.782898902893066
764 -7.7076873779296875
765 -9.064054489135742
766 -7.61465311050415
767 -7.435998916625977
768 -7.415101051330566
769 -9.062918663024902
770 -8.112879753112793
771 -8.11327838897705
772 -9.064085960388184
773 -7.798737049102783
774 -8.059829711914062
775 -9.062970161437988
776 -7.62127685546875
777 -9.064074516296387
778 -7.802606582641602
779 -9.064090728759766
780 -7.8647990226745605
781 -7.739694595336914
782 -7.761683940887451
783 -9.064075469970703
784 -8.06004810333252
785 -7.864805698394775
786 -9.064061164855957
787 -9.064077377319336
788 -9.064072608947754
789 -9.064090728759766
790 -9.064072608947754
791 -7.60223913192749
792 -7.626608371734619
793 -8.008020401000977
794 -7.8378729820251465
795 -9.0640869140625
796 -7.844289302825928
797 -7.798727989196777
798 -9.064059257507324
799 -9.064085006713867
800 -7.567453384399414
801 -7.798740386962891
802 -7.779967784881592
803 -9.064082145690918
804 -9.064077377319336
805 -9.06407642364502
806 -7.761704444885254
807 -9.064085006713867
808 -9.064062118530273
809 -7.741848945617676
810 -7.41531229019165
811 -9.064074516296387
812 -7.997946262359619
813 -7.8023362159729
814 -9.064077377319336
815 -7.902806758880615
816 -9.064087867736816
817 -9.064068794250488
818 -8.058253288269043
819 -9.064081192016602
820 -9.064055442810059
821 -9.064085006713867
822 -7.57668924331665
823 -9.048508644104004
824 -9.064074516296387
825 -7.905365943908691
826 -9.064075469970703
827 -9.06408977508545
828 -9.06407356262207
829 -7.2745513916015625
830 -9.06406021118164
831 -7.602303504943848
832 -8.113295555114746
833 -9.064085960388184
834 -7.9976606369018555
835 -7.644927501678467
836 -9.064085960388184
837 -9.064079284667969
838 -9.064064025878906
839 -7.864794731140137
840 -9.064072608947754
841 -9.064090728759766
842 -9.064087867736816
843 -9.064078330993652
844 -9.064081192016602
845 -7.9030280113220215
846 -9.064078330993652
847 -9.06406307220459
848 -9.054919242858887
849 -9.064085006713867
850 -9.064081192016602
851 -9.064079284667969
852 -9.064079284667969
853 -9.064085006713867
854 -9.0640869140625
855 -7.658969402313232
856 -9.0640869140625
857 -9.064085006713867
858 -7.494688987731934
859 -7.864776611328125
860 -9.064090728759766
861 -9.064064025878906
862 -9.064053535461426
863 -9.064083099365234
864 -9.064088821411133
865 -9.064077377319336
866 -9.06407642364502
867 -9.064020156860352
868 -9.064065933227539
869 -9.064077377319336
870 -8.457646369934082
871 -9.064085006713867
872 -9.064041137695312
873 -9.064064025878906
874 -7.741851806640625
875 -9.064083099365234
876 -9.064080238342285
877 -7.8378190994262695
878 -7.798404693603516
879 -7.606179714202881
880 -9.064072608947754
881 -9.064058303833008
882 -7.798691272735596
883 -9.064082145690918
884 -9.063943862915039
885 -9.064081192016602
886 -7.7958478927612305
887 -9.064078330993652
888 -7.3885064125061035
889 -9.064070701599121
890 -7.837886810302734
891 -9.064051628112793
892 -9.064065933227539
893 -9.064068794250488
894 -9.06403636932373
895 -9.06408405303955
896 -9.064074516296387
897 -9.064077377319336
898 -7.904600143432617
899 -9.064085006713867
900 -9.064082145690918
901 -9.064072608947754
902 -9.064079284667969
903 -7.804866313934326
904 -7.499551773071289
905 -7.721975803375244
906 -9.064053535461426
907 -7.655860424041748
908 -9.064071655273438
909 -9.064075469970703
910 -7.837854862213135
911 -9.064080238342285
912 -7.602414608001709
913 -9.064061164855957
914 -9.064083099365234
915 -9.064085006713867
916 -9.064077377319336
917 -9.064080238342285
918 -9.064082145690918
919 -7.798483371734619
920 -7.905421257019043
921 -8.059774398803711
922 -7.837812900543213
923 -9.064069747924805
924 -7.864795684814453
925 -9.064081192016602
926 -9.064058303833008
927 -9.064065933227539
928 -7.903019428253174
929 -7.645271301269531
930 -9.064059257507324
931 -9.064077377319336
932 -7.837840557098389
933 -7.645252227783203
934 -7.611093997955322
935 -9.064085960388184
936 -9.064085006713867
937 -7.515605449676514
938 -8.113296508789062
939 -9.064082145690918
940 -9.064085006713867
941 -9.064068794250488
942 -9.064085006713867
943 -9.064079284667969
944 -9.064090728759766
945 -9.064072608947754
946 -9.064071655273438
947 -9.064088821411133
948 -7.843813896179199
949 -7.674959182739258
950 -7.63243293762207
951 -9.06408405303955
952 -9.064072608947754
953 -7.864801406860352
954 -7.7418341636657715
955 -9.064085960388184
956 -7.761695861816406
957 -9.064081192016602
958 -9.064078330993652
959 -9.064057350158691
960 -7.602278232574463
961 -9.0640869140625
962 -9.06408405303955
963 -9.064048767089844
964 -8.054472923278809
965 -7.761129856109619
966 -9.064047813415527
967 -9.064081192016602
968 -9.064079284667969
969 -9.064051628112793
970 -9.064070701599121
971 -9.06407356262207
972 -9.064080238342285
973 -9.064090728759766
974 -9.06407356262207
975 -9.064067840576172
976 -9.064085960388184
977 -9.064081192016602
978 -9.064072608947754
979 -9.064067840576172
980 -9.06407642364502
981 -9.064090728759766
982 -9.06407356262207
983 -7.802621364593506
984 -7.80487060546875
985 -7.904524803161621
986 -7.837834358215332
987 -9.064085006713867
988 -7.844294548034668
989 -9.064069747924805
990 -9.064058303833008
991 -9.064041137695312
992 -9.064065933227539
993 -9.06408977508545
994 -9.064065933227539
995 -9.064085960388184
996 -7.843668460845947
997 -9.064087867736816
998 -7.73975944519043
999 -9.064082145690918
