0 -7.904526710510254
1 -9.06407642364502
2 -7.68824577331543
3 -7.905374050140381
4 -7.602178573608398
5 -7.645269393920898
6 -7.587971210479736
7 -9.064058303833008
8 -9.064059257507324
9 -9.064077377319336
10 -7.274623870849609
11 -9.064085006713867
12 -7.531816482543945
13 -9.064081192016602
14 -9.06408405303955
15 -7.494715213775635
16 -7.80260705947876
17 -7.899115562438965
18 -9.064070701599121
19 -9.064056396484375
20 -9.064087867736816
21 -7.540680408477783
22 -9.06408405303955
23 -9.06406021118164
24 -7.646297931671143
25 -9.064043045043945
26 -7.402365684509277
27 -9.064080238342285
28 -7.8647918701171875
29 -7.905245304107666
30 -7.789198875427246
31 -9.064075469970703
32 -9.064074516296387
33 -7.606346130371094
34 -9.064065933227539
35 -9.06407356262207
36 -9.064090728759766
37 -9.064068794250488
38 -7.707294464111328
39 -9.064058303833008
40 -7.6432600021362305
41 -9.064080238342285
42 -9.064078330993652
43 -8.113269805908203
44 -9.064068794250488
45 -7.864799976348877
46 -9.064083099365234
47 -9.064072608947754
48 -9.064072608947754
49 -9.064081192016602
50 -9.064062118530273
51 -9.06408405303955
52 -9.06406021118164
53 -9.064075469970703
54 -7.804870128631592
55 -7.748269081115723
56 -9.064090728759766
57 -7.627398490905762
58 -7.4439239501953125
59 -9.0640869140625
60 -7.606492519378662
61 -7.4083638191223145
62 -7.780002593994141
63 -9.062312126159668
64 -7.433811187744141
65 -9.06406021118164
66 -9.064069747924805
67 -7.602298736572266
68 -9.064075469970703
69 -9.064072608947754
70 -9.064085006713867
71 -7.563834190368652
72 -9.064072608947754
73 -9.064072608947754
74 -9.064075469970703
75 -7.675616264343262
76 -8.06005859375
77 -7.7986884117126465
78 -7.837843894958496
79 -7.7381815910339355
80 -9.064090728759766
81 -9.0640869140625
82 -9.06408977508545
83 -9.064081192016602
84 -7.415097236633301
85 -7.965881824493408
86 -9.06408405303955
87 -7.646304130554199
88 -8.113287925720215
89 -9.064044952392578
90 -7.71777868270874
91 -9.06407356262207
92 -9.064088821411133
93 -9.064064979553223
94 -9.064079284667969
95 -9.064085006713867
96 -9.0640869140625
97 -9.064079284667969
98 -8.107940673828125
99 -9.056795120239258
100 -7.528567314147949
101 -7.73911190032959
102 -9.064082145690918
103 -9.064070701599121
104 -7.796963691711426
105 -7.7799973487854
106 -9.06405258178711
107 -7.715007305145264
108 -7.864790916442871
109 -9.064064979553223
110 -9.064075469970703
111 -9.064090728759766
112 -7.915048122406006
113 -7.804862976074219
114 -7.632357597351074
115 -8.113299369812012
116 -9.064071655273438
117 -9.064062118530273
118 -7.732763290405273
119 -9.064072608947754
120 -9.064085006713867
121 -9.064081192016602
122 -9.06407642364502
123 -7.643447399139404
124 -9.06408977508545
125 -9.064064979553223
126 -9.06407356262207
127 -9.064080238342285
128 -9.064082145690918
129 -9.064055442810059
130 -9.06153392791748
131 -7.7987213134765625
132 -9.064065933227539
133 -9.06408405303955
134 -7.7482476234436035
135 -7.993424415588379
136 -9.064070701599121
137 -9.064069747924805
138 -7.643737316131592
139 -7.5496368408203125
140 -7.843812942504883
141 -9.064078330993652
142 -9.064077377319336
143 -9.064062118530273
144 -7.83779239654541
145 -9.064055442810059
146 -9.064079284667969
147 -7.80487060546875
148 -9.064085006713867
149 -9.064046859741211
150 -7.864790439605713
151 -7.6451263427734375
152 -9.0640869140625
153 -9.0640869140625
154 -9.0640869140625
155 -9.064082145690918
156 -9.064054489135742
157 -9.064064025878906
158 -9.064080238342285
159 -7.4150919914245605
160 -7.415098190307617
161 -9.064083099365234
162 -9.064075469970703
163 -9.064077377319336
164 -7.509377956390381
165 -9.064090728759766
166 -9.064075469970703
167 -9.064090728759766
168 -7.500262260437012
169 -9.064040184020996
170 -9.064083099365234
171 -7.796945571899414
172 -9.064071655273438
173 -7.358600616455078
174 -9.064085006713867
175 -9.064064979553223
176 -9.064061164855957
177 -7.802652359008789
178 -9.064066886901855
179 -7.761782169342041
180 -9.06408405303955
181 -9.064083099365234
182 -9.064057350158691
183 -9.064067840576172
184 -9.064080238342285
185 -7.899064064025879
186 -9.06408405303955
187 -9.06408977508545
188 -9.064044952392578
189 -9.064065933227539
190 -9.064077377319336
191 -9.064070701599121
192 -7.715008735656738
193 -9.064083099365234
194 -7.795314311981201
195 -9.064050674438477
196 -9.06407642364502
197 -9.06408977508545
198 -9.064082145690918
199 -9.0640869140625
200 -9.064079284667969
201 -7.31224250793457
202 -9.064090728759766
203 -9.064064025878906
204 -9.064082145690918
205 -7.732662677764893
206 -7.798728942871094
207 -9.064066886901855
208 -9.0640869140625
209 -9.064062118530273
210 -7.707292556762695
211 -9.064074516296387
212 -9.064070701599121
213 -8.113293647766113
214 -9.064069747924805
215 -7.424106597900391
216 -7.804872512817383
217 -9.064081192016602
218 -9.064077377319336
219 -7.717757225036621
220 -9.064061164855957
221 -7.732780456542969
222 -8.007959365844727
223 -9.064077377319336
224 -8.060052871704102
225 -9.064085960388184
226 -9.064085960388184
227 -9.064068794250488
228 -9.064071655273438
229 -8.113299369812012
230 -7.544933795928955
231 -9.06407356262207
232 -9.06406307220459
233 -9.06407356262207
234 -9.064090728759766
235 -9.064090728759766
236 -9.06405258178711
237 -9.064083099365234
238 -7.905393123626709
239 -9.064080238342285
240 -9.064078330993652
241 -7.802518367767334
242 -7.904622554779053
243 -9.064072608947754
244 -7.864781856536865
245 -9.06406307220459
246 -9.023341178894043
247 -9.064077377319336
248 -7.400498867034912
249 -9.06407356262207
250 -9.064074516296387
251 -9.06408405303955
252 -9.064079284667969
253 -9.064090728759766
254 -9.064045906066895
255 -9.064078330993652
256 -7.864805698394775
257 -9.064074516296387
258 -7.648558139801025
259 -7.80487585067749
260 -7.415885925292969
261 -9.06408977508545
262 -7.837862014770508
263 -7.802649021148682
264 -9.064082145690918
265 -9.064079284667969
266 -8.00796890258789
267 -9.064069747924805
268 -8.11294937133789
269 -9.064058303833008
270 -7.655595302581787
271 -9.06407356262207
272 -9.064058303833008
273 -9.064087867736816
274 -9.064057350158691
275 -9.06407356262207
276 -9.064080238342285
277 -7.804874420166016
278 -9.064055442810059
279 -7.613269805908203
280 -7.732728481292725
281 -9.064079284667969
282 -9.064068794250488
283 -9.064083099365234
284 -9.064085960388184
285 -9.064074516296387
286 -9.064061164855957
287 -9.064082145690918
288 -9.064071655273438
289 -9.064083099365234
290 -9.064078330993652
291 -9.064065933227539
292 -9.064083099365234
293 -9.064062118530273
294 -9.064083099365234
295 -9.0640869140625
296 -9.064071655273438
297 -9.064081192016602
298 -7.415096759796143
299 -9.06407642364502
300 -9.064062118530273
301 -7.864798069000244
302 -7.796935558319092
303 -7.800045490264893
304 -7.606491565704346
305 -8.060065269470215
306 -7.645202159881592
307 -9.064054489135742
308 -7.804869651794434
309 -9.064082145690918
310 -9.064062118530273
311 -9.064074516296387
312 -7.593332290649414
313 -9.064080238342285
314 -9.064079284667969
315 -7.9053120613098145
316 -7.529021263122559
317 -9.064081192016602
318 -9.064085006713867
319 -9.064071655273438
320 -9.064081192016602
321 -9.064067840576172
322 -9.064085006713867
323 -9.064046859741211
324 -9.064080238342285
325 -9.064053535461426
326 -9.064048767089844
327 -9.06406307220459
328 -9.064072608947754
329 -9.064051628112793
330 -9.064083099365234
331 -9.064083099365234
332 -9.064064025878906
333 -9.064080238342285
334 -9.064045906066895
335 -9.064045906066895
336 -9.064085006713867
337 -7.499542236328125
338 -9.064072608947754
339 -9.064090728759766
340 -7.183528900146484
341 -9.064065933227539
342 -8.1129150390625
343 -7.903020858764648
344 -9.064045906066895
345 -9.064081192016602
346 -7.717774868011475
347 -9.064044952392578
348 -7.738157272338867
349 -9.064064979553223
350 -9.064077377319336
351 -8.060063362121582
352 -9.064065933227539
353 -9.064081192016602
354 -8.060064315795898
355 -9.064072608947754
356 -7.41509485244751
357 -7.423922061920166
358 -9.064088821411133
359 -9.0640869140625
360 -9.064085006713867
361 -7.621355056762695
362 -9.064059257507324
363 -9.064082145690918
364 -9.064051628112793
365 -9.064087867736816
366 -7.864793300628662
367 -9.064064979553223
368 -8.059913635253906
369 -7.994118690490723
370 -9.064068794250488
371 -9.06408977508545
372 -9.064043045043945
373 -9.064090728759766
374 -9.064080238342285
375 -9.06408977508545
376 -9.064085960388184
377 -7.232332706451416
378 -7.802535057067871
379 -7.905409336090088
380 -7.732750415802002
381 -9.064072608947754
382 -9.064047813415527
383 -7.837892055511475
384 -7.804876327514648
385 -9.064055442810059
386 -9.064081192016602
387 -7.628016471862793
388 -9.064083099365234
389 -9.064090728759766
390 -9.064056396484375
391 -9.064043998718262
392 -9.064064025878906
393 -8.059541702270508
394 -9.064071655273438
395 -8.007979393005371
396 -9.064069747924805
397 -9.064075469970703
398 -7.802632808685303
399 -7.71194314956665
400 -7.9054083824157715
401 -9.06407642364502
402 -9.064072608947754
403 -7.499307632446289
404 -9.064075469970703
405 -8.113300323486328
406 -7.798736572265625
407 -9.064082145690918
408 -9.064077377319336
409 -9.064068794250488
410 -9.0640869140625
411 -7.54449462890625
412 -9.064046859741211
413 -9.06408977508545
414 -9.064070701599121
415 -9.064080238342285
416 -7.761655807495117
417 -9.064055442810059
418 -8.059998512268066
419 -9.064079284667969
420 -7.721983909606934
421 -9.064077377319336
422 -7.274499893188477
423 -7.6652960777282715
424 -9.064087867736816
425 -9.064077377319336
426 -7.711942195892334
427 -9.06407642364502
428 -7.479283332824707
429 -9.06408405303955
430 -9.064070701599121
431 -9.064081192016602
432 -9.064044952392578
433 -9.064078330993652
434 -7.597295761108398
435 -9.064070701599121
436 -8.113286972045898
437 -7.739112854003906
438 -7.738196849822998
439 -9.06408405303955
440 -9.064077377319336
441 -7.902425765991211
442 -9.064069747924805
443 -9.064088821411133
444 -9.06408977508545
445 -9.064085006713867
446 -9.064070701599121
447 -9.035024642944336
448 -9.064078330993652
449 -9.064072608947754
450 -7.899107456207275
451 -9.064058303833008
452 -9.064068794250488
453 -8.031590461730957
454 -7.905423641204834
455 -9.064085006713867
456 -9.064075469970703
457 -9.06407642364502
458 -9.064075469970703
459 -9.06406307220459
460 -9.064090728759766
461 -9.064046859741211
462 -9.064083099365234
463 -7.587870121002197
464 -7.590256214141846
465 -9.06407642364502
466 -9.064077377319336
467 -9.064087867736816
468 -9.06408405303955
469 -9.06408405303955
470 -7.704207897186279
471 -9.064047813415527
472 -9.064077377319336
473 -9.064083099365234
474 -7.804873943328857
475 -9.064087867736816
476 -9.06406021118164
477 -9.064045906066895
478 -9.06408977508545
479 -9.064065933227539
480 -9.06408977508545
481 -9.064064025878906
482 -9.064079284667969
483 -9.064056396484375
484 -9.0640869140625
485 -7.798736095428467
486 -9.064033508300781
487 -9.064083099365234
488 -7.796931743621826
489 -9.064050674438477
490 -9.064065933227539
491 -9.064056396484375
492 -7.690718173980713
493 -9.064056396484375
494 -9.064053535461426
495 -7.417078495025635
496 -7.864800930023193
497 -9.064067840576172
498 -9.064062118530273
499 -9.064066886901855
500 -9.064077377319336
501 -9.064079284667969
502 -7.587958812713623
503 -9.064081192016602
504 -9.064067840576172
505 -9.064056396484375
506 -9.064090728759766
507 -9.06408977508545
508 -9.06407642364502
509 -9.064083099365234
510 -9.064051628112793
511 -9.064079284667969
512 -9.064077377319336
513 -9.064081192016602
514 -9.064072608947754
515 -9.064064025878906
516 -9.064070701599121
517 -9.064083099365234
518 -9.064075469970703
519 -9.064090728759766
520 -7.903002738952637
521 -9.064045906066895
522 -9.06407356262207
523 -8.060063362121582
524 -7.837851524353027
525 -9.06407642364502
526 -9.06408977508545
527 -9.064050674438477
528 -9.064077377319336
529 -9.064079284667969
530 -9.064082145690918
531 -8.00802993774414
532 -9.064064979553223
533 -9.064051628112793
534 -7.602468490600586
535 -7.79693603515625
536 -7.903774738311768
537 -7.553373336791992
538 -9.064085006713867
539 -9.064077377319336
540 -9.064067840576172
541 -9.064083099365234
542 -9.064068794250488
543 -9.064082145690918
544 -9.06407642364502
545 -9.064053535461426
546 -9.064031600952148
547 -7.798728942871094
548 -9.064079284667969
549 -9.064085006713867
550 -9.064064979553223
551 -9.064072608947754
552 -9.064047813415527
553 -7.613245010375977
554 -9.064056396484375
555 -7.733842849731445
556 -7.899099826812744
557 -9.06407356262207
558 -7.7219953536987305
559 -9.064064025878906
560 -9.06405258178711
561 -9.06407642364502
562 -7.549278259277344
563 -7.721979141235352
564 -7.954039573669434
565 -9.064041137695312
566 -7.777881145477295
567 -7.864804744720459
568 -9.064048767089844
569 -9.064059257507324
570 -7.623851299285889
571 -7.738181114196777
572 -7.8888702392578125
573 -9.064085960388184
574 -9.064059257507324
575 -7.905389308929443
576 -9.064064025878906
577 -7.5412797927856445
578 -7.8378496170043945
579 -9.064090728759766
580 -7.6304731369018555
581 -9.064074516296387
582 -7.725346565246582
583 -7.566948890686035
584 -9.064077377319336
585 -7.424104690551758
586 -8.008008003234863
587 -7.837837219238281
588 -7.657085418701172
589 -7.354540824890137
590 -7.798717021942139
591 -9.064067840576172
592 -9.064087867736816
593 -7.915652751922607
594 -9.06408405303955
595 -7.566898345947266
596 -7.693942546844482
597 -8.00800895690918
598 -7.370152473449707
599 -7.802674293518066
600 -9.0640869140625
601 -9.064038276672363
602 -9.064064025878906
603 -9.06408977508545
604 -9.064045906066895
605 -7.779984951019287
606 -9.06406021118164
607 -9.0640869140625
608 -8.113286972045898
609 -9.064070701599121
610 -7.998443126678467
611 -9.062827110290527
612 -9.064079284667969
613 -9.06406021118164
614 -9.064072608947754
615 -9.064068794250488
616 -9.064085960388184
617 -9.064090728759766
618 -9.064068794250488
619 -9.064082145690918
620 -9.064069747924805
621 -9.064090728759766
622 -9.064081192016602
623 -7.588252544403076
624 -9.064081192016602
625 -8.060052871704102
626 -9.064079284667969
627 -9.064071655273438
628 -7.7207112312316895
629 -9.064054489135742
630 -9.064077377319336
631 -7.899099349975586
632 -7.799927234649658
633 -9.064085006713867
634 -7.4815874099731445
635 -7.796948432922363
636 -9.064085006713867
637 -9.064079284667969
638 -9.064066886901855
639 -7.905402183532715
640 -9.064085006713867
641 -7.73416805267334
642 -9.064074516296387
643 -9.0640869140625
644 -9.064080238342285
645 -9.06408405303955
646 -7.623040199279785
647 -7.737987995147705
648 -9.064068794250488
649 -9.064082145690918
650 -9.06408405303955
651 -7.7998948097229
652 -8.060044288635254
653 -9.064069747924805
654 -7.902414798736572
655 -7.659726142883301
656 -9.064083099365234
657 -7.549643516540527
658 -9.064057350158691
659 -7.692303657531738
660 -9.064081192016602
661 -7.6774749755859375
662 -7.796924591064453
663 -7.622957706451416
664 -7.4947004318237305
665 -7.796916961669922
666 -9.064055442810059
667 -9.06406021118164
668 -9.064083099365234
669 -9.064088821411133
670 -9.064064979553223
671 -9.064047813415527
672 -7.738180637359619
673 -9.064053535461426
674 -7.773298263549805
675 -7.864799499511719
676 -9.064054489135742
677 -7.623408317565918
678 -7.645247459411621
679 -9.064064979553223
680 -9.064083099365234
681 -7.800025939941406
682 -9.064090728759766
683 -7.569372177124023
684 -7.915631294250488
685 -9.064090728759766
686 -7.779876232147217
687 -9.064051628112793
688 -9.064070701599121
689 -9.06407356262207
690 -9.064062118530273
691 -9.06403923034668
692 -9.064071655273438
693 -7.569234848022461
694 -9.064058303833008
695 -7.7119526863098145
696 -9.064048767089844
697 -9.064075469970703
698 -9.064078330993652
699 -9.064080238342285
700 -9.064035415649414
701 -9.06408977508545
702 -9.06405258178711
703 -7.424095630645752
704 -9.064085960388184
705 -9.064081192016602
706 -9.064082145690918
707 -9.06408405303955
708 -9.06405258178711
709 -9.06408405303955
710 -9.064066886901855
711 -9.064064979553223
712 -9.064080238342285
713 -9.064048767089844
714 -9.06408977508545
715 -7.915658950805664
716 -8.113302230834961
717 -7.732748985290527
718 -7.262814998626709
719 -9.064067840576172
720 -9.064047813415527
721 -9.06408977508545
722 -9.06408405303955
723 -7.675627708435059
724 -9.06406021118164
725 -7.902401447296143
726 -9.064053535461426
727 -9.064072608947754
728 -9.06407642364502
729 -9.064050674438477
730 -9.064014434814453
731 -9.064090728759766
732 -9.064078330993652
733 -9.06408405303955
734 -8.059686660766602
735 -8.007976531982422
736 -9.064090728759766
737 -7.899109840393066
738 -7.5756635665893555
739 -9.064085006713867
740 -9.064081192016602
741 -9.064079284667969
742 -7.864789962768555
743 -9.064079284667969
744 -9.064071655273438
745 -9.06407356262207
746 -7.864795684814453
747 -9.064080238342285
748 -7.626029014587402
749 -9.06405258178711
750 -9.064077377319336
751 -9.064043045043945
752 -9.06408405303955
753 -9.064079284667969
754 -7.997774124145508
755 -9.064083099365234
756 -9.06408405303955
757 -9.064045906066895
758 -8.113289833068848
759 -9.0640869140625
760 -9.064085960388184
761 -9.064045906066895
762 -7.837898254394531
763 -7.439145088195801
764 -8.113289833068848
765 -9.06407642364502
766 -9.06408405303955
767 -9.064072608947754
768 -9.064062118530273
769 -7.721913814544678
770 -9.064087867736816
771 -7.779996871948242
772 -9.064069747924805
773 -9.064067840576172
774 -9.064078330993652
775 -9.064061164855957
776 -8.110029220581055
777 -7.798733234405518
778 -9.06406021118164
779 -9.064079284667969
780 -9.064085960388184
781 -8.113292694091797
782 -7.606180191040039
783 -9.060340881347656
784 -9.064075469970703
785 -9.064056396484375
786 -9.064072608947754
787 -8.11329174041748
788 -9.064062118530273
789 -7.7341485023498535
790 -9.06408405303955
791 -9.064071655273438
792 -9.064058303833008
793 -7.648562908172607
794 -9.064082145690918
795 -9.064038276672363
796 -8.060050964355469
797 -7.761209011077881
798 -7.415098190307617
799 -7.8379364013671875
800 -7.864797592163086
801 -7.864809513092041
802 -9.06404972076416
803 -9.064079284667969
804 -9.064079284667969
805 -9.064072608947754
806 -7.914237976074219
807 -7.779992580413818
808 -7.8955912590026855
809 -7.473790645599365
810 -9.064079284667969
811 -9.06408405303955
812 -9.064090728759766
813 -7.8379034996032715
814 -9.064071655273438
815 -9.064077377319336
816 -7.73809814453125
817 -7.903013229370117
818 -7.6692681312561035
819 -7.804847240447998
820 -9.064085006713867
821 -9.064087867736816
822 -9.064054489135742
823 -9.064059257507324
824 -9.064081192016602
825 -7.6914143562316895
826 -7.732640266418457
827 -9.064090728759766
828 -9.064057350158691
829 -9.064077377319336
830 -9.064059257507324
831 -9.064082145690918
832 -9.064069747924805
833 -7.905395984649658
834 -9.064075469970703
835 -9.064064025878906
836 -9.064069747924805
837 -9.064058303833008
838 -9.064081192016602
839 -9.064081192016602
840 -9.064081192016602
841 -9.064064979553223
842 -8.05997085571289
843 -7.94375467300415
844 -9.064080238342285
845 -9.064085006713867
846 -9.064085006713867
847 -9.064066886901855
848 -9.06405258178711
849 -9.064085960388184
850 -8.113271713256836
851 -7.372865200042725
852 -9.064080238342285
853 -9.064075469970703
854 -7.905405521392822
855 -9.064081192016602
856 -7.4240875244140625
857 -9.064070701599121
858 -9.064080238342285
859 -9.064081192016602
860 -9.064037322998047
861 -9.064048767089844
862 -9.064081192016602
863 -7.646241188049316
864 -9.064083099365234
865 -7.796955585479736
866 -9.064078330993652
867 -7.905402183532715
868 -9.064081192016602
869 -7.915319919586182
870 -9.064078330993652
871 -9.064075469970703
872 -9.06405258178711
873 -9.064087867736816
874 -9.064034461975098
875 -8.06005573272705
876 -9.064059257507324
877 -9.06408405303955
878 -7.731899261474609
879 -7.676756858825684
880 -9.064071655273438
881 -7.804872512817383
882 -9.064051628112793
883 -9.064069747924805
884 -9.06408977508545
885 -8.113296508789062
886 -9.06408977508545
887 -7.532944679260254
888 -9.064085960388184
889 -9.064071655273438
890 -9.064090728759766
891 -8.113282203674316
892 -7.710690975189209
893 -8.060003280639648
894 -9.064061164855957
895 -7.523550510406494
896 -9.064075469970703
897 -7.864795684814453
898 -9.064077377319336
899 -7.602400302886963
900 -7.415098190307617
901 -7.569403648376465
902 -9.064085960388184
903 -9.064062118530273
904 -9.064072608947754
905 -9.064090728759766
906 -9.064058303833008
907 -9.064059257507324
908 -9.064037322998047
909 -7.095533847808838
910 -9.064077377319336
911 -7.837743759155273
912 -7.804873943328857
913 -9.064056396484375
914 -7.9880828857421875
915 -9.0640869140625
916 -9.064074516296387
917 -7.518983364105225
918 -8.06006145477295
919 -9.064037322998047
920 -7.673887252807617
921 -7.905412673950195
922 -7.887228965759277
923 -7.528565883636475
924 -9.06406021118164
925 -9.064085006713867
926 -9.064043998718262
927 -9.064078330993652
928 -9.064065933227539
929 -9.06408405303955
930 -9.06407642364502
931 -9.064044952392578
932 -7.80256986618042
933 -7.803937911987305
934 -8.060054779052734
935 -7.797087669372559
936 -9.064079284667969
937 -9.064064979553223
938 -7.804872989654541
939 -9.064085006713867
940 -7.529788017272949
941 -9.064078330993652
942 -9.064090728759766
943 -7.7072930335998535
944 -8.059989929199219
945 -9.06407356262207
946 -9.064065933227539
947 -9.064040184020996
948 -9.063985824584961
949 -8.113287925720215
950 -7.595503807067871
951 -7.709343433380127
952 -7.837867259979248
953 -9.064082145690918
954 -9.064080238342285
955 -7.659724235534668
956 -9.064081192016602
957 -7.804879188537598
958 -7.569174766540527
959 -8.113289833068848
960 -9.064043998718262
961 -7.899392127990723
962 -8.0592041015625
963 -9.064055442810059
964 -9.064091682434082
965 -8.060042381286621
966 -9.064077377319336
967 -9.064085006713867
968 -7.707300186157227
969 -9.064059257507324
970 -8.113297462463379
971 -7.519655227661133
972 -9.064085006713867
973 -9.064059257507324
974 -9.064080238342285
975 -9.064085006713867
976 -9.064062118530273
977 -9.064081192016602
978 -9.064083099365234
979 -9.06406307220459
980 -9.06407642364502
981 -7.77998685836792
982 -9.064074516296387
983 -9.064081192016602
984 -9.064079284667969
985 -7.804874420166016
986 -9.06408405303955
987 -9.064080238342285
988 -9.06406307220459
989 -9.064085960388184
990 -9.064070701599121
991 -9.064081192016602
992 -8.060063362121582
993 -9.064071655273438
994 -9.064080238342285
995 -7.904618740081787
996 -9.064087867736816
997 -9.064081192016602
998 -9.06403923034668
999 -9.064075469970703
