# nbins 139 161 161
# width 4.0000E-2 1.9635E-2 1.9635E-2
# sigma 1.0000E-1 1.0000E-1 1.0000E-1
# cutoff_min 5.0000E-1 0.0000 0.0000
# cutoff_max 6.0000 3.1416 3.1416
# radius_distance_tol 1.5000 2.5000 3.0000 6.0000
# elements C  
# energies -9.0768
# best_energy_per_element 0.0000
# 3-body_norm 3.9618E-2
# 4-body_norm 1.0234E-2
# in_dataset_3body T
# in_dataset_4body T
# element_pairs C-C
# radii 7.6000E-1
# best_energy_per_pair 0.0000
# 2-body_norm 1.5686E-2
# in_dataset_2body T

# 2-body
# bond-length  C-C
  0.500000000       0.00000000    
  0.540000021       0.00000000    
  0.579999983       0.00000000    
  0.620000005       0.00000000    
  0.659999967       0.00000000    
  0.699999988       0.00000000    
  0.740000010       0.00000000    
  0.779999971       0.00000000    
  0.819999993       0.00000000    
  0.860000014       0.00000000    
  0.899999976       0.00000000    
  0.939999998       2.71013239E-08
  0.980000019       2.59734236E-07
   1.01999998       2.12827490E-06
   1.05999994       1.49065163E-05
   1.10000002       8.92231183E-05
   1.13999999       4.56287729E-04
   1.17999995       1.99334836E-03
   1.22000003       7.43774092E-03
   1.25999999       2.36997493E-02
   1.29999995       6.44816458E-02
   1.34000003      0.149783716    
   1.38000000      0.297015548    
   1.41999996      0.502732754    
   1.46000004      0.726269662    
   1.50000000      0.895412922    
   1.53999996      0.942062199    
   1.57999992      0.845736861    
   1.62000000      0.647828698    
   1.65999997      0.423377872    
   1.69999993      0.236055166    
   1.74000001      0.112277314    
   1.77999997       4.55557667E-02
   1.81999993       1.57669093E-02
   1.86000001       4.65458352E-03
   1.89999998       1.17200927E-03
   1.93999994       2.51763675E-04
   1.98000002       4.67040409E-05
   2.01999998       1.19223987E-05
   2.05999994       3.24698776E-05
   2.09999990       1.79459719E-04
   2.13999987       8.70529388E-04
   2.18000007       3.60307656E-03
   2.22000003       1.27165811E-02
   2.25999999       3.82703282E-02
   2.29999995       9.82062593E-02
   2.33999991      0.214878008    
   2.37999988      0.400877297    
   2.42000008      0.637662470    
   2.46000004      0.864809692    
   2.50000000       1.00000000    
   2.53999996      0.985953510    
   2.57999992      0.829237342    
   2.61999989      0.596451938    
   2.65999985      0.372223258    
   2.70000005      0.217215285    
   2.74000001      0.155699462    
   2.77999997      0.187087208    
   2.81999993      0.296645671    
   2.85999990      0.452965260    
   2.89999986      0.603799224    
   2.94000006      0.689034879    
   2.98000002      0.670790195    
   3.01999998      0.556747735    
   3.05999994      0.393918306    
   3.09999990      0.237588540    
   3.13999987      0.122179486    
   3.17999983       5.36932275E-02
   3.22000003       2.06923485E-02
   3.25999999       8.90556816E-03
   3.29999995       9.62845981E-03
   3.33999991       2.13631466E-02
   3.37999988       4.74956334E-02
   3.41999984       9.14368704E-02
   3.46000004      0.150275528    
   3.50000000      0.210654274    
   3.53999996      0.252189785    
   3.57999992      0.259134024    
   3.61999989      0.232542872    
   3.65999985      0.192600191    
   3.69999981      0.168279886    
   3.74000001      0.181120768    
   3.77999997      0.232511029    
   3.81999993      0.300941408    
   3.85999990      0.351871163    
   3.89999986      0.356789261    
   3.93999982      0.309906632    
   3.98000002      0.229959294    
   4.01999998      0.146423921    
   4.05999994       8.29231516E-02
   4.09999990       5.08399419E-02
   4.13999987       5.42479008E-02
   4.17999983       9.68906358E-02
   4.21999979      0.181619242    
   4.25999975      0.300905257    
   4.29999971      0.427740842    
   4.34000015      0.520560205    
   4.38000011      0.545731783    
   4.42000008      0.502086282    
   4.46000004      0.424510449    
   4.50000000      0.360219598    
   4.53999996      0.336199403    
   4.57999992      0.343759567    
   4.61999989      0.350418895    
   4.65999985      0.326972514    
   4.69999981      0.267607778    
   4.73999977      0.189818442    
   4.77999973      0.119201936    
   4.81999969       7.45656341E-02
   4.86000013       6.30101115E-02
   4.90000010       8.23632255E-02
   4.94000006      0.123787470    
   4.98000002      0.172934011    
   5.01999998      0.213966921    
   5.05999994      0.238323286    
   5.09999990      0.251679957    
   5.13999987      0.269776762    
   5.17999983      0.303065836    
   5.21999979      0.343231052    
   5.25999975      0.365878552    
   5.29999971      0.349117368    
   5.33999968      0.291864693    
   5.38000011      0.216152072    
   5.42000008      0.153639451    
   5.46000004      0.129171222    
   5.50000000      0.151357010    
   5.53999996      0.210451901    
   5.57999992      0.281428605    
   5.61999989      0.333624572    
   5.65999985      0.346082866    
   5.69999981      0.319116741    
   5.73999977      0.271318942    
   5.77999973      0.223704010    
   5.81999969      0.185479566    
   5.85999966      0.153181583    
   5.90000010      0.120305911    
   5.94000006       8.56682584E-02
   5.98000002       5.36064021E-02
   6.01999998       2.89944708E-02

# 3-body
# bond-angle  C  
   0.00000000       0.00000000    
   1.96349546E-02   0.00000000    
   3.92699093E-02   0.00000000    
   5.89048639E-02   0.00000000    
   7.85398185E-02   0.00000000    
   9.81747732E-02   0.00000000    
  0.117809728       0.00000000    
  0.137444675       0.00000000    
  0.157079637       0.00000000    
  0.176714599       0.00000000    
  0.196349546       0.00000000    
  0.215984493       0.00000000    
  0.235619456       0.00000000    
  0.255254418       0.00000000    
  0.274889350       0.00000000    
  0.294524312       0.00000000    
  0.314159274       0.00000000    
  0.333794236       0.00000000    
  0.353429198       0.00000000    
  0.373064131       0.00000000    
  0.392699093       0.00000000    
  0.412334055       0.00000000    
  0.431968987       0.00000000    
  0.451603949       0.00000000    
  0.471238911       0.00000000    
  0.490873873       0.00000000    
  0.510508835       0.00000000    
  0.530143797       0.00000000    
  0.549778700       0.00000000    
  0.569413662       0.00000000    
  0.589048624       0.00000000    
  0.608683586       0.00000000    
  0.628318548       0.00000000    
  0.647953510       0.00000000    
  0.667588472       0.00000000    
  0.687223434       0.00000000    
  0.706858397       0.00000000    
  0.726493299       0.00000000    
  0.746128261       0.00000000    
  0.765763223       0.00000000    
  0.785398185       0.00000000    
  0.805033147       0.00000000    
  0.824668109       0.00000000    
  0.844303071       0.00000000    
  0.863937974       0.00000000    
  0.883572936       0.00000000    
  0.903207898       0.00000000    
  0.922842860       0.00000000    
  0.942477822       0.00000000    
  0.962112784       0.00000000    
  0.981747746       0.00000000    
   1.00138271       0.00000000    
   1.02101767       0.00000000    
   1.04065263       0.00000000    
   1.06028759       0.00000000    
   1.07992256       0.00000000    
   1.09955740       0.00000000    
   1.11919236       0.00000000    
   1.13882732       0.00000000    
   1.15846229       0.00000000    
   1.17809725       0.00000000    
   1.19773221       0.00000000    
   1.21736717       0.00000000    
   1.23700213       0.00000000    
   1.25663710       0.00000000    
   1.27627206       0.00000000    
   1.29590702       0.00000000    
   1.31554198       0.00000000    
   1.33517694       6.45596856E-08
   1.35481191       1.96020508E-07
   1.37444687       5.72662884E-07
   1.39408183       1.60972900E-06
   1.41371679       4.35373886E-06
   1.43335164       1.13299184E-05
   1.45298660       2.83693753E-05
   1.47262156       6.83485996E-05
   1.49225652       1.58440627E-04
   1.51189148       3.53394222E-04
   1.53152645       7.58418348E-04
   1.55116141       1.56608515E-03
   1.57079637       3.11155710E-03
   1.59043133       5.94836194E-03
   1.61006629       1.09414030E-02
   1.62970126       1.93644613E-02
   1.64933622       3.29757594E-02
   1.66897118       5.40306717E-02
   1.68860614       8.51809531E-02
   1.70824111      0.129211515    
   1.72787595      0.188588619    
   1.74751091      0.264842302    
   1.76714587      0.357862443    
   1.78678083      0.465265989    
   1.80641580      0.582026482    
   1.82605076      0.700553119    
   1.84568572      0.811327100    
   1.86532068      0.904081106    
   1.88495564      0.969338417    
   1.90459061       1.00000000    
   1.92422557      0.992615700    
   1.94386053      0.948022842    
   1.96349549      0.871189833    
   1.98313046      0.770307243    
   2.00276542      0.655347049    
   2.02240038      0.536457419    
   2.04203534      0.422528297    
   2.06167030      0.320208549    
   2.08130527      0.233489171    
   2.10094023      0.163816258    
   2.12057519      0.110586874    
   2.14021015       7.18301833E-02
   2.15984511       4.48918119E-02
   2.17948008       2.69950107E-02
   2.19911480       1.56192305E-02
   2.21874976       8.69539846E-03
   2.23838472       4.65774862E-03
   2.25801969       2.40059639E-03
   2.27765465       1.19047135E-03
   2.29728961       5.68035000E-04
   2.31692457       2.60788162E-04
   2.33655953       1.15201241E-04
   2.35619450       4.89646663E-05
   2.37582946       2.00246577E-05
   2.39546442       7.87960562E-06
   2.41509938       2.98332361E-06
   2.43473434       1.08680672E-06
   2.45436931       3.80943874E-07
   2.47400427       1.28477325E-07
   2.49363923       0.00000000    
   2.51327419       0.00000000    
   2.53290915       0.00000000    
   2.55254412       0.00000000    
   2.57217908       0.00000000    
   2.59181404       0.00000000    
   2.61144900       0.00000000    
   2.63108397       0.00000000    
   2.65071893       0.00000000    
   2.67035389       0.00000000    
   2.68998885       0.00000000    
   2.70962381       0.00000000    
   2.72925878       0.00000000    
   2.74889374       0.00000000    
   2.76852870       0.00000000    
   2.78816366       0.00000000    
   2.80779862       0.00000000    
   2.82743359       0.00000000    
   2.84706831       0.00000000    
   2.86670327       0.00000000    
   2.88633823       0.00000000    
   2.90597320       0.00000000    
   2.92560816       0.00000000    
   2.94524312       0.00000000    
   2.96487808       0.00000000    
   2.98451304       0.00000000    
   3.00414801       0.00000000    
   3.02378297       0.00000000    
   3.04341793       0.00000000    
   3.06305289       0.00000000    
   3.08268785       0.00000000    
   3.10232282       0.00000000    
   3.12195778       0.00000000    
   3.14159274       0.00000000    

# 4-body
# dihedral-angle  C  
   0.00000000      0.423015296    
   1.96349546E-02  0.415110797    
   3.92699093E-02  0.392098337    
   5.89048639E-02  0.356618553    
   7.85398185E-02  0.312527150    
   9.81747732E-02  0.264252096    
  0.117809728      0.216117606    
  0.137444675      0.171778530    
  0.157079637      0.133862063    
  0.176714599      0.103848062    
  0.196349546       8.21617395E-02
  0.215984493       6.84162378E-02
  0.235619456       6.17265292E-02
  0.255254418       6.10275529E-02
  0.274889350       6.53417781E-02
  0.294524312       7.39629716E-02
  0.314159274       8.65339860E-02
  0.333794236      0.103009745    
  0.353429198      0.123510741    
  0.373064131      0.148091376    
  0.392699093      0.176473513    
  0.412334055      0.207813591    
  0.431968987      0.240581051    
  0.451603949      0.272608310    
  0.471238911      0.301332980    
  0.490873873      0.324195087    
  0.510508835      0.339102358    
  0.530143797      0.344838977    
  0.549778700      0.341305703    
  0.569413662      0.329512894    
  0.589048624      0.311332762    
  0.608683586      0.289073497    
  0.628318548      0.265002519    
  0.647953510      0.240948617    
  0.667588472      0.218078971    
  0.687223434      0.196898103    
  0.706858397      0.177436426    
  0.726493299      0.159556597    
  0.746128261      0.143277019    
  0.765763223      0.129027694    
  0.785398185      0.117779821    
  0.805033147      0.111027107    
  0.824668109      0.110628463    
  0.844303071      0.118534178    
  0.863937974      0.136430234    
  0.883572936      0.165341303    
  0.903207898      0.205244064    
  0.922842860      0.254761815    
  0.942477822      0.311021388    
  0.962112784      0.369751483    
  0.981747746      0.425664097    
   1.00138271      0.473104089    
   1.02101767      0.506874979    
   1.04065263      0.523079038    
   1.06028759      0.519792140    
   1.07992256      0.497406691    
   1.09955740      0.458561331    
   1.11919236      0.407672882    
   1.13882732      0.350189060    
   1.15846229      0.291731507    
   1.17809725      0.237319455    
   1.19773221      0.190806419    
   1.21736717      0.154602587    
   1.23700213      0.129675820    
   1.25663710      0.115772285    
   1.27627206      0.111774899    
   1.29590702      0.116116077    
   1.31554198      0.127176732    
   1.33517694      0.143615097    
   1.35481191      0.164578855    
   1.37444687      0.189763188    
   1.39408183      0.219292477    
   1.41371679      0.253431529    
   1.43335164      0.292181671    
   1.45298660      0.334857285    
   1.47262156      0.379768670    
   1.49225652      0.424136668    
   1.51189148      0.464311063    
   1.53152645      0.496284425    
   1.55116141      0.516397953    
   1.57079637      0.522066772    
   1.59043133      0.512328625    
   1.61006629      0.488062978    
   1.62970126      0.451817900    
   1.64933622      0.407297313    
   1.66897118      0.358655840    
   1.68860614      0.309790105    
   1.70824111      0.263802707    
   1.72787595      0.222750172    
   1.74751091      0.187695682    
   1.76714587      0.159007594    
   1.78678083      0.136792332    
   1.80641580      0.121338375    
   1.82605076      0.113465823    
   1.84568572      0.114705294    
   1.86532068      0.127266839    
   1.88495564      0.153781608    
   1.90459061      0.196829349    
   1.92422557      0.258290112    
   1.94386053      0.338606566    
   1.96349549      0.436087847    
   1.98313046      0.546437860    
   2.00276542      0.662678182    
   2.02240038      0.775613904    
   2.04203534      0.874858320    
   2.06167030      0.950283766    
   2.08130527      0.993643761    
   2.10094023       1.00000000    
   2.12057519      0.968616426    
   2.14021015      0.903094292    
   2.15984511      0.810713232    
   2.17948008      0.701150596    
   2.19911480      0.584882677    
   2.21874976      0.471635491    
   2.23838472      0.369204760    
   2.25801969      0.282796770    
   2.27765465      0.214934021    
   2.29728961      0.165817484    
   2.31692457      0.133968592    
   2.33655953      0.116970785    
   2.35619450      0.112159826    
   2.37582946      0.117160283    
   2.39546442      0.130217120    
   2.41509938      0.150301263    
   2.43473434      0.176997423    
   2.45436931      0.210206285    
   2.47400427      0.249724194    
   2.49363923      0.294798940    
   2.51327419      0.343780041    
   2.53290915      0.393983752    
   2.55254412      0.441847533    
   2.57217908      0.483382910    
   2.59181404      0.514836550    
   2.61144900      0.533395171    
   2.63108397      0.537750304    
   2.65071893      0.528343320    
   2.67035389      0.507222474    
   2.68998885      0.477544576    
   2.70962381      0.442864358    
   2.72925878      0.406412095    
   2.74889374      0.370556802    
   2.76852870      0.336574465    
   2.78816366      0.304751128    
   2.80779862      0.274738967    
   2.82743359      0.246031225    
   2.84706831      0.218402147    
   2.86670327      0.192195788    
   2.88633823      0.168414012    
   2.90597320      0.148602411    
   2.92560816      0.134591565    
   2.94524312      0.128157407    
   2.96487808      0.130666330    
   2.98451304      0.142754659    
   3.00414801      0.164083943    
   3.02378297      0.193206742    
   3.04341793      0.227580726    
   3.06305289      0.263755798    
   3.08268785      0.297740698    
   3.10232282      0.325513393    
   3.12195778      0.343598723    
   3.14159274      0.349601358    
