0 -3.571535110473633
1 -3.5715324878692627
2 -3.571617603302002
3 -3.571617603302002
4 -3.571617603302002
5 -3.165191650390625
6 -3.165191650390625
7 -3.1652157306671143
8 -3.165191650390625
9 -3.165191650390625
10 -3.6633079051971436
11 -3.6632487773895264
12 -3.663228988647461
13 -3.6633081436157227
14 -3.6633076667785645
15 -3.4232726097106934
16 -3.423229694366455
17 -3.423264980316162
18 -3.404970645904541
19 -3.423229694366455
20 -3.5888285636901855
21 -3.588797092437744
22 -3.588758707046509
23 -3.588700771331787
24 -3.5888278484344482
25 -3.620604991912842
26 -3.6210691928863525
27 -3.6031439304351807
28 -3.621227264404297
29 -3.6209936141967773
30 -2.8210978507995605
31 -2.821115016937256
32 -2.8210978507995605
33 -2.8210978507995605
34 -2.8210978507995605
35 -3.5070371627807617
36 -3.5070371627807617
37 -3.5070371627807617
38 -3.5070371627807617
39 -3.5070371627807617
40 -3.231524705886841
41 -3.4774868488311768
42 -3.231524705886841
43 -3.231524705886841
44 -3.4775779247283936
45 -3.4496841430664062
46 -3.4497618675231934
47 -3.449816942214966
48 -3.4498496055603027
49 -3.4497082233428955
50 -3.657982110977173
51 -3.6583147048950195
52 -3.658310890197754
53 -3.6579158306121826
54 -3.658310651779175
55 -3.6449666023254395
56 -3.650317668914795
57 -3.646488904953003
58 -3.647915840148926
59 -3.64770245552063
60 -3.571617603302002
61 -3.571617603302002
62 -3.571617603302002
63 -3.571617603302002
64 -3.571617603302002
65 -3.165191650390625
66 -3.165191650390625
67 -3.165191650390625
68 -3.1651909351348877
69 -3.165191650390625
70 -3.6632614135742188
71 -3.6633079051971436
72 -3.6631152629852295
73 -3.6630642414093018
74 -3.663145065307617
75 -3.423229694366455
76 -3.423229694366455
77 -3.423229694366455
78 -3.4232635498046875
79 -3.423229217529297
80 -3.5888278484344482
81 -3.5887386798858643
82 -3.5888285636901855
83 -3.588916778564453
84 -3.5884602069854736
85 -3.6208810806274414
86 -3.6207194328308105
87 -3.6209592819213867
88 -3.620772361755371
89 -3.620985269546509
90 -2.8210978507995605
91 -2.8210978507995605
92 -2.8210978507995605
93 -2.8210978507995605
94 -2.82110595703125
95 -3.5070371627807617
96 -3.5070371627807617
97 -3.5070371627807617
98 -3.5070371627807617
99 -3.5070371627807617
100 -3.4777743816375732
101 -3.231524705886841
102 -3.231524705886841
103 -3.231524705886841
104 -3.477583169937134
105 -3.449774980545044
106 -3.449850082397461
107 -3.4498496055603027
108 -3.4498496055603027
109 -3.449726104736328
110 -3.6578786373138428
111 -3.658689260482788
112 -3.658310651779175
113 -3.657097816467285
114 -3.658310651779175
115 -3.6449666023254395
116 -3.6449666023254395
117 -3.647428274154663
118 -3.6449666023254395
119 -3.6449663639068604
120 -3.5715458393096924
121 -3.571617603302002
122 -3.571617603302002
123 -3.571617603302002
124 -3.571617603302002
125 -3.1651909351348877
126 -3.1651909351348877
127 -3.1651909351348877
128 -3.165074110031128
129 -3.165320634841919
130 -3.6633081436157227
131 -3.6633079051971436
132 -3.663165330886841
133 -3.663163423538208
134 -3.6630821228027344
135 -3.423229217529297
136 -3.4232165813446045
137 -3.4231438636779785
138 -3.4232335090637207
139 -3.4232287406921387
140 -3.5887553691864014
141 -3.5888285636901855
142 -3.5888278484344482
143 -3.5888278484344482
144 -3.5888278484344482
145 -3.621079683303833
146 -3.6055259704589844
147 -3.601104259490967
148 -3.60243558883667
149 -3.5958943367004395
150 -2.8210978507995605
151 -2.821106195449829
152 -2.8210978507995605
153 -2.8210978507995605
154 -2.8210978507995605
155 -3.507021903991699
156 -3.5070369243621826
157 -3.5070369243621826
158 -3.5070369243621826
159 -3.5069494247436523
160 -3.231524705886841
161 -3.231524705886841
162 -3.231524705886841
163 -3.477508306503296
164 -3.4775607585906982
165 -3.4498496055603027
166 -3.449850082397461
167 -3.449711322784424
168 -3.4496684074401855
169 -3.4496922492980957
170 -3.6573448181152344
171 -3.658310890197754
172 -3.658310651779175
173 -3.6561119556427
174 -3.657209634780884
175 -3.6449666023254395
176 -3.6449666023254395
177 -3.6449666023254395
178 -3.651031970977783
179 -3.648070812225342
180 -3.571617603302002
181 -3.571617603302002
182 -3.571617603302002
183 -3.571617603302002
184 -3.571600914001465
185 -3.1651909351348877
186 -3.1651909351348877
187 -3.1651909351348877
188 -3.1651909351348877
189 -3.1651909351348877
190 -3.6633081436157227
191 -3.6633079051971436
192 -3.663308620452881
193 -3.663092851638794
194 -3.6633081436157227
195 -3.4232287406921387
196 -3.423229694366455
197 -3.423229694366455
198 -3.423229694366455
199 -3.4232985973358154
200 -3.600886106491089
201 -3.5886483192443848
202 -3.5888285636901855
203 -3.5887389183044434
204 -3.601362943649292
205 -3.6033096313476562
206 -3.6211259365081787
207 -3.6204748153686523
208 -3.6204442977905273
209 -3.603055238723755
210 -2.821098566055298
211 -2.8210978507995605
212 -2.8210978507995605
213 -2.8210978507995605
214 -2.8210978507995605
215 -3.5070371627807617
216 -3.5070371627807617
217 -3.5070371627807617
218 -3.5070371627807617
219 -3.5070371627807617
220 -3.4776134490966797
221 -3.477461576461792
222 -3.231524705886841
223 -3.4776065349578857
224 -3.231524705886841
225 -3.4498496055603027
226 -3.4497904777526855
227 -3.4100143909454346
228 -3.4498496055603027
229 -3.409933567047119
230 -3.658310651779175
231 -3.658310890197754
232 -3.6585261821746826
233 -3.65690541267395
234 -3.658310651779175
235 -3.6454973220825195
236 -3.6470541954040527
237 -3.6449666023254395
238 -3.6449668407440186
239 -3.648800849914551
240 -3.571617603302002
241 -3.571617603302002
242 -3.571617603302002
243 -3.571617603302002
244 -3.571617603302002
245 -3.165043830871582
246 -3.1651382446289062
247 -3.16521954536438
248 -3.1651909351348877
249 -3.1651909351348877
250 -3.66308856010437
251 -3.663308620452881
252 -3.663308620452881
253 -3.6633079051971436
254 -3.6633081436157227
255 -3.423229694366455
256 -3.423229694366455
257 -3.423229694366455
258 -3.423229217529297
259 -3.423229217529297
260 -3.5887484550476074
261 -3.5888285636901855
262 -3.588827610015869
263 -3.5885767936706543
264 -3.601771593093872
265 -3.6035008430480957
266 -3.6209118366241455
267 -3.6037189960479736
268 -3.603055238723755
269 -3.6210339069366455
270 -2.8210978507995605
271 -2.8210978507995605
272 -2.8210978507995605
273 -2.8210978507995605
274 -2.8211123943328857
275 -3.5070371627807617
276 -3.5070371627807617
277 -3.5070371627807617
278 -3.5070128440856934
279 -3.5070371627807617
280 -3.4776484966278076
281 -3.231524705886841
282 -3.4777019023895264
283 -3.231524705886841
284 -3.231524705886841
285 -3.4498298168182373
286 -3.4498496055603027
287 -3.449756622314453
288 -3.4498496055603027
289 -3.449820041656494
290 -3.655471086502075
291 -3.657796621322632
292 -3.658311128616333
293 -3.658310651779175
294 -3.658311128616333
295 -3.6488418579101562
296 -3.6503753662109375
297 -3.650233268737793
298 -3.6442134380340576
299 -3.647217273712158
300 -3.571617603302002
301 -3.571617603302002
302 -3.571549415588379
303 -3.571617603302002
304 -3.571617603302002
305 -3.165191650390625
306 -3.165191650390625
307 -3.165191650390625
308 -3.165191650390625
309 -3.165191650390625
310 -3.6633079051971436
311 -3.663269519805908
312 -3.663119316101074
313 -3.6632468700408936
314 -3.662956714630127
315 -3.423248767852783
316 -3.4232559204101562
317 -3.4232287406921387
318 -3.423279285430908
319 -3.4232285022735596
320 -3.5886905193328857
321 -3.5888285636901855
322 -3.58880615234375
323 -3.5888278484344482
324 -3.588827610015869
325 -3.601567506790161
326 -3.603055000305176
327 -3.6048648357391357
328 -3.620894193649292
329 -3.6202592849731445
330 -2.8210978507995605
331 -2.8210978507995605
332 -2.8210978507995605
333 -2.8210978507995605
334 -2.821112632751465
335 -3.5070371627807617
336 -3.506948709487915
337 -3.5070371627807617
338 -3.5070371627807617
339 -3.506984233856201
340 -3.4776394367218018
341 -3.231524705886841
342 -3.231524705886841
343 -3.231524705886841
344 -3.477659225463867
345 -3.4498496055603027
346 -3.4498496055603027
347 -3.449676990509033
348 -3.449758529663086
349 -3.4498496055603027
350 -3.6570279598236084
351 -3.6581509113311768
352 -3.658310651779175
353 -3.658310651779175
354 -3.658310890197754
355 -3.645784378051758
356 -3.647531747817993
357 -3.6449668407440186
358 -3.65024995803833
359 -3.647855520248413
360 -3.571617603302002
361 -3.571617603302002
362 -3.5715205669403076
363 -3.571617603302002
364 -3.571617603302002
365 -3.165144681930542
366 -3.1651909351348877
367 -3.1651909351348877
368 -3.1651909351348877
369 -3.1653168201446533
370 -3.6630971431732178
371 -3.663308620452881
372 -3.6633079051971436
373 -3.6633081436157227
374 -3.6629321575164795
375 -3.4231791496276855
376 -3.4231982231140137
377 -3.4232325553894043
378 -3.404552459716797
379 -3.423147201538086
380 -3.5887112617492676
381 -3.5888283252716064
382 -3.5884768962860107
383 -3.588839054107666
384 -3.5888285636901855
385 -3.620805501937866
386 -3.6030561923980713
387 -3.6213619709014893
388 -3.600663185119629
389 -3.621032238006592
390 -2.8210978507995605
391 -2.821122407913208
392 -2.8210978507995605
393 -2.8210978507995605
394 -2.8210978507995605
395 -3.5070371627807617
396 -3.5069775581359863
397 -3.506964921951294
398 -3.5070371627807617
399 -3.5070371627807617
400 -3.231524705886841
401 -3.477764368057251
402 -3.231524705886841
403 -3.477494478225708
404 -3.231524705886841
405 -3.449850082397461
406 -3.4496407508850098
407 -3.4498496055603027
408 -3.4498496055603027
409 -3.4497828483581543
410 -3.658310890197754
411 -3.658310651779175
412 -3.658310651779175
413 -3.658310890197754
414 -3.6584908962249756
415 -3.6449670791625977
416 -3.64618182182312
417 -3.6449666023254395
418 -3.6449668407440186
419 -3.647718667984009
420 -3.571617603302002
421 -3.571617603302002
422 -3.571617603302002
423 -3.571617603302002
424 -3.571617603302002
425 -3.165327787399292
426 -3.1651716232299805
427 -3.1651909351348877
428 -3.1651830673217773
429 -3.1651909351348877
430 -3.6633076667785645
431 -3.6633076667785645
432 -3.6633081436157227
433 -3.6631617546081543
434 -3.6632866859436035
435 -3.4232287406921387
436 -3.4232139587402344
437 -3.423241138458252
438 -3.4232373237609863
439 -3.4232029914855957
440 -3.5888285636901855
441 -3.5885493755340576
442 -3.5887484550476074
443 -3.6010501384735107
444 -3.588827610015869
445 -3.6209592819213867
446 -3.603055000305176
447 -3.621284008026123
448 -3.621048927307129
449 -3.6204893589019775
450 -2.8210978507995605
451 -2.8210978507995605
452 -2.8211238384246826
453 -2.8210978507995605
454 -2.8210978507995605
455 -3.5070371627807617
456 -3.5070371627807617
457 -3.5070371627807617
458 -3.5070371627807617
459 -3.506995677947998
460 -3.477633237838745
461 -3.4774672985076904
462 -3.231524705886841
463 -3.231524705886841
464 -3.231524705886841
465 -3.4497828483581543
466 -3.4498496055603027
467 -3.4498496055603027
468 -3.449721574783325
469 -3.4498496055603027
470 -3.6581509113311768
471 -3.658310651779175
472 -3.655799150466919
473 -3.658311128616333
474 -3.658310890197754
475 -3.644019842147827
476 -3.649075746536255
477 -3.646214246749878
478 -3.649183750152588
479 -3.6449666023254395
480 -3.571617603302002
481 -3.571617603302002
482 -3.571617603302002
483 -3.571617603302002
484 -3.571617603302002
485 -3.1652653217315674
486 -3.1651909351348877
487 -3.1651909351348877
488 -3.1651909351348877
489 -3.1651909351348877
490 -3.6629905700683594
491 -3.663308620452881
492 -3.6633081436157227
493 -3.663308620452881
494 -3.6633081436157227
495 -3.423229694366455
496 -3.423262119293213
497 -3.423229217529297
498 -3.423248767852783
499 -3.4232211112976074
500 -3.6015572547912598
501 -3.5888278484344482
502 -3.5885627269744873
503 -3.5888283252716064
504 -3.5887255668640137
505 -3.6213297843933105
506 -3.621344566345215
507 -3.603055238723755
508 -3.6208720207214355
509 -3.6207096576690674
510 -2.8210978507995605
511 -2.8210978507995605
512 -2.8210978507995605
513 -2.8210978507995605
514 -3.5070371627807617
515 -3.5070371627807617
516 -3.5070371627807617
517 -3.5070371627807617
518 -3.5070371627807617
519 -3.231524705886841
520 -3.477651834487915
521 -3.231524705886841
522 -3.231524705886841
523 -3.477755308151245
524 -3.449817657470703
525 -3.4498496055603027
526 -3.449799060821533
527 -3.449850082397461
528 -3.4497077465057373
529 -3.6578798294067383
530 -3.658287286758423
531 -3.656792402267456
532 -3.658310651779175
533 -3.6573455333709717
534 -3.647512912750244
535 -3.6449666023254395
536 -3.646181583404541
537 -3.6474554538726807
538 -3.6449666023254395
539 -3.5715525150299072
540 -3.571617603302002
541 -3.571617603302002
542 -3.571617603302002
543 -3.571594715118408
544 -3.1651909351348877
545 -3.1651909351348877
546 -3.1651909351348877
547 -3.1651909351348877
548 -3.1651909351348877
549 -3.663463592529297
550 -3.6634044647216797
551 -3.663113832473755
552 -3.662961006164551
553 -3.6631720066070557
554 -3.2758641242980957
555 -3.423229217529297
556 -3.4232287406921387
557 -3.423229694366455
558 -3.4231038093566895
559 -3.6018025875091553
560 -3.588958501815796
561 -3.5889036655426025
562 -3.601675271987915
563 -3.5888278484344482
564 -3.6208982467651367
565 -3.603055715560913
566 -3.6034648418426514
567 -3.6006393432617188
568 -3.6210250854492188
569 -2.8210978507995605
570 -2.8210978507995605
571 -2.821113348007202
572 -2.8210978507995605
573 -2.8210978507995605
574 -3.5070371627807617
575 -3.5070371627807617
576 -3.5070371627807617
577 -3.5070371627807617
578 -3.5070371627807617
579 -3.231524705886841
580 -3.231524705886841
581 -3.231524705886841
582 -3.477684259414673
583 -3.231524705886841
584 -3.449850082397461
585 -3.4498496055603027
586 -3.4498496055603027
587 -3.449850082397461
588 -3.4498496055603027
589 -3.654910087585449
590 -3.6573760509490967
591 -3.6563446521759033
592 -3.657829999923706
593 -3.6583175659179688
594 -3.6481666564941406
595 -3.6444573402404785
596 -3.6487014293670654
597 -3.648315191268921
598 -3.647045373916626
