0 -1.8600177764892578
1 -1.565735101699829
2 -3.571617603302002
3 -3.571617603302002
4 -3.571617603302002
5 -1.117133378982544
6 -1.117133378982544
7 -2.0452520847320557
8 -1.117133378982544
9 -1.117133378982544
10 -2.18831467628479
11 -1.7552015781402588
12 -2.3603835105895996
13 -2.188314437866211
14 -2.188314437866211
15 -2.338284492492676
16 -3.270184278488159
17 -2.5507049560546875
18 -1.8326667547225952
19 -3.270184278488159
20 -3.440828323364258
21 -3.358470916748047
22 -3.28501558303833
23 -2.3807342052459717
24 -3.440828323364258
25 -2.9978792667388916
26 -3.1035547256469727
27 -3.3234477043151855
28 -3.281446695327759
29 -3.2009716033935547
30 -2.121469497680664
31 0.3208036422729492
32 -2.121469497680664
33 -2.121469497680664
34 -2.121469497680664
35 -3.236339569091797
36 -3.236339569091797
37 -3.236339569091797
38 -3.236339569091797
39 -3.236339569091797
40 -1.9971767663955688
41 -2.320023536682129
42 -1.9971767663955688
43 -1.9971767663955688
44 -2.6029224395751953
45 -2.3391671180725098
46 -2.16528582572937
47 -2.715707302093506
48 -2.7765722274780273
49 -1.7916629314422607
50 -2.8005878925323486
51 -3.279414415359497
52 -3.393582344055176
53 -3.172438383102417
54 -3.393582582473755
55 -3.041645050048828
56 -3.0121798515319824
57 -2.9842071533203125
58 -1.9965786933898926
59 -3.026272773742676
60 -3.571617603302002
61 -3.571617603302002
62 -3.571617603302002
63 -3.571617603302002
64 -3.571617603302002
65 -1.117133378982544
66 -1.117133378982544
67 -1.117133378982544
68 -1.1171329021453857
69 -1.117133378982544
70 -1.6892483234405518
71 -2.188314437866211
72 -2.456137180328369
73 -2.772470474243164
74 -3.353851318359375
75 -3.270184278488159
76 -3.270184278488159
77 -3.270184278488159
78 -2.8406929969787598
79 -3.270184278488159
80 -3.440828323364258
81 -3.4412100315093994
82 -3.440828323364258
83 -3.1558456420898438
84 -3.3437557220458984
85 -3.081205368041992
86 -3.4734764099121094
87 -3.2383670806884766
88 -3.4734995365142822
89 -3.2672643661499023
90 -2.121469497680664
91 -2.121469497680664
92 -2.121469497680664
93 -2.121469497680664
94 -0.33869218826293945
95 -3.236339569091797
96 -3.236339569091797
97 -3.236339569091797
98 -3.236339569091797
99 -3.236339569091797
100 -2.6711044311523438
101 -1.9971767663955688
102 -1.9971767663955688
103 -1.9971767663955688
104 -2.8150031566619873
105 -1.903717279434204
106 -2.7765719890594482
107 -2.7765722274780273
108 -2.7765722274780273
109 -2.8624987602233887
110 -2.8003835678100586
111 -2.7823760509490967
112 -3.393582582473755
113 -3.030299425125122
114 -3.3935821056365967
115 -3.041645050048828
116 -3.041645050048828
117 -2.544316530227661
118 -3.041645050048828
119 -3.041645050048828
120 -2.957015037536621
121 -3.571617603302002
122 -3.571617603302002
123 -3.571617603302002
124 -3.571617603302002
125 -1.1171329021453857
126 -1.1171329021453857
127 -1.1171329021453857
128 -0.9188668727874756
129 -1.9870723485946655
130 -2.188314437866211
131 -2.188314437866211
132 -2.0686910152435303
133 -2.139075756072998
134 -1.7474141120910645
135 -3.270184278488159
136 -2.7713584899902344
137 -2.9668140411376953
138 -2.670118808746338
139 -3.270184278488159
140 -2.603644847869873
141 -3.440828800201416
142 -3.440828323364258
143 -3.440828323364258
144 -3.440829038619995
145 -3.172412395477295
146 -3.271104574203491
147 -3.285243511199951
148 -2.771949529647827
149 -2.6507058143615723
150 -2.121469497680664
151 -2.3088464736938477
152 -2.121469497680664
153 -2.121469497680664
154 -2.121469497680664
155 -1.3302116394042969
156 -3.236339569091797
157 -3.236339569091797
158 -3.236339569091797
159 -0.9457390308380127
160 -1.9971767663955688
161 -1.9971767663955688
162 -1.9971767663955688
163 -2.595902919769287
164 -2.484677314758301
165 -2.7765722274780273
166 -2.7765719890594482
167 -2.1027965545654297
168 -2.1449472904205322
169 -1.8338031768798828
170 -2.753324508666992
171 -3.393583297729492
172 -3.393583059310913
173 -2.5175271034240723
174 -3.1513376235961914
175 -3.041645050048828
176 -3.041645050048828
177 -3.041645050048828
178 -2.8103413581848145
179 -3.4957752227783203
180 -3.571617603302002
181 -3.571617603302002
182 -3.571617603302002
183 -3.571617603302002
184 -3.4986507892608643
185 -1.1171329021453857
186 -1.1171329021453857
187 -1.1171329021453857
188 -1.1171329021453857
189 -1.1171329021453857
190 -2.188314437866211
191 -2.188314437866211
192 -2.18831467628479
193 -3.510995388031006
194 -2.188314437866211
195 -3.2701847553253174
196 -3.270184278488159
197 -3.2701847553253174
198 -3.270184278488159
199 -3.0596096515655518
200 -3.232210874557495
201 -2.2016167640686035
202 -3.440828800201416
203 -3.221303939819336
204 -2.5791282653808594
205 -3.1684036254882812
206 -2.9968910217285156
207 -3.0343494415283203
208 -3.16776442527771
209 -3.519533157348633
210 -2.3816049098968506
211 -2.121469020843506
212 -2.121469020843506
213 -2.121469020843506
214 -2.121469020843506
215 -3.236339569091797
216 -3.236339569091797
217 -3.236339569091797
218 -3.236339569091797
219 -3.236339569091797
220 -2.5899877548217773
221 -2.1832075119018555
222 -1.9971767663955688
223 -1.6308399438858032
224 -1.9971767663955688
225 -2.7765722274780273
226 -2.11354923248291
227 -2.409284830093384
228 -2.7765722274780273
229 -2.6632614135742188
230 -3.393583297729492
231 -3.393583297729492
232 -2.684507369995117
233 -3.168715476989746
234 -3.393582344055176
235 -2.650624990463257
236 -3.000263214111328
237 -3.041645050048828
238 -3.041645050048828
239 -2.500558376312256
240 -3.571617603302002
241 -3.571617603302002
242 -3.571617603302002
243 -3.571617603302002
244 -3.571617603302002
245 -0.9967124462127686
246 -2.596409797668457
247 -2.43631649017334
248 -1.1171329021453857
249 -1.1171329021453857
250 -2.039719820022583
251 -2.18831467628479
252 -2.18831467628479
253 -2.188314437866211
254 -2.188314437866211
255 -3.2701847553253174
256 -3.2701847553253174
257 -3.2701847553253174
258 -3.2701847553253174
259 -3.270184278488159
260 -3.039501905441284
261 -3.440828323364258
262 -3.440828323364258
263 -3.170926809310913
264 -3.388096570968628
265 -3.1483795642852783
266 -3.19012451171875
267 -3.4037351608276367
268 -3.519533157348633
269 -3.172236442565918
270 -2.121469497680664
271 -2.121469497680664
272 -2.121469497680664
273 -2.121469497680664
274 -1.5164599418640137
275 -3.236339569091797
276 -3.236339569091797
277 -3.236339569091797
278 -1.7036035060882568
279 -3.236339569091797
280 -2.0113468170166016
281 -1.9971767663955688
282 -2.4718246459960938
283 -1.9971767663955688
284 -1.9971767663955688
285 -2.2467424869537354
286 -2.7765722274780273
287 -2.486361503601074
288 -2.7765722274780273
289 -2.589308738708496
290 -2.637424945831299
291 -3.3868672847747803
292 -3.393582344055176
293 -3.393583297729492
294 -3.393582582473755
295 -2.939901113510132
296 -2.993443727493286
297 -2.8548970222473145
298 -3.336604356765747
299 -2.907339572906494
300 -3.571617603302002
301 -3.571617603302002
302 -3.2144124507904053
303 -3.571617603302002
304 -3.571617603302002
305 -1.117133378982544
306 -1.117133378982544
307 -1.117133378982544
308 -1.117133378982544
309 -1.117133378982544
310 -2.188314437866211
311 -2.0762317180633545
312 -3.2667479515075684
313 -1.6905169486999512
314 -2.0155038833618164
315 -1.9297069311141968
316 -2.532313823699951
317 -3.2701847553253174
318 -3.0735723972320557
319 -2.506404161453247
320 -2.301440715789795
321 -3.440828800201416
322 -3.3225882053375244
323 -3.440829038619995
324 -3.440828800201416
325 -3.3645412921905518
326 -3.519533395767212
327 -3.2391021251678467
328 -3.178359031677246
329 -2.948596954345703
330 -2.121469497680664
331 -2.121469497680664
332 -2.121469497680664
333 -2.121469497680664
334 -1.9696986675262451
335 -3.236339569091797
336 -2.8643155097961426
337 -3.236339569091797
338 -3.236339569091797
339 -1.370009183883667
340 -2.5912599563598633
341 -1.9971767663955688
342 -1.9971767663955688
343 -1.9971767663955688
344 -2.563443183898926
345 -2.7765722274780273
346 -2.7765722274780273
347 -2.2417521476745605
348 -2.1865663528442383
349 -2.7765722274780273
350 -2.519115924835205
351 -3.1740713119506836
352 -3.393582582473755
353 -3.393582582473755
354 -3.3935835361480713
355 -2.710918664932251
356 -1.9206767082214355
357 -3.041645050048828
358 -3.2087180614471436
359 -2.5279765129089355
360 -3.571617603302002
361 -3.571617603302002
362 -1.5812873840332031
363 -3.571617603302002
364 -2.2199175357818604
365 -0.994347095489502
366 -1.1171329021453857
367 -1.1171329021453857
368 -1.1171329021453857
369 -1.9770874977111816
370 -2.7740678787231445
371 -2.18831467628479
372 -2.188314437866211
373 -2.188314437866211
374 -3.0042009353637695
375 -2.5679826736450195
376 -2.437922954559326
377 -2.3007283210754395
378 -2.8235867023468018
379 -3.167276620864868
380 -3.1855506896972656
381 -3.440828323364258
382 -3.4753270149230957
383 -3.168973207473755
384 -3.440828800201416
385 -2.644928216934204
386 -3.519533157348633
387 -2.6914916038513184
388 -3.327782154083252
389 -3.2715744972229004
390 -2.121469497680664
391 0.3813786506652832
392 -2.121469497680664
393 -2.121469497680664
394 -2.121469497680664
395 -3.236339569091797
396 -1.2701337337493896
397 -2.4545769691467285
398 -3.236339569091797
399 -3.236339569091797
400 -1.9971767663955688
401 -2.0656001567840576
402 -1.9971767663955688
403 -1.374610424041748
404 -1.9971767663955688
405 -2.7765722274780273
406 -1.9637203216552734
407 -2.7765722274780273
408 -2.7765722274780273
409 -2.873682975769043
410 -3.393582344055176
411 -3.393582582473755
412 -3.393582344055176
413 -3.393582582473755
414 -2.403982162475586
415 -3.041644811630249
416 -2.9990811347961426
417 -3.041645050048828
418 -3.041645050048828
419 -3.0496647357940674
420 -3.571617603302002
421 -3.571617603302002
422 -3.571617603302002
423 -3.571617603302002
424 -3.571617603302002
425 -1.3148951530456543
426 -1.1748316287994385
427 -1.1171329021453857
428 -1.1005187034606934
429 -1.1171329021453857
430 -2.188314437866211
431 -2.188314437866211
432 -2.188314437866211
433 -2.023505926132202
434 -1.648439884185791
435 -3.2701847553253174
436 -1.877529501914978
437 -3.0734081268310547
438 -2.667902946472168
439 -3.0299177169799805
440 -3.440828323364258
441 -3.196763277053833
442 -3.22383713722229
443 -3.2853243350982666
444 -3.440828800201416
445 -3.405216932296753
446 -3.519533157348633
447 -3.378493547439575
448 -3.1318488121032715
449 -2.510040044784546
450 -2.121469497680664
451 -2.121469497680664
452 -2.058100938796997
453 -2.121469497680664
454 -2.121469497680664
455 -3.236339569091797
456 -3.236339569091797
457 -3.236339569091797
458 -3.236339569091797
459 -2.7605438232421875
460 -2.345970630645752
461 -2.7725467681884766
462 -1.9971767663955688
463 -1.9971767663955688
464 -1.9971767663955688
465 -2.3824093341827393
466 -2.7765722274780273
467 -2.7765722274780273
468 -2.60870361328125
469 -2.7765722274780273
470 -3.2709357738494873
471 -3.3935835361480713
472 -2.5173182487487793
473 -3.393583297729492
474 -3.393582582473755
475 -3.336758613586426
476 -2.795536994934082
477 -2.695720672607422
478 -2.8713297843933105
479 -3.041645050048828
480 -3.571617603302002
481 -3.571617603302002
482 -3.571617603302002
483 -3.571617603302002
484 -3.571617603302002
485 -2.3500332832336426
486 -1.1171329021453857
487 -1.1171329021453857
488 -1.1171329021453857
489 -1.1171329021453857
490 -1.8199188709259033
491 -2.18831467628479
492 -2.188314437866211
493 -2.18831467628479
494 -2.188314437866211
495 -3.2701847553253174
496 -2.620884656906128
497 -3.270184278488159
498 -3.1093897819519043
499 -3.0052967071533203
500 -3.3560967445373535
501 -3.440828323364258
502 -2.6431403160095215
503 -3.440829038619995
504 -2.360517978668213
505 -3.1479151248931885
506 -3.014712333679199
507 -3.519533157348633
508 -2.5228428840637207
509 -3.3559422492980957
510 -2.121469497680664
511 -2.121469497680664
512 -2.121469497680664
513 -2.121469497680664
514 -3.236339569091797
515 -3.236339569091797
516 -3.236339569091797
517 -3.236339569091797
518 -3.236339569091797
519 -1.9971767663955688
520 -2.127525568008423
521 -1.9971767663955688
522 -1.9971767663955688
523 -2.413726806640625
524 -2.3164021968841553
525 -2.7765722274780273
526 -1.9315531253814697
527 -2.7765722274780273
528 -2.4701757431030273
529 -2.879859209060669
530 -3.444218397140503
531 -3.1758697032928467
532 -3.393583297729492
533 -3.1190216541290283
534 -2.8148112297058105
535 -3.041645050048828
536 -3.3138976097106934
537 -2.767909526824951
538 -3.041645050048828
539 -2.533463478088379
540 -3.571617603302002
541 -3.571617603302002
542 -3.571617603302002
543 -2.1631031036376953
544 -1.1171329021453857
545 -1.1171329021453857
546 -1.1171329021453857
547 -1.1171329021453857
548 -1.1171329021453857
549 -1.481323003768921
550 -1.1603264808654785
551 -0.9309611320495605
552 -3.448514699935913
553 -2.713703155517578
554 -2.466897964477539
555 -3.270184278488159
556 -3.2701847553253174
557 -3.270184278488159
558 -2.686093330383301
559 -2.831421136856079
560 -3.092369794845581
561 -3.211343765258789
562 -3.1920742988586426
563 -3.440828800201416
564 -3.3006553649902344
565 -3.519533157348633
566 -3.173553466796875
567 -3.2858259677886963
568 -3.067892074584961
569 -2.121469497680664
570 -2.121469497680664
571 -1.733905553817749
572 -2.121469497680664
573 -2.121469497680664
574 -3.236339569091797
575 -3.236339569091797
576 -3.236339569091797
577 -3.236339569091797
578 -3.236339569091797
579 -1.9971767663955688
580 -1.9971767663955688
581 -1.9971767663955688
582 -2.6105241775512695
583 -1.9971767663955688
584 -2.7765722274780273
585 -2.7765722274780273
586 -2.7765722274780273
587 -2.7765722274780273
588 -2.7765722274780273
589 -3.1469085216522217
590 -3.1784677505493164
591 -2.7887649536132812
592 -3.0410242080688477
593 -2.0895793437957764
594 -3.2750959396362305
595 -3.258256196975708
596 -2.7936015129089355
597 -3.2045655250549316
598 -2.681922197341919
