0 -3.2833518981933594
1 -3.062154769897461
2 -3.2833518981933594
3 -3.2833518981933594
4 -3.2833518981933594
5 -1.3760532140731812
6 -1.1772372722625732
7 -1.2733359336853027
8 -1.2733359336853027
9 -1.2733359336853027
10 -1.1720147132873535
11 -2.761749267578125
12 -1.9936747550964355
13 -3.249187469482422
14 -3.1237685680389404
15 -2.4238734245300293
16 -2.5822486877441406
17 -2.4074714183807373
18 -2.595069408416748
19 -2.974985122680664
20 -1.9759480953216553
21 -2.969287872314453
22 -3.31194806098938
23 -2.217053174972534
24 -3.2409729957580566
25 -2.944082260131836
26 -3.033931255340576
27 -2.477809429168701
28 -2.1534361839294434
29 -2.597721576690674
30 -0.15073251724243164
31 -2.3116116523742676
32 -2.1812517642974854
33 -0.15073251724243164
34 -2.1214702129364014
35 -2.555790424346924
36 -1.7481238842010498
37 -3.236339807510376
38 -2.555790901184082
39 -3.236339807510376
40 -1.263207197189331
41 -2.6288952827453613
42 -1.997178554534912
43 -1.9077868461608887
44 -2.628894805908203
45 -1.2864336967468262
46 -2.7819933891296387
47 -3.2739272117614746
48 -3.1408042907714844
49 -2.78594708442688
50 -2.1231744289398193
51 -2.768644332885742
52 -2.986499071121216
53 -2.3307480812072754
54 -2.0793559551239014
55 -3.4812161922454834
56 -2.300509214401245
57 -2.6654744148254395
58 -2.4505679607391357
59 -2.367136001586914
60 -3.571617841720581
61 -3.5075523853302
62 -3.571617841720581
63 -3.571617841720581
64 -3.571617841720581
65 -0.6345417499542236
66 -2.0774521827697754
67 -0.5414118766784668
68 -0.38671374320983887
69 -0.7706606388092041
70 -1.270287275314331
71 -1.38960862159729
72 -1.7287952899932861
73 -1.562049388885498
74 -2.868849277496338
75 -3.2965006828308105
76 -2.782909870147705
77 -2.310737133026123
78 -2.0288338661193848
79 -2.7269113063812256
80 -2.7531967163085938
81 -3.039541721343994
82 -2.77933931350708
83 -2.250332832336426
84 -0.7876870036125183
85 -3.192920207977295
86 -1.7198023796081543
87 -2.7116470336914062
88 -2.7613823413848877
89 -2.5379562377929688
90 -2.1214699745178223
91 -2.754514455795288
92 -0.45919156074523926
93 -1.3673017024993896
94 -2.1214699745178223
95 -3.236339807510376
96 -2.33260178565979
97 -1.7662382125854492
98 -1.7662382125854492
99 -1.7662382125854492
100 -1.011950969696045
101 -1.9971786737442017
102 -2.335090160369873
103 -1.5836683511734009
104 -2.7987658977508545
105 -2.714503526687622
106 -3.1061651706695557
107 -3.3337302207946777
108 -2.7581958770751953
109 -3.395397901535034
110 -0.9336240291595459
111 -2.15370512008667
112 -3.2169599533081055
113 -2.6871578693389893
114 -2.487466335296631
115 -3.1473355293273926
116 -2.186947822570801
117 -1.9674668312072754
118 -1.5563161373138428
119 -2.0352563858032227
120 -3.571617603302002
121 -3.52871036529541
122 -3.571617603302002
123 -3.571617603302002
124 -3.571617603302002
125 -1.3611598014831543
126 -0.8776834011077881
127 -2.3207483291625977
128 -2.268547773361206
129 -0.8264477252960205
130 -2.450653553009033
131 -2.718295097351074
132 -2.1558051109313965
133 -2.8296780586242676
134 -2.104591131210327
135 -2.657792329788208
136 -3.271568775177002
137 -2.75842022895813
138 -2.7366857528686523
139 -2.5885870456695557
140 -3.0682263374328613
141 -3.2822163105010986
142 -2.9225449562072754
143 -2.464120388031006
144 -1.890486717224121
145 -3.1359963417053223
146 -2.917819023132324
147 -2.4565796852111816
148 -3.0096731185913086
149 -1.8137760162353516
150 -2.1230642795562744
151 -1.388071060180664
152 -2.1214704513549805
153 -2.1230642795562744
154 -2.1230642795562744
155 -1.766235589981079
156 -1.6675024032592773
157 -0.9790771007537842
158 -1.961426019668579
159 -1.766235589981079
160 -1.3565460443496704
161 -1.8305116891860962
162 -2.0724313259124756
163 -2.335090160369873
164 -1.5836683511734009
165 -2.9995813369750977
166 -2.959794521331787
167 -3.367095470428467
168 -2.8625776767730713
169 -2.693312168121338
170 -0.7912552356719971
171 -3.0065624713897705
172 -2.7180092334747314
173 -2.3742122650146484
174 -2.460084915161133
175 -2.627204418182373
176 -2.1630594730377197
177 -2.7177915573120117
178 -2.199366569519043
179 -2.453944206237793
180 -3.571617603302002
181 -3.4453463554382324
182 -3.365487813949585
183 -3.571617603302002
184 -3.571617603302002
185 -2.036259412765503
186 -2.320748805999756
187 -0.40667200088500977
188 -1.1171329021453857
189 -0.9702532291412354
190 -1.8586971759796143
191 -2.983976125717163
192 -2.0613436698913574
193 -2.5860066413879395
194 -2.0613436698913574
195 -2.845252752304077
196 -2.0948383808135986
197 -1.918658971786499
198 -2.816528797149658
199 -2.2501702308654785
200 -1.9921214580535889
201 -2.893561840057373
202 -1.6678781509399414
203 -1.935516119003296
204 -1.2966163158416748
205 -2.2338085174560547
206 -2.080613136291504
207 -2.285007953643799
208 -1.7172770500183105
209 -2.205925941467285
210 -2.1230640411376953
211 -1.8632206916809082
212 -1.9090876579284668
213 -2.1230640411376953
214 -2.1230640411376953
215 -1.7662353515625
216 -2.3985605239868164
217 -1.766235589981079
218 -1.9342823028564453
219 -1.816450595855713
220 -2.113084316253662
221 -2.8544559478759766
222 -1.5836683511734009
223 -1.825413703918457
224 -1.5836683511734009
225 -2.441676378250122
226 -1.704634428024292
227 -3.3804755210876465
228 -2.3424620628356934
229 -2.6328909397125244
230 -1.5049587488174438
231 -0.40517401695251465
232 -1.2950797080993652
233 -2.7466630935668945
234 -2.3317084312438965
235 -3.0166995525360107
236 -2.190067768096924
237 -2.385070323944092
238 -2.594202995300293
239 -1.658663034439087
240 -3.571617841720581
241 -3.2709763050079346
242 -3.571617841720581
243 -3.5383729934692383
244 -3.571617841720581
245 -0.9542930126190186
246 -0.8157293796539307
247 -2.2550578117370605
248 -2.2685484886169434
249 -2.320748805999756
250 -1.899134874343872
251 -1.4352335929870605
252 -2.983976125717163
253 -2.7182953357696533
254 -2.983976364135742
255 -2.246950626373291
256 -1.7672351598739624
257 -2.670700788497925
258 -2.309792995452881
259 -2.0290205478668213
260 -2.0675833225250244
261 -2.2165772914886475
262 -3.4871127605438232
263 -2.4721832275390625
264 -2.5625758171081543
265 -3.238255262374878
266 -2.8430733680725098
267 -2.839388370513916
268 -2.710996150970459
269 -2.397177219390869
270 -2.1214704513549805
271 -2.0553157329559326
272 -2.1230640411376953
273 -2.1230642795562744
274 -2.1214704513549805
275 -3.236339807510376
276 -1.5227751731872559
277 -1.365544319152832
278 -1.7662353515625
279 -2.16275954246521
280 -2.415790557861328
281 -2.0478403568267822
282 -2.222398519515991
283 -1.7617145776748657
284 -1.2788455486297607
285 -3.367095470428467
286 -1.9587228298187256
287 -3.1061649322509766
288 -2.6369030475616455
289 -3.0873637199401855
290 -2.1906142234802246
291 -2.614169120788574
292 -1.5711122751235962
293 -1.7468618154525757
294 -1.0597920417785645
295 -1.8743863105773926
296 -2.479581356048584
297 -2.2797727584838867
298 -2.04752254486084
299 -3.2486515045166016
300 -3.40425968170166
301 -2.3124759197235107
302 -3.571617841720581
303 -3.571617841720581
304 -3.571617841720581
305 -1.005272388458252
306 -0.9798462390899658
307 -2.268547773361206
308 -2.3207483291625977
309 -2.320748805999756
310 -1.3544867038726807
311 -2.5709192752838135
312 -1.6898784637451172
313 -2.5709190368652344
314 -2.9738717079162598
315 -1.671656608581543
316 -2.7366857528686523
317 -2.9130115509033203
318 -1.751225471496582
319 -2.902623414993286
320 -3.3058841228485107
321 -1.4306920766830444
322 -2.8616747856140137
323 -1.9118512868881226
324 -1.5397212505340576
325 -2.8878164291381836
326 -1.8245010375976562
327 -2.6750659942626953
328 -1.6693546772003174
329 -1.917248249053955
330 -2.3039636611938477
331 -2.1214702129364014
332 -2.1230640411376953
333 -2.1230640411376953
334 -2.1230640411376953
335 -1.9687633514404297
336 -3.236339807510376
337 -1.766235589981079
338 -1.766235589981079
339 -1.766235589981079
340 -2.596576690673828
341 -1.5836683511734009
342 -2.222398281097412
343 -1.5836683511734009
344 -1.997178554534912
345 -2.386080503463745
346 -2.0652410984039307
347 -3.3893585205078125
348 -2.6676435470581055
349 -3.0599288940429688
350 -1.5014187097549438
351 -1.7658323049545288
352 -1.729687213897705
353 -2.3017635345458984
354 -3.374717950820923
355 -2.596762180328369
356 -1.5794262886047363
357 -2.746983051300049
358 -2.160102367401123
359 -2.760223865509033
360 -3.571617841720581
361 -3.5376744270324707
362 -3.571617603302002
363 -3.571617603302002
364 -3.5275025367736816
365 -0.2657470703125
366 -1.0518577098846436
367 -1.619442343711853
368 -0.9798464775085449
369 -2.2685487270355225
370 -2.104591131210327
371 -2.3905277252197266
372 -2.1045913696289062
373 -1.8991343975067139
374 -2.1469969749450684
375 -2.2489705085754395
376 -1.7974636554718018
377 -2.2008728981018066
378 -2.983839511871338
379 -2.2489705085754395
380 -2.6957294940948486
381 -1.87808358669281
382 -2.2153186798095703
383 -1.3011125326156616
384 -2.561950922012329
385 -1.5488605499267578
386 -2.105896472930908
387 -2.6850428581237793
388 -2.2969627380371094
389 -2.07460355758667
390 -2.1230642795562744
391 -2.241070032119751
392 -2.1230642795562744
393 -1.112264633178711
394 -2.1230642795562744
395 -1.7662382125854492
396 -3.5049147605895996
397 -1.7662382125854492
398 -1.7662382125854492
399 -1.7662382125854492
400 -1.8041883707046509
401 -2.335090160369873
402 -1.997179388999939
403 -2.190237522125244
404 -1.9139293432235718
405 -3.367095470428467
406 -2.7037434577941895
407 -3.3106913566589355
408 -3.0796124935150146
409 -3.2386555671691895
410 -2.658139228820801
411 -1.8881163597106934
412 -0.9995296001434326
413 -3.27121639251709
414 -1.571113109588623
415 -2.688117742538452
416 -1.3874337673187256
417 -1.8763813972473145
418 -1.9214832782745361
419 -2.555396556854248
420 -3.571617841720581
421 -3.1549501419067383
422 -3.571617841720581
423 -3.434377670288086
424 -3.571617841720581
425 -1.4450336694717407
426 -1.117133378982544
427 -0.9798464775085449
428 -2.320748805999756
429 -0.9798462390899658
430 -2.718295097351074
431 -3.4737601280212402
432 -1.5056569576263428
433 -2.061343193054199
434 -1.7650964260101318
435 -2.2489709854125977
436 -2.2489705085754395
437 -2.4740986824035645
438 -1.5832452774047852
439 -2.9482028484344482
440 -2.9227638244628906
441 -2.2036526203155518
442 -2.656705141067505
443 -2.9355061054229736
444 -2.083967447280884
445 -2.0806803703308105
446 -3.387289047241211
447 -3.3277361392974854
448 -2.955982208251953
449 -1.78580904006958
450 -2.1214702129364014
451 -2.1388630867004395
452 -2.1230640411376953
453 -2.1020114421844482
454 -2.1230640411376953
455 -3.236340045928955
456 -1.473026990890503
457 -3.236340045928955
458 -1.766237735748291
459 -1.766237735748291
460 -2.6675865650177
461 -1.314148187637329
462 -0.9667296409606934
463 -1.5836690664291382
464 -2.2223987579345703
465 -3.367095470428467
466 -3.367095470428467
467 -2.602419137954712
468 -2.9369120597839355
469 -3.0873632431030273
470 -3.2845184803009033
471 -1.4568637609481812
472 -2.0641672611236572
473 -1.0377414226531982
474 -2.5590314865112305
475 -2.019411087036133
476 -2.997849464416504
477 -2.7748632431030273
478 -2.5835318565368652
479 -2.7191972732543945
480 -3.468503475189209
481 -3.571617841720581
482 -1.7775647640228271
483 -3.5366439819335938
484 -3.571617841720581
485 -1.6512218713760376
486 -2.3207483291625977
487 -2.3207483291625977
488 -0.6307883262634277
489 -1.9799753427505493
490 -1.3824853897094727
491 -2.1816720962524414
492 -0.6780860424041748
493 -0.41050100326538086
494 -2.06134295463562
495 -2.76924729347229
496 -2.8519535064697266
497 -1.3973751068115234
498 -2.4990453720092773
499 -1.3973751068115234
500 -1.8621938228607178
501 -1.2360808849334717
502 -1.6012709140777588
503 -2.3365349769592285
504 -3.065516233444214
505 -1.2176663875579834
506 -1.8441017866134644
507 -2.973780870437622
508 -3.008756637573242
509 -1.9793200492858887
510 -1.39300537109375
511 -1.8848662376403809
512 -2.1214702129364014
513 -2.1214704513549805
514 -1.2826642990112305
515 -2.0696752071380615
516 -3.236339807510376
517 -1.766235589981079
518 -2.211881637573242
519 -1.766235589981079
520 -1.9155136346817017
521 -2.3350892066955566
522 -1.5836683511734009
523 -2.2149956226348877
524 -2.921566963195801
525 -2.7208473682403564
526 -3.143681764602661
527 -2.5203399658203125
528 -2.8663687705993652
529 -2.845716953277588
530 -1.4034284353256226
531 -3.2360637187957764
532 -1.0661427974700928
533 -2.9732627868652344
534 -1.8145442008972168
535 -2.573681592941284
536 -2.951907157897949
537 -2.790632724761963
538 -1.3088998794555664
539 -2.291517734527588
540 -3.571617603302002
541 -2.07757830619812
542 -3.3747506141662598
543 -3.5191760063171387
544 -3.571617603302002
545 -3.1509697437286377
546 -0.7457003593444824
547 -2.3207483291625977
548 -2.2847704887390137
549 -1.5491832494735718
550 -2.1863560676574707
551 -1.0482354164123535
552 -1.6471095085144043
553 -2.0048301219940186
554 -3.661088705062866
555 -2.4396555423736572
556 -2.2489705085754395
557 -3.015045642852783
558 -2.437440872192383
559 -2.5444517135620117
560 -2.7025604248046875
561 -3.01495099067688
562 -1.4850553274154663
563 -2.727733850479126
564 -2.6727828979492188
565 -1.967383861541748
566 -2.4725122451782227
567 -2.506258964538574
568 -2.6498234272003174
569 -2.963364839553833
570 -2.1230640411376953
571 -2.200982093811035
572 -2.1230640411376953
573 -2.1230640411376953
574 -2.1230640411376953
575 -1.7662382125854492
576 -1.689922571182251
577 -2.1002230644226074
578 -1.766237735748291
579 -1.7745795249938965
580 -2.2954158782958984
581 -1.5836683511734009
582 -1.3481364250183105
583 -3.2068586349487305
584 -1.5836683511734009
585 -3.08138108253479
586 -2.471921920776367
587 -2.740708827972412
588 -2.0717947483062744
589 -2.5932958126068115
590 -2.2679061889648438
591 -2.8114917278289795
592 -2.5934877395629883
593 -2.508145809173584
594 -1.815416932106018
595 -2.327547311782837
596 -2.828098773956299
597 -1.919119119644165
598 -2.418349266052246
599 -2.0549378395080566
600 -3.571617603302002
601 -3.468860626220703
602 -3.571617603302002
603 -3.571617603302002
604 -3.571617603302002
605 -2.0455334186553955
606 -2.358741283416748
607 -2.3207483291625977
608 -1.117133617401123
609 -2.320748805999756
610 -2.0613434314727783
611 -3.6433441638946533
612 -2.8852856159210205
613 -1.5253090858459473
614 -1.3910086154937744
615 -1.3973753452301025
616 -2.7837865352630615
617 -1.8069785833358765
618 -2.2947187423706055
619 -2.8048765659332275
620 -1.577709436416626
621 -1.7275583744049072
622 -1.7613351345062256
623 -2.1000640392303467
624 -2.6755499839782715
625 -2.024632692337036
626 -2.748007297515869
627 -1.6863882541656494
628 -3.104628562927246
629 -2.13458514213562
630 -2.1214699745178223
631 -2.1030707359313965
632 -2.1230642795562744
633 -1.6893532276153564
634 -2.2429051399230957
635 -3.236340045928955
636 -1.2927231788635254
637 -1.766237735748291
638 -1.8408923149108887
639 -3.236340045928955
640 -1.6939998865127563
641 -2.335089683532715
642 -2.2391464710235596
643 -1.5836683511734009
644 -2.335089683532715
645 -3.3893589973449707
646 -3.340594530105591
647 -3.377049207687378
648 -2.9685072898864746
649 -2.773576498031616
650 -2.867659330368042
651 -2.3218765258789062
652 -1.8722251653671265
653 -3.6381101608276367
654 -2.646301746368408
655 -1.8275580406188965
656 -2.8077175617218018
657 -1.9282691478729248
658 -3.100131034851074
659 -1.3715250492095947
660 -2.0931663513183594
661 -3.571617603302002
662 -2.489423990249634
663 -3.571617603302002
664 -3.571617603302002
665 -2.2113723754882812
666 -2.266435384750366
667 -2.3502111434936523
668 -2.0173866748809814
669 -2.268547773361206
670 -2.718295097351074
671 -1.9717693328857422
672 -2.9799087047576904
673 -2.1045916080474854
674 -1.8010029792785645
675 -2.8441407680511475
676 -2.246950387954712
677 -1.3973748683929443
678 -2.953774929046631
679 -2.5350356101989746
680 -1.8907356262207031
681 -2.7810657024383545
682 -2.7722630500793457
683 -3.1786510944366455
684 -1.817723035812378
685 -2.2682151794433594
686 -3.281651735305786
687 -2.5388379096984863
688 -2.325413942337036
689 -2.890261650085449
690 -2.2010080814361572
691 -1.7407481670379639
692 -2.1230640411376953
693 -2.1214699745178223
694 -2.1230640411376953
695 -1.697216510772705
696 -1.7662382125854492
697 -1.9713432788848877
698 -2.0381526947021484
699 -1.6857504844665527
700 -3.1722192764282227
701 -1.997178554534912
702 -2.4742794036865234
703 -1.9138721227645874
704 -1.398836612701416
705 -2.89937686920166
706 -3.367095470428467
707 -3.3893585205078125
708 -3.0678348541259766
709 -2.4222095012664795
710 -2.6654248237609863
711 -3.2179195880889893
712 -1.944742202758789
713 -3.4015986919403076
714 -3.2274742126464844
715 -1.8452513217926025
716 -2.3038699626922607
717 -2.211483955383301
718 -1.3404874801635742
719 -2.941880702972412
720 -3.571617841720581
721 -3.4827423095703125
722 -3.571617841720581
723 -3.571617841720581
724 -3.571617841720581
725 -1.8886874914169312
726 -2.2685487270355225
727 -2.3207483291625977
728 -2.2685484886169434
729 -2.268547773361206
730 -2.7053866386413574
731 -2.927622079849243
732 -2.083828926086426
733 -2.676377058029175
734 -2.927597761154175
735 -2.5062408447265625
736 -2.9018208980560303
737 -1.1534943580627441
738 -3.007495641708374
739 -2.6939125061035156
740 -1.8853838443756104
741 -2.515230894088745
742 -1.601271629333496
743 -3.0430855751037598
744 -2.537325620651245
745 -1.7737059593200684
746 -2.9029414653778076
747 -2.788236618041992
748 -1.9423834085464478
749 -1.7355196475982666
750 -2.1230642795562744
751 -1.8545870780944824
752 -2.1230642795562744
753 -2.1214704513549805
754 -2.1230642795562744
755 -1.766237735748291
756 -3.175137758255005
757 -1.766237735748291
758 -2.012279510498047
759 -1.9718279838562012
760 -2.1401619911193848
761 -1.5836683511734009
762 -1.5836683511734009
763 -2.2969894409179688
764 -2.598033905029297
765 -3.112121820449829
766 -2.943584680557251
767 -3.367095470428467
768 -1.7837800979614258
769 -2.844237804412842
770 -2.978999376296997
771 -1.8926531076431274
772 -1.6943620443344116
773 -1.9112176895141602
774 -1.9334512948989868
775 -2.5739293098449707
776 -2.8287906646728516
777 -2.579946756362915
778 -2.288266658782959
779 -1.611250400543213
780 -3.571617603302002
781 -3.526185989379883
782 -2.856163501739502
783 -3.571617603302002
784 -3.2193286418914795
785 -0.41343069076538086
786 -2.3013954162597656
787 -2.2685484886169434
788 -0.9595015048980713
789 -2.320748805999756
790 -1.7198050022125244
791 -2.718295097351074
792 -2.835692882537842
793 -2.2400968074798584
794 -1.4230270385742188
795 -3.257641315460205
796 -2.731081962585449
797 -2.8441407680511475
798 -2.246950387954712
799 -1.8608009815216064
800 -1.9707374572753906
801 -1.6902828216552734
802 -3.0456032752990723
803 -1.7971267700195312
804 -1.5572240352630615
805 -2.38127064704895
806 -2.3458611965179443
807 -1.452106237411499
808 -2.2544875144958496
809 -2.8435466289520264
810 -2.1230640411376953
811 -1.8989603519439697
812 -1.574063777923584
813 -2.1230640411376953
814 -2.1230640411376953
815 -1.766237735748291
816 -2.266789197921753
817 -3.236339807510376
818 -1.766237497329712
819 -3.236339807510376
820 -1.668108582496643
821 -1.5836690664291382
822 -2.0969362258911133
823 -2.4500222206115723
824 -2.222398519515991
825 -2.862577438354492
826 -3.345576047897339
827 -2.3599207401275635
828 -1.8140108585357666
829 -2.7334866523742676
830 -2.1518232822418213
831 -2.743290901184082
832 -1.9379955530166626
833 -2.1560184955596924
834 -3.228734016418457
835 -1.45157790184021
836 -2.2167158126831055
837 -2.112170696258545
838 -2.6111936569213867
839 -3.0218377113342285
840 -3.447175979614258
841 -3.571617841720581
842 -3.571617841720581
843 -3.571617841720581
844 -3.571617841720581
845 -1.4146838188171387
846 -0.587782621383667
847 -2.2685487270355225
848 -1.1171329021453857
849 -2.330087184906006
850 -1.8229827880859375
851 -1.7929213047027588
852 -2.104590892791748
853 -2.0613434314727783
854 -2.8296780586242676
855 -2.8949215412139893
856 -2.246950626373291
857 -2.246950387954712
858 -2.794407844543457
859 -2.3467931747436523
860 -2.052908182144165
861 -2.0556106567382812
862 -3.2686431407928467
863 -2.1954166889190674
864 -1.8234550952911377
865 -3.1893351078033447
866 -2.4596376419067383
867 -1.9058576822280884
868 -2.465284824371338
869 -1.7076587677001953
870 -2.156062126159668
871 -2.1230640411376953
872 -1.941680908203125
873 -2.1214702129364014
874 -2.1230640411376953
875 -1.1293010711669922
876 -3.236340045928955
877 -1.766237735748291
878 -1.7662382125854492
879 -3.236340045928955
880 -3.1998252868652344
881 -2.222398281097412
882 -2.222398281097412
883 -1.5836683511734009
884 -1.9019972085952759
885 -2.7641119956970215
886 -3.299609422683716
887 -2.03873348236084
888 -3.3423213958740234
889 -3.033452033996582
890 -3.331232786178589
891 -1.5647903680801392
892 -2.980797529220581
893 -2.230996608734131
894 -3.2169580459594727
895 -2.7054731845855713
896 -2.865551233291626
897 -3.263214588165283
898 -2.211060047149658
899 -2.4553747177124023
900 -3.571617841720581
901 -1.8199119567871094
902 -3.571617841720581
903 -3.4933741092681885
904 -3.516775131225586
905 -2.325676441192627
906 -2.0289337635040283
907 -2.304347038269043
908 -0.9798464775085449
909 -1.9084243774414062
910 -1.144399881362915
911 -2.756546974182129
912 -1.2617969512939453
913 -2.06134295463562
914 -2.8634531497955322
915 -2.9061107635498047
916 -2.6939120292663574
917 -2.423372745513916
918 -2.621553421020508
919 -1.76120924949646
920 -2.818192958831787
921 -1.9509515762329102
922 -2.9950804710388184
923 -3.359668731689453
924 -1.296616792678833
925 -2.034372568130493
926 -2.367431402206421
927 -2.8490359783172607
928 -2.9243273735046387
929 -2.6991701126098633
930 -2.1230642795562744
931 -2.055792808532715
932 -0.9693200588226318
933 -2.1214702129364014
934 -2.1230642795562744
935 -1.766237735748291
936 -2.389953851699829
937 -1.4229753017425537
938 -1.766237735748291
939 -3.1294898986816406
940 -1.7948020696640015
941 -1.4006381034851074
942 -3.013115644454956
943 -2.335089683532715
944 -2.222398519515991
945 -2.8061814308166504
946 -2.899376392364502
947 -2.5403456687927246
948 -2.4049832820892334
949 -3.1061649322509766
950 -1.9657281637191772
951 -2.9608871936798096
952 -3.276655912399292
953 -2.9434280395507812
954 -1.6642462015151978
955 -2.139009475708008
956 -1.6603138446807861
957 -3.3279898166656494
958 -2.525853395462036
959 -1.2082650661468506
960 -3.571617841720581
961 -3.571617841720581
962 -3.571617841720581
963 -3.571617841720581
964 -3.571617841720581
965 -2.2866954803466797
966 -2.1831557750701904
967 -0.9586875438690186
968 -0.9925858974456787
969 -2.313286781311035
970 -3.6597886085510254
971 -2.5709190368652344
972 -2.8916616439819336
973 -1.2865643501281738
974 -2.061343193054199
975 -2.9263253211975098
976 -2.6507956981658936
977 -2.0318751335144043
978 -2.982475996017456
979 -3.020564079284668
980 -2.548281192779541
981 -1.96209716796875
982 -2.0503146648406982
983 -2.3732476234436035
984 -2.1281704902648926
985 -2.4427576065063477
986 -3.1776604652404785
987 -2.2467784881591797
988 -2.4590649604797363
989 -1.4277009963989258
990 -2.1230642795562744
991 -2.1230642795562744
992 -2.1230642795562744
993 -2.1230642795562744
994 -2.1230642795562744
995 -1.766237735748291
996 -1.766237735748291
997 -1.766237735748291
998 -1.766237735748291
999 -1.766237735748291
1000 -1.8514140844345093
1001 -2.773534059524536
1002 -1.5836690664291382
1003 -1.5836690664291382
1004 -2.773534059524536
1005 -2.0343852043151855
1006 -2.860123634338379
1007 -3.3893585205078125
1008 -2.429969310760498
1009 -1.6403179168701172
1010 -2.760422468185425
1011 -1.23769211769104
1012 -2.1276204586029053
1013 -2.143666982650757
1014 -2.3657093048095703
1015 -3.141280174255371
1016 -2.086041212081909
1017 -3.535724639892578
1018 -2.430938243865967
1019 -2.9772708415985107
1020 -3.571617603302002
1021 -3.571617603302002
1022 -3.571617603302002
1023 -3.571617603302002
1024 -3.571617603302002
1025 -2.1436522006988525
1026 -2.1896212100982666
1027 -0.6506352424621582
1028 -0.9687716960906982
1029 -0.9586880207061768
1030 -2.5709190368652344
1031 -2.6400701999664307
1032 -2.1045913696289062
1033 -2.0613436698913574
1034 -2.836297035217285
1035 -2.438842296600342
1036 -2.944209575653076
1037 -2.738107442855835
1038 -2.7121407985687256
1039 -1.8332008123397827
1040 -2.3719546794891357
1041 -2.0157487392425537
1042 -2.364360809326172
1043 -1.536206603050232
1044 -2.327833652496338
1045 -2.8869781494140625
1046 -1.6974384784698486
1047 -1.691847324371338
1048 -1.9502168893814087
1049 -2.9922008514404297
1050 -2.1230640411376953
1051 -2.1230640411376953
1052 -2.1230640411376953
1053 -2.1230640411376953
1054 -2.1214704513549805
1055 -1.766237735748291
1056 -1.766237497329712
1057 -1.766237735748291
1058 -1.766237497329712
1059 -3.236340045928955
1060 -1.5519719123840332
1061 -1.5836701393127441
1062 -2.773533821105957
1063 -2.773533821105957
1064 -1.5836683511734009
1065 -3.367095470428467
1066 -2.444425106048584
1067 -2.907655715942383
1068 -3.028158187866211
1069 -3.0226898193359375
1070 -2.846450090408325
1071 -1.2564969062805176
1072 -2.956615447998047
1073 -3.1069533824920654
1074 -1.452236533164978
1075 -2.124152898788452
1076 -2.267350912094116
1077 -1.9906845092773438
1078 -2.9111530780792236
1079 -1.7767703533172607
1080 -3.4231247901916504
1081 -3.571617603302002
1082 -3.571617603302002
1083 -3.480212926864624
1084 -3.571617603302002
1085 -0.7761778831481934
1086 -0.9586882591247559
1087 -2.2685489654541016
1088 -0.9283716678619385
1089 -2.268547773361206
1090 -1.693495750427246
1091 -1.4618494510650635
1092 -2.5709190368652344
1093 -1.2986693382263184
1094 -2.5709190368652344
1095 -2.9838812351226807
1096 -1.471736192703247
1097 -2.676737070083618
1098 -1.3973748683929443
1099 -2.8349528312683105
1100 -2.251940965652466
1101 -1.817791223526001
1102 -2.6838340759277344
1103 -2.6685214042663574
1104 -2.7622339725494385
1105 -2.119955539703369
1106 -2.1936676502227783
1107 -1.9895708560943604
1108 -1.9844319820404053
1109 -2.0238025188446045
1110 -1.9784135818481445
1111 -2.1214704513549805
1112 -2.1230645179748535
1113 -2.1230645179748535
1114 -2.1230645179748535
1115 -1.9144022464752197
1116 -1.9930603504180908
1117 -3.236339807510376
1118 -3.236340045928955
1119 -1.906372308731079
1120 -2.030559778213501
1121 -2.376096248626709
1122 -3.0130605697631836
1123 -1.850340485572815
1124 -1.4885735511779785
1125 -1.7297792434692383
1126 -3.367095470428467
1127 -2.7782342433929443
1128 -3.359673261642456
1129 -3.0873632431030273
1130 -0.7415530681610107
1131 -2.292388916015625
1132 -2.4378557205200195
1133 -2.2252824306488037
1134 -2.7635374069213867
1135 -2.009634256362915
1136 -3.2040109634399414
1137 -1.7867367267608643
1138 -2.8780205249786377
1139 -3.208345413208008
1140 -3.571617603302002
1141 -3.571617603302002
1142 -3.3458266258239746
1143 -3.571617603302002
1144 -3.571617603302002
1145 -0.7573158740997314
1146 -2.3207483291625977
1147 -2.3207483291625977
1148 -2.263355016708374
1149 -0.21486902236938477
1150 -1.3948132991790771
1151 -1.911501169204712
1152 -1.8260653018951416
1153 -1.5762698650360107
1154 -2.5709190368652344
1155 -2.5773823261260986
1156 -2.398129463195801
1157 -2.5857183933258057
1158 -2.483295202255249
1159 -2.736482858657837
1160 -2.67492413520813
1161 -1.9858455657958984
1162 -1.7822983264923096
1163 -2.1857388019561768
1164 -2.949188232421875
1165 -2.814458131790161
1166 -2.126734495162964
1167 -2.170524835586548
1168 -2.9107556343078613
1169 -2.621906042098999
1170 -2.1230640411376953
1171 -2.1230640411376953
1172 -1.0722248554229736
1173 -2.202331066131592
1174 -2.1230640411376953
1175 -1.766237497329712
1176 -1.766237497329712
1177 -1.6401419639587402
1178 -3.236339807510376
1179 -3.236339807510376
1180 -1.9849439859390259
1181 -2.773534059524536
1182 -1.3901485204696655
1183 -1.9971786737442017
1184 -1.9971786737442017
1185 -2.4861562252044678
1186 -3.3414969444274902
1187 -1.6698248386383057
1188 -2.7782344818115234
1189 -2.9028730392456055
1190 -2.3904757499694824
1191 -2.6098666191101074
1192 -1.123551845550537
1193 -3.0999867916107178
1194 -2.41428279876709
1195 -1.9838497638702393
1196 -2.677511692047119
1197 -1.7918286323547363
1198 -1.4281723499298096
1199 -2.901244878768921
