0 -3.5716137886047363
1 -3.5715627670288086
2 -3.5716135501861572
3 -3.5716137886047363
4 -3.5716135501861572
5 -3.1652393341064453
6 -3.1652517318725586
7 -3.1651487350463867
8 -3.165148973464966
9 -3.165148973464966
10 -3.6630747318267822
11 -3.663264513015747
12 -3.663318157196045
13 -3.6631953716278076
14 -3.663180351257324
15 -3.4232192039489746
16 -3.4232325553894043
17 -3.423236131668091
18 -3.423246383666992
19 -3.42323637008667
20 -3.601855754852295
21 -3.601801633834839
22 -3.601071834564209
23 -3.5707027912139893
24 -3.588728189468384
25 -3.6210718154907227
26 -3.62060546875
27 -3.6208720207214355
28 -3.6209614276885986
29 -3.6211633682250977
30 -2.821124315261841
31 -2.8210995197296143
32 -2.821117401123047
33 -2.82112455368042
34 -2.8210971355438232
35 -3.507002592086792
36 -3.506941556930542
37 -3.5070369243621826
38 -3.5070018768310547
39 -3.5070371627807617
40 -3.4776599407196045
41 -3.477694272994995
42 -3.231524705886841
43 -3.4776809215545654
44 -3.477694272994995
45 -3.449756145477295
46 -3.4498302936553955
47 -3.449821949005127
48 -3.449744701385498
49 -3.4100518226623535
50 -3.6584155559539795
51 -3.65523624420166
52 -3.655170202255249
53 -3.6550159454345703
54 -3.6549179553985596
55 -3.6499762535095215
56 -3.6487932205200195
57 -3.6455790996551514
58 -3.6478114128112793
59 -3.6497392654418945
60 -3.571617841720581
61 -3.571525812149048
62 -3.571617841720581
63 -3.571617841720581
64 -3.571617841720581
65 -3.165250778198242
66 -3.1653385162353516
67 -3.1652157306671143
68 -3.16532826423645
69 -3.1652305126190186
70 -3.6631038188934326
71 -3.6632256507873535
72 -3.6633903980255127
73 -3.6632139682769775
74 -3.663205146789551
75 -3.423287868499756
76 -3.423185348510742
77 -3.4232280254364014
78 -3.423247814178467
79 -3.2763075828552246
80 -3.5885684490203857
81 -3.6008121967315674
82 -3.60058331489563
83 -3.5886690616607666
84 -3.5887506008148193
85 -3.6210153102874756
86 -3.6210110187530518
87 -3.6209869384765625
88 -3.62079119682312
89 -3.6212375164031982
90 -2.8210976123809814
91 -2.8211073875427246
92 -2.8211145401000977
93 -2.8210999965667725
94 -2.8210973739624023
95 -3.5070369243621826
96 -3.5070173740386963
97 -3.236889123916626
98 -3.236888885498047
99 -3.236888885498047
100 -3.4777276515960693
101 -3.2315244674682617
102 -3.2312707901000977
103 -2.5505456924438477
104 -3.4776971340179443
105 -3.4100661277770996
106 -3.449841260910034
107 -3.449822187423706
108 -3.4498190879821777
109 -3.4498183727264404
110 -3.6549980640411377
111 -3.6565351486206055
112 -3.6558916568756104
113 -3.6587512493133545
114 -3.6546266078948975
115 -3.6391003131866455
116 -3.6458659172058105
117 -3.649670124053955
118 -3.647498369216919
119 -3.6491167545318604
120 -3.571617603302002
121 -3.5715553760528564
122 -3.571617603302002
123 -3.571617603302002
124 -3.571617603302002
125 -3.165212631225586
126 -3.1652462482452393
127 -2.340482234954834
128 -3.1653316020965576
129 -3.1653106212615967
130 -3.6628899574279785
131 -3.272861957550049
132 -3.6628124713897705
133 -3.6631059646606445
134 -3.663093090057373
135 -3.423293352127075
136 -3.404693126678467
137 -3.4231815338134766
138 -3.253333330154419
139 -3.423215389251709
140 -3.5886332988739014
141 -3.601760149002075
142 -3.6018645763397217
143 -3.588876247406006
144 -3.6016685962677
145 -3.604057788848877
146 -3.621320962905884
147 -3.621098518371582
148 -3.620966672897339
149 -3.6203434467315674
150 -2.1230642795562744
151 -2.821120262145996
152 -2.8210973739624023
153 -2.1230642795562744
154 -2.1230642795562744
155 -3.236888885498047
156 -3.5069336891174316
157 -3.5069901943206787
158 -3.506939172744751
159 -3.236888885498047
160 -3.4776084423065186
161 -3.4776508808135986
162 -3.4776546955108643
163 -3.2312707901000977
164 -2.5505456924438477
165 -3.449843645095825
166 -3.449733018875122
167 -3.4498062133789062
168 -3.449671506881714
169 -3.4498322010040283
170 -3.6570043563842773
171 -3.654799461364746
172 -3.6571662425994873
173 -3.6565029621124268
174 -3.655885696411133
175 -3.647756576538086
176 -3.648719310760498
177 -3.6452722549438477
178 -3.647303819656372
179 -3.6487183570861816
180 -3.571617603302002
181 -3.571594476699829
182 -3.5715861320495605
183 -3.571617603302002
184 -3.571617603302002
185 -3.16532039642334
186 -2.340481758117676
187 -3.165311098098755
188 -3.1651909351348877
189 -3.1653354167938232
190 -3.663292169570923
191 -3.6633758544921875
192 -3.6632044315338135
193 -3.6628854274749756
194 -3.6632046699523926
195 -3.4232165813446045
196 -3.4232780933380127
197 -3.4231960773468018
198 -3.4232535362243652
199 -3.2764201164245605
200 -3.601950168609619
201 -3.601685047149658
202 -3.6012823581695557
203 -3.6017189025878906
204 -3.601862668991089
205 -3.620990753173828
206 -3.6209704875946045
207 -3.6208741664886475
208 -3.606673002243042
209 -3.601080894470215
210 -2.1230640411376953
211 -2.821101188659668
212 -2.8211090564727783
213 -2.1230640411376953
214 -2.1230640411376953
215 -3.236888885498047
216 -3.5069243907928467
217 -3.236889123916626
218 -3.506969928741455
219 -3.5069708824157715
220 -3.4777209758758545
221 -3.4777286052703857
222 -2.550546169281006
223 -3.47769832611084
224 -2.5505456924438477
225 -3.4497342109680176
226 -3.410092830657959
227 -3.4025015830993652
228 -3.4497573375701904
229 -3.449688673019409
230 -3.65710186958313
231 -3.6569206714630127
232 -3.6570465564727783
233 -3.657693862915039
234 -3.655339241027832
235 -3.6449382305145264
236 -3.649230480194092
237 -3.6490492820739746
238 -3.649911403656006
239 -3.6473805904388428
240 -3.571617841720581
241 -3.5715200901031494
242 -3.571617841720581
243 -3.5715627670288086
244 -3.571617841720581
245 -3.165332794189453
246 -3.165147066116333
247 -3.165175437927246
248 -3.1653318405151367
249 -2.3404831886291504
250 -3.2728183269500732
251 -3.6633591651916504
252 -3.6633758544921875
253 -3.2728612422943115
254 -3.6633763313293457
255 -3.423203945159912
256 -3.423222064971924
257 -3.4232192039489746
258 -3.276106357574463
259 -3.4232096672058105
260 -3.601749897003174
261 -3.5889391899108887
262 -3.588897228240967
263 -3.6016080379486084
264 -3.601713180541992
265 -3.6209471225738525
266 -3.620558500289917
267 -3.6207873821258545
268 -3.6209661960601807
269 -3.620965003967285
270 -2.8210973739624023
271 -2.8211071491241455
272 -2.1230640411376953
273 -2.1230642795562744
274 -2.8210973739624023
275 -3.5070369243621826
276 -3.5070106983184814
277 -3.5070343017578125
278 -3.236888885498047
279 -3.506995677947998
280 -3.4777066707611084
281 -3.4775707721710205
282 -3.2312233448028564
283 -3.4777021408081055
284 -3.4776480197906494
285 -3.4498062133789062
286 -3.409766674041748
287 -3.449841260910034
288 -3.449561595916748
289 -3.4498372077941895
290 -3.6553337574005127
291 -3.6579246520996094
292 -3.655064344406128
293 -3.6550891399383545
294 -3.656351089477539
295 -3.648447036743164
296 -3.646556854248047
297 -3.6475963592529297
298 -3.645359992980957
299 -3.647789716720581
300 -3.5716121196746826
301 -3.571617841720581
302 -3.571617841720581
303 -3.571617841720581
304 -3.571617841720581
305 -3.1652820110321045
306 -3.1651389598846436
307 -3.1653318405151367
308 -2.3404855728149414
309 -2.340484142303467
310 -3.6628332138061523
311 -3.2728402614593506
312 -3.663398027420044
313 -3.272840976715088
314 -3.663412094116211
315 -3.4232869148254395
316 -3.253333330154419
317 -3.4232068061828613
318 -3.4232029914855957
319 -3.4232325553894043
320 -3.588754177093506
321 -3.6018078327178955
322 -3.570457696914673
323 -3.601551055908203
324 -3.558896780014038
325 -3.60489559173584
326 -3.6210474967956543
327 -3.6208207607269287
328 -3.6204893589019775
329 -3.6206066608428955
330 -2.821096897125244
331 -2.8210973739624023
332 -2.1230640411376953
333 -2.1230640411376953
334 -2.1230640411376953
335 -3.507006883621216
336 -3.5070364475250244
337 -3.236888885498047
338 -3.236888885498047
339 -3.236889123916626
340 -3.477736473083496
341 -2.550546169281006
342 -3.2312231063842773
343 -2.5505456924438477
344 -3.2315244674682617
345 -3.4497809410095215
346 -3.449795961380005
347 -3.44974946975708
348 -3.409297227859497
349 -3.4497058391571045
350 -3.6584136486053467
351 -3.6586716175079346
352 -3.657674789428711
353 -3.6540451049804688
354 -3.655919313430786
355 -3.64967679977417
356 -3.64894962310791
357 -3.6505136489868164
358 -3.6468591690063477
359 -3.648402452468872
360 -3.571617841720581
361 -3.5715508460998535
362 -3.571617603302002
363 -3.571617603302002
364 -3.571537733078003
365 -3.1652462482452393
366 -3.165127992630005
367 -3.1652228832244873
368 -3.1651389598846436
369 -3.1653318405151367
370 -3.663093328475952
371 -3.6632704734802246
372 -3.6630935668945312
373 -3.2728207111358643
374 -3.6631007194519043
375 -3.2763524055480957
376 -3.4221062660217285
377 -3.423243761062622
378 -3.4232261180877686
379 -3.2762131690979004
380 -3.6011252403259277
381 -3.6016082763671875
382 -3.570615291595459
383 -3.6017420291900635
384 -3.5959079265594482
385 -3.6210203170776367
386 -3.600931406021118
387 -3.6207385063171387
388 -3.6023759841918945
389 -3.601595640182495
390 -2.1230642795562744
391 -2.82110595703125
392 -2.1230642795562744
393 -2.821107864379883
394 -2.1230642795562744
395 -3.236889123916626
396 -3.506993293762207
397 -3.236888885498047
398 -3.236888885498047
399 -3.236888885498047
400 -3.4776926040649414
401 -3.2312705516815186
402 -3.231524705886841
403 -3.4776041507720947
404 -3.477733850479126
405 -3.4498062133789062
406 -3.4496803283691406
407 -3.449739933013916
408 -3.4497954845428467
409 -3.4497649669647217
410 -3.6576039791107178
411 -3.655805826187134
412 -3.6581785678863525
413 -3.6580865383148193
414 -3.655064344406128
415 -3.6450576782226562
416 -3.6488234996795654
417 -3.64688777923584
418 -3.6446759700775146
419 -3.6477954387664795
420 -3.571617841720581
421 -3.571540594100952
422 -3.571617841720581
423 -3.571603775024414
424 -3.571617841720581
425 -3.1653225421905518
426 -3.1651909351348877
427 -3.1651389598846436
428 -2.340482234954834
429 -3.1651389598846436
430 -3.2728610038757324
431 -3.663111686706543
432 -3.66310977935791
433 -3.663205146789551
434 -3.663233995437622
435 -3.2762179374694824
436 -3.2762093544006348
437 -3.4232566356658936
438 -3.4218850135803223
439 -3.4231903553009033
440 -3.588719129562378
441 -3.5888679027557373
442 -3.601778030395508
443 -3.588777542114258
444 -3.519819736480713
445 -3.620469331741333
446 -3.6210529804229736
447 -3.6019160747528076
448 -3.6213297843933105
449 -3.621068000793457
450 -2.8210973739624023
451 -2.821108818054199
452 -2.1230640411376953
453 -2.821110248565674
454 -2.1230640411376953
455 -3.5070371627807617
456 -3.50701642036438
457 -3.5070371627807617
458 -3.236888885498047
459 -3.236889123916626
460 -3.477597236633301
461 -3.4774763584136963
462 -3.477670669555664
463 -2.5505456924438477
464 -3.2312231063842773
465 -3.4498062133789062
466 -3.449805736541748
467 -3.4497978687286377
468 -3.4496092796325684
469 -3.4498372077941895
470 -3.655604124069214
471 -3.6581695079803467
472 -3.6550910472869873
473 -3.658266067504883
474 -3.6543216705322266
475 -3.646261692047119
476 -3.6453568935394287
477 -3.6490426063537598
478 -3.648223638534546
479 -3.6501007080078125
480 -3.5716028213500977
481 -3.571617841720581
482 -3.571575164794922
483 -3.5715527534484863
484 -3.571617841720581
485 -3.1651344299316406
486 -2.3404831886291504
487 -2.340484142303467
488 -3.165156602859497
489 -3.165302276611328
490 -3.6634573936462402
491 -3.6631617546081543
492 -3.6633951663970947
493 -3.663228750228882
494 -3.6632046699523926
495 -3.423243761062622
496 -3.423262119293213
497 -3.421663761138916
498 -3.423274517059326
499 -3.4227747917175293
500 -3.588698148727417
501 -3.601435422897339
502 -3.6016199588775635
503 -3.6009678840637207
504 -3.5888588428497314
505 -3.62088942527771
506 -3.6211183071136475
507 -3.621020793914795
508 -3.5827908515930176
509 -3.62100887298584
510 -2.8211145401000977
511 -2.8211114406585693
512 -2.8210973739624023
513 -2.8210973739624023
514 -2.821110725402832
515 -3.5069637298583984
516 -3.5070371627807617
517 -3.236888885498047
518 -3.507068634033203
519 -3.236889362335205
520 -3.4775054454803467
521 -3.2312705516815186
522 -2.5505456924438477
523 -3.4775123596191406
524 -3.477736234664917
525 -3.4497618675231934
526 -3.4498276710510254
527 -3.449751377105713
528 -3.4498085975646973
529 -3.449718952178955
530 -3.655341863632202
531 -3.6585865020751953
532 -3.655541181564331
533 -3.657862424850464
534 -3.658381700515747
535 -3.650303602218628
536 -3.649017572402954
537 -3.6477208137512207
538 -3.6432180404663086
539 -3.6343140602111816
540 -3.571617603302002
541 -3.571587324142456
542 -3.571591854095459
543 -3.5715458393096924
544 -3.571617603302002
545 -3.165337562561035
546 -3.1652097702026367
547 -2.340482711791992
548 -3.1651580333709717
549 -3.165292739868164
550 -3.662942409515381
551 -3.662931203842163
552 -3.6630098819732666
553 -3.6631219387054443
554 -3.6630873680114746
555 -3.4232165813446045
556 -3.276210069656372
557 -3.4232592582702637
558 -3.423182964324951
559 -3.276383876800537
560 -3.6015701293945312
561 -3.5886478424072266
562 -3.6018917560577393
563 -3.5887033939361572
564 -3.5888023376464844
565 -3.620833158493042
566 -3.603971242904663
567 -3.620839834213257
568 -3.6211225986480713
569 -3.601818561553955
570 -2.1230640411376953
571 -2.821117401123047
572 -2.1230640411376953
573 -2.1230640411376953
574 -2.1230640411376953
575 -3.236889123916626
576 -3.5070748329162598
577 -3.5070674419403076
578 -3.236889123916626
579 -3.507070302963257
580 -3.4776923656463623
581 -2.5505456924438477
582 -3.4774796962738037
583 -3.4774796962738037
584 -2.5505456924438477
585 -3.449688673019409
586 -3.4496169090270996
587 -3.44981050491333
588 -3.449821949005127
589 -3.449664354324341
590 -3.657954454421997
591 -3.6580591201782227
592 -3.6557862758636475
593 -3.6574313640594482
594 -3.6553614139556885
595 -3.64878249168396
596 -3.6484737396240234
597 -3.6351513862609863
598 -3.6490893363952637
599 -3.647813081741333
600 -3.571617603302002
601 -3.5715839862823486
602 -3.571617603302002
603 -3.571617603302002
604 -3.571617603302002
605 -3.16532826423645
606 -3.1651251316070557
607 -2.3404831886291504
608 -3.1651909351348877
609 -2.340482234954834
610 -3.6632046699523926
611 -3.663255214691162
612 -3.6634247303009033
613 -3.663228750228882
614 -3.6629831790924072
615 -3.4222359657287598
616 -3.276268482208252
617 -3.4231982231140137
618 -3.423264741897583
619 -3.4231743812561035
620 -3.5885748863220215
621 -3.5889065265655518
622 -3.6008312702178955
623 -3.5888028144836426
624 -3.5889110565185547
625 -3.602971315383911
626 -3.620955228805542
627 -3.62084698677063
628 -3.6210598945617676
629 -3.6205008029937744
630 -2.8210973739624023
631 -2.821115016937256
632 -2.1230642795562744
633 -2.8211121559143066
634 -2.821103572845459
635 -3.5070366859436035
636 -3.5069847106933594
637 -3.236888885498047
638 -3.507000207901001
639 -3.507037401199341
640 -3.477703332901001
641 -3.2312707901000977
642 -3.4775640964508057
643 -2.550546646118164
644 -3.2312705516815186
645 -3.449749708175659
646 -3.4498183727264404
647 -3.4025402069091797
648 -3.449735641479492
649 -3.4497973918914795
650 -3.657486915588379
651 -3.657686233520508
652 -3.6568305492401123
653 -3.655820846557617
654 -3.655428886413574
655 -3.6507420539855957
656 -3.6483325958251953
657 -3.6479241847991943
658 -3.6484081745147705
659 -3.6486799716949463
660 -3.5716147422790527
661 -3.571617603302002
662 -3.5716145038604736
663 -3.571617603302002
664 -3.571617603302002
665 -3.165295362472534
666 -3.165225028991699
667 -3.1650772094726562
668 -3.1651296615600586
669 -3.1653316020965576
670 -3.272860050201416
671 -3.6630966663360596
672 -3.663254499435425
673 -3.663093328475952
674 -3.663238525390625
675 -3.4231858253479004
676 -3.423203229904175
677 -3.4227683544158936
678 -3.4229893684387207
679 -3.4231581687927246
680 -3.601200819015503
681 -3.5888900756835938
682 -3.6017444133758545
683 -3.5835330486297607
684 -3.601715564727783
685 -3.6213150024414062
686 -3.620697498321533
687 -3.6208348274230957
688 -3.6210086345672607
689 -3.6021690368652344
690 -2.8211190700531006
691 -2.8211193084716797
692 -2.1230640411376953
693 -2.8210980892181396
694 -2.1230640411376953
695 -3.5069921016693115
696 -3.236889123916626
697 -3.507045030593872
698 -3.506930112838745
699 -3.5069661140441895
700 -3.4776289463043213
701 -3.231524705886841
702 -3.477548360824585
703 -3.4776275157928467
704 -3.4776837825775146
705 -3.4498467445373535
706 -3.4498062133789062
707 -3.44974946975708
708 -3.411095380783081
709 -3.410107135772705
710 -3.6585798263549805
711 -3.6567599773406982
712 -3.6578807830810547
713 -3.6557257175445557
714 -3.58199405670166
715 -3.647224187850952
716 -3.6487603187561035
717 -3.6461431980133057
718 -3.6503543853759766
719 -3.6481072902679443
720 -3.571617841720581
721 -3.571537971496582
722 -3.571617841720581
723 -3.571617841720581
724 -3.571617841720581
725 -3.1651830673217773
726 -3.1653316020965576
727 -2.340484142303467
728 -3.1653316020965576
729 -3.1653318405151367
730 -3.6631319522857666
731 -3.6633760929107666
732 -3.6630778312683105
733 -3.6632955074310303
734 -3.6631226539611816
735 -3.4232401847839355
736 -3.4231600761413574
737 -3.423276424407959
738 -3.42321515083313
739 -3.423264265060425
740 -3.6016132831573486
741 -3.5883641242980957
742 -3.6016201972961426
743 -3.5885024070739746
744 -3.601062059402466
745 -3.6211864948272705
746 -3.621100425720215
747 -3.6209123134613037
748 -3.6012449264526367
749 -3.6210131645202637
750 -2.1230642795562744
751 -2.82110595703125
752 -2.1230642795562744
753 -2.8210973739624023
754 -2.1230642795562744
755 -3.236888885498047
756 -3.2369086742401123
757 -3.236888885498047
758 -3.5070064067840576
759 -3.5070080757141113
760 -3.4775867462158203
761 -2.5505452156066895
762 -2.5505456924438477
763 -3.477684259414673
764 -3.477710008621216
765 -3.449657917022705
766 -3.449817657470703
767 -3.449805736541748
768 -3.4496498107910156
769 -3.449700117111206
770 -3.655259847640991
771 -3.6572182178497314
772 -3.6547977924346924
773 -3.65856671333313
774 -3.6583375930786133
775 -3.6463894844055176
776 -3.646596908569336
777 -3.650233030319214
778 -3.644831657409668
779 -3.6434903144836426
780 -3.571617603302002
781 -3.5715250968933105
782 -3.5715584754943848
783 -3.571617603302002
784 -3.5715279579162598
785 -3.1652138233184814
786 -3.165328025817871
787 -3.1653318405151367
788 -3.165339231491089
789 -2.340484619140625
790 -3.66329288482666
791 -3.272861957550049
792 -3.662963390350342
793 -3.6631698608398438
794 -3.66328763961792
795 -3.4232616424560547
796 -3.276141405105591
797 -3.423184871673584
798 -3.423203229904175
799 -3.423201084136963
800 -3.588879108428955
801 -3.5889079570770264
802 -3.588858127593994
803 -3.570490598678589
804 -3.601654052734375
805 -3.6209707260131836
806 -3.6210508346557617
807 -3.601168394088745
808 -3.620689868927002
809 -3.605241537094116
810 -2.1230640411376953
811 -2.8211185932159424
812 -2.8211216926574707
813 -2.1230640411376953
814 -2.1230640411376953
815 -3.236889123916626
816 -3.5069615840911865
817 -3.5070369243621826
818 -3.236888885498047
819 -3.5070369243621826
820 -3.477595567703247
821 -2.5505456924438477
822 -3.4776875972747803
823 -3.477725028991699
824 -3.2312233448028564
825 -3.449671506881714
826 -3.4495577812194824
827 -3.449754238128662
828 -3.410080671310425
829 -3.4495463371276855
830 -3.6548798084259033
831 -3.6572329998016357
832 -3.656057357788086
833 -3.6584274768829346
834 -3.658681869506836
835 -3.647397041320801
836 -3.6474595069885254
837 -3.6466469764709473
838 -3.647390365600586
839 -3.6472394466400146
840 -3.571599245071411
841 -3.571617841720581
842 -3.571617841720581
843 -3.571617841720581
844 -3.571617841720581
845 -3.1653125286102295
846 -3.1651599407196045
847 -3.1653318405151367
848 -3.1651909351348877
849 -3.1652157306671143
850 -3.663191795349121
851 -3.663315773010254
852 -3.6630940437316895
853 -3.6632044315338135
854 -3.6631059646606445
855 -3.4232590198516846
856 -3.423203706741333
857 -3.423203229904175
858 -3.4232020378112793
859 -3.4232494831085205
860 -3.570551633834839
861 -3.5887374877929688
862 -3.601039409637451
863 -3.6018452644348145
864 -3.601754665374756
865 -3.6208348274230957
866 -3.6207990646362305
867 -3.6212282180786133
868 -3.601935386657715
869 -3.6212093830108643
870 -2.8211092948913574
871 -2.1230640411376953
872 -2.82110595703125
873 -2.8210973739624023
874 -2.1230640411376953
875 -3.5070276260375977
876 -3.5070369243621826
877 -3.236889123916626
878 -3.236889123916626
879 -3.5070371627807617
880 -3.477508544921875
881 -3.2312231063842773
882 -3.2312233448028564
883 -2.550546169281006
884 -3.477471113204956
885 -3.449705123901367
886 -3.449744701385498
887 -3.449712038040161
888 -3.4498229026794434
889 -3.4497368335723877
890 -3.658459424972534
891 -3.658611297607422
892 -3.6568849086761475
893 -3.656935930252075
894 -3.6558916568756104
895 -3.6498680114746094
896 -3.6463170051574707
897 -3.6496496200561523
898 -3.6489343643188477
899 -3.6469836235046387
900 -3.571617841720581
901 -3.5715956687927246
902 -3.571617841720581
903 -3.571566104888916
904 -3.571526288986206
905 -3.1651744842529297
906 -3.1653034687042236
907 -3.1653239727020264
908 -3.1651382446289062
909 -3.16532039642334
910 -3.6631526947021484
911 -3.663184404373169
912 -3.6631932258605957
913 -3.6632044315338135
914 -3.663360834121704
915 -3.423142910003662
916 -3.423264265060425
917 -3.4053916931152344
918 -3.4231905937194824
919 -3.423161029815674
920 -3.6014697551727295
921 -3.5885937213897705
922 -3.601090908050537
923 -3.5886459350585938
924 -3.6018624305725098
925 -3.6210148334503174
926 -3.6211090087890625
927 -3.6207685470581055
928 -3.6021358966827393
929 -3.60131573677063
930 -2.1230642795562744
931 -2.8211143016815186
932 -2.821104049682617
933 -2.8210971355438232
934 -2.1230642795562744
935 -3.236888885498047
936 -3.507047176361084
937 -3.5070605278015137
938 -3.236889362335205
939 -3.5069541931152344
940 -3.477595329284668
941 -3.477572202682495
942 -3.477708101272583
943 -3.2312705516815186
944 -3.2312231063842773
945 -3.4100375175476074
946 -3.4498462677001953
947 -3.449766159057617
948 -3.449733018875122
949 -3.449841260910034
950 -3.656477928161621
951 -3.658452272415161
952 -3.658599615097046
953 -3.655763626098633
954 -3.6584348678588867
955 -3.6479310989379883
956 -3.6509671211242676
957 -3.6469366550445557
958 -3.6503353118896484
959 -3.634552478790283
960 -3.571617841720581
961 -3.571617841720581
962 -3.571617841720581
963 -3.571617841720581
964 -3.571617841720581
965 -3.165311098098755
966 -3.1653194427490234
967 -2.6274352073669434
968 -3.165127992630005
969 -3.1652958393096924
970 -3.6630232334136963
971 -3.272841453552246
972 -3.6632747650146484
973 -3.663365602493286
974 -3.663205146789551
975 -3.423095226287842
976 -3.4052207469940186
977 -3.42329478263855
978 -3.4231879711151123
979 -3.2759315967559814
980 -3.6017661094665527
981 -3.5887374877929688
982 -3.588864803314209
983 -3.601865768432617
984 -3.5886638164520264
985 -3.6017863750457764
986 -3.620697498321533
987 -3.6208386421203613
988 -3.5825021266937256
989 -3.620919942855835
990 -2.1230642795562744
991 -2.1230642795562744
992 -2.1230642795562744
993 -2.1230642795562744
994 -2.1230642795562744
995 -3.236889123916626
996 -3.236889123916626
997 -3.236888885498047
998 -3.236889123916626
999 -3.236889123916626
1000 -3.47757887840271
1001 -3.2316970825195312
1002 -2.550546169281006
1003 -2.550546169281006
1004 -3.2316970825195312
1005 -3.4496264457702637
1006 -3.4496707916259766
1007 -3.449749708175659
1008 -3.410034656524658
1009 -3.449842929840088
1010 -3.658482551574707
1011 -3.584578275680542
1012 -3.655841827392578
1013 -3.6542294025421143
1014 -3.656132936477661
1015 -3.6475744247436523
1016 -3.6486976146698
1017 -3.647439479827881
1018 -3.6474392414093018
1019 -3.648254156112671
1020 -3.571617603302002
1021 -3.571617603302002
1022 -3.571617603302002
1023 -3.571617603302002
1024 -3.571617603302002
1025 -3.1653013229370117
1026 -3.1653079986572266
1027 -3.165266752243042
1028 -3.165144920349121
1029 -2.627434730529785
1030 -3.2728428840637207
1031 -3.663501501083374
1032 -3.663093328475952
1033 -3.6632046699523926
1034 -3.66318941116333
1035 -3.4046459197998047
1036 -3.4232287406921387
1037 -3.4053196907043457
1038 -3.4232425689697266
1039 -3.4232311248779297
1040 -3.601524829864502
1041 -3.6015734672546387
1042 -3.6016080379486084
1043 -3.6017327308654785
1044 -3.5886154174804688
1045 -3.6029956340789795
1046 -3.5708837509155273
1047 -3.621170997619629
1048 -3.6026179790496826
1049 -3.6213488578796387
1050 -2.1230640411376953
1051 -2.1230640411376953
1052 -2.1230640411376953
1053 -2.1230640411376953
1054 -2.8210973739624023
1055 -3.236889123916626
1056 -3.236889123916626
1057 -3.236889123916626
1058 -3.236889123916626
1059 -3.5070369243621826
1060 -3.4777190685272217
1061 -2.5505456924438477
1062 -3.2316970825195312
1063 -3.2316977977752686
1064 -2.5505456924438477
1065 -3.4498062133789062
1066 -3.4496922492980957
1067 -3.449754238128662
1068 -3.4496047496795654
1069 -3.4498279094696045
1070 -3.6549384593963623
1071 -3.6555817127227783
1072 -3.6574697494506836
1073 -3.6586616039276123
1074 -3.6565887928009033
1075 -3.6479172706604004
1076 -3.6488265991210938
1077 -3.646094799041748
1078 -3.648672580718994
1079 -3.6472244262695312
1080 -3.5715830326080322
1081 -3.571617603302002
1082 -3.571617603302002
1083 -3.5716090202331543
1084 -3.571617603302002
1085 -3.165323257446289
1086 -2.6274352073669434
1087 -3.1653318405151367
1088 -3.1653339862823486
1089 -3.1653318405151367
1090 -3.6631903648376465
1091 -3.6632561683654785
1092 -3.2728428840637207
1093 -3.663278579711914
1094 -3.272843360900879
1095 -3.423130512237549
1096 -3.423229932785034
1097 -3.4232590198516846
1098 -3.422647476196289
1099 -3.4232144355773926
1100 -3.588519811630249
1101 -3.6018309593200684
1102 -3.588454484939575
1103 -3.601733684539795
1104 -3.5888161659240723
1105 -3.6210081577301025
1106 -3.601571798324585
1107 -3.620894432067871
1108 -3.621028423309326
1109 -3.621007204055786
1110 -2.8211116790771484
1111 -2.8210971355438232
1112 -2.1230645179748535
1113 -2.1230645179748535
1114 -2.1230645179748535
1115 -3.5069360733032227
1116 -3.5070278644561768
1117 -3.5070371627807617
1118 -3.5070366859436035
1119 -3.5069141387939453
1120 -3.4776437282562256
1121 -3.4777190685272217
1122 -3.47778058052063
1123 -3.47761607170105
1124 -3.4776782989501953
1125 -3.4099717140197754
1126 -3.4498062133789062
1127 -3.449662446975708
1128 -3.4498143196105957
1129 -3.4498372077941895
1130 -3.658496141433716
1131 -3.658539056777954
1132 -3.6572494506835938
1133 -3.6585168838500977
1134 -3.655263662338257
1135 -3.647125482559204
1136 -3.647597312927246
1137 -3.6436569690704346
1138 -3.641592025756836
1139 -3.650475025177002
1140 -3.571617603302002
1141 -3.571617603302002
1142 -3.571610689163208
1143 -3.571617603302002
1144 -3.571617603302002
1145 -3.1653316020965576
1146 -2.340482234954834
1147 -2.340484142303467
1148 -3.1653318405151367
1149 -3.165278196334839
1150 -3.663200616836548
1151 -3.6630325317382812
1152 -3.6632747650146484
1153 -3.663318157196045
1154 -3.2728421688079834
1155 -3.405524730682373
1156 -3.423229932785034
1157 -3.423205852508545
1158 -3.4232449531555176
1159 -3.4232277870178223
1160 -3.58872389793396
1161 -3.5888309478759766
1162 -3.588419198989868
1163 -3.519878387451172
1164 -3.5888020992279053
1165 -3.6204638481140137
1166 -3.620880603790283
1167 -3.6210641860961914
1168 -3.621166229248047
1169 -3.621060609817505
1170 -2.1230640411376953
1171 -2.1230640411376953
1172 -2.821096897125244
1173 -2.821096658706665
1174 -2.1230640411376953
1175 -3.236889123916626
1176 -3.236889362335205
1177 -3.5069193840026855
1178 -3.5070364475250244
1179 -3.5070369243621826
1180 -3.4776408672332764
1181 -3.2316970825195312
1182 -3.477749824523926
1183 -3.231524705886841
1184 -3.231525421142578
1185 -3.4496891498565674
1186 -3.449664354324341
1187 -3.449803113937378
1188 -3.449662446975708
1189 -3.4495856761932373
1190 -3.656522035598755
1191 -3.658363103866577
1192 -3.6585447788238525
1193 -3.6562108993530273
1194 -3.6549184322357178
1195 -3.647984027862549
1196 -3.648190498352051
1197 -3.6496777534484863
1198 -3.650991439819336
1199 -3.648083209991455
