0 -3.283351421356201
1 -3.283351421356201
2 -3.283351421356201
3 -3.283351421356201
4 -3.283351421356201
5 -1.8348690271377563
6 -1.8348690271377563
7 -1.8348699808120728
8 -1.8348690271377563
9 -1.8348699808120728
10 -3.182554244995117
11 -3.182554244995117
12 -3.182554244995117
13 -3.182554244995117
14 -3.182554244995117
15 -2.492076873779297
16 -2.492076873779297
17 -2.492076873779297
18 -2.492076873779297
19 -2.492076873779297
20 -2.967268466949463
21 -2.967268466949463
22 -2.967268466949463
23 -2.967268228530884
24 -2.967268228530884
25 -2.854159355163574
26 -3.043149948120117
27 -3.1011486053466797
28 -2.965233325958252
29 -3.1011486053466797
30 -2.0223984718322754
31 -2.0223984718322754
32 -2.0223984718322754
33 -2.0223984718322754
34 -2.0223984718322754
35 -2.360546112060547
36 -2.360546112060547
37 -2.360546112060547
38 -2.360546112060547
39 -2.360546112060547
40 -2.3906197547912598
41 -2.3906197547912598
42 -2.3906192779541016
43 -2.3906197547912598
44 -2.3906197547912598
45 -3.367095470428467
46 -3.367095470428467
47 -3.367095470428467
48 -3.367095470428467
49 -3.367095470428467
50 -3.2245864868164062
51 -3.2245864868164062
52 -3.127124071121216
53 -3.127124071121216
54 -3.127124071121216
55 -3.1342551708221436
56 -3.1399364471435547
57 -3.1342549324035645
58 -3.1342551708221436
59 -3.1399364471435547
60 -3.571617603302002
61 -3.571617603302002
62 -3.571617603302002
63 -3.571617603302002
64 -3.571617603302002
65 -2.4349918365478516
66 -2.4349918365478516
67 -2.434992790222168
68 -2.434992790222168
69 -2.4349918365478516
70 -2.5860562324523926
71 -2.5860562324523926
72 -2.705813407897949
73 -2.5860562324523926
74 -2.7058136463165283
75 -2.9323787689208984
76 -2.9323787689208984
77 -2.9323787689208984
78 -2.9323790073394775
79 -2.9323787689208984
80 -3.12934947013855
81 -3.12934947013855
82 -3.12934947013855
83 -3.12934947013855
84 -3.12934947013855
85 -2.887023448944092
86 -2.7887189388275146
87 -3.0783090591430664
88 -3.070634603500366
89 -2.887023448944092
90 -2.8172802925109863
91 -2.8172802925109863
92 -2.8172802925109863
93 -2.8172802925109863
94 -2.8172802925109863
95 -3.5061750411987305
96 -3.5061750411987305
97 -3.5061750411987305
98 -3.5061750411987305
99 -3.5061750411987305
100 -2.5393781661987305
101 -2.5393781661987305
102 -2.5393781661987305
103 -2.5393781661987305
104 -2.5393781661987305
105 -3.3894896507263184
106 -3.3894896507263184
107 -3.3894896507263184
108 -3.3894896507263184
109 -3.3894896507263184
110 -3.3037102222442627
111 -3.3037102222442627
112 -3.3037102222442627
113 -3.3037102222442627
114 -3.3037102222442627
115 -3.01564359664917
116 -3.183079957962036
117 -3.183079957962036
118 -3.01564359664917
119 -3.01564359664917
120 -3.571617603302002
121 -3.571617603302002
122 -3.571617603302002
123 -3.571617603302002
124 -3.571617603302002
125 -2.279517889022827
126 -2.279517889022827
127 -2.279517889022827
128 -2.279517889022827
129 -2.279517889022827
130 -2.7058136463165283
131 -2.5133302211761475
132 -2.5133302211761475
133 -2.7058138847351074
134 -2.7058136463165283
135 -3.1020772457122803
136 -3.1020772457122803
137 -3.1020772457122803
138 -3.1020772457122803
139 -3.1020772457122803
140 -2.9691355228424072
141 -2.872260570526123
142 -2.924142837524414
143 -2.872260570526123
144 -2.969135284423828
145 -2.8291847705841064
146 -2.8229665756225586
147 -2.8229665756225586
148 -2.8291850090026855
149 -2.937790632247925
150 -2.8172802925109863
151 -2.8172802925109863
152 -2.8172802925109863
153 -2.8172802925109863
154 -2.8172802925109863
155 -3.5061752796173096
156 -3.5061752796173096
157 -3.5061752796173096
158 -3.5061752796173096
159 -3.5061752796173096
160 -2.5393781661987305
161 -2.5393781661987305
162 -2.5393781661987305
163 -2.5393781661987305
164 -2.5393781661987305
165 -3.3894896507263184
166 -3.3894901275634766
167 -3.3894896507263184
168 -3.3894896507263184
169 -3.3894896507263184
170 -3.4128620624542236
171 -3.4128620624542236
172 -3.4128620624542236
173 -3.4128620624542236
174 -3.4128620624542236
175 -3.0156431198120117
176 -3.0156431198120117
177 -3.183079957962036
178 -3.0156431198120117
179 -3.11324405670166
180 -3.571617603302002
181 -3.571617603302002
182 -3.571617603302002
183 -3.571617603302002
184 -3.571617603302002
185 -2.1887595653533936
186 -2.1887595653533936
187 -2.1887595653533936
188 -2.1887595653533936
189 -2.1887595653533936
190 -2.7058138847351074
191 -2.7058138847351074
192 -2.7058138847351074
193 -2.7058136463165283
194 -2.7058136463165283
195 -3.102077007293701
196 -3.102077007293701
197 -3.1020772457122803
198 -3.102077007293701
199 -3.1020772457122803
200 -2.924142837524414
201 -2.9241433143615723
202 -2.9241421222686768
203 -2.9207794666290283
204 -2.9241416454315186
205 -2.8291847705841064
206 -2.8291850090026855
207 -2.8081908226013184
208 -2.8610596656799316
209 -2.9655063152313232
210 -2.8172802925109863
211 -2.8172802925109863
212 -2.8172802925109863
213 -2.8172802925109863
214 -2.8172802925109863
215 -3.5061752796173096
216 -3.5061752796173096
217 -3.5061752796173096
218 -3.5061752796173096
219 -3.5061752796173096
220 -2.532466411590576
221 -2.532466411590576
222 -2.532466411590576
223 -2.532466411590576
224 -2.532466411590576
225 -3.3894896507263184
226 -3.3894901275634766
227 -3.3894896507263184
228 -3.3894896507263184
229 -3.3894896507263184
230 -3.4128620624542236
231 -3.4128620624542236
232 -3.412862539291382
233 -3.4128620624542236
234 -3.4128620624542236
235 -3.183079719543457
236 -3.0156431198120117
237 -3.183079719543457
238 -3.183079719543457
239 -3.183079719543457
240 -3.571617603302002
241 -3.571617603302002
242 -3.571617603302002
243 -3.571617603302002
244 -3.571617603302002
245 -2.1887595653533936
246 -2.1887595653533936
247 -2.1887595653533936
248 -2.1887595653533936
249 -2.1887595653533936
250 -2.7058138847351074
251 -2.7058141231536865
252 -2.7058141231536865
253 -2.7058138847351074
254 -2.7058141231536865
255 -3.108335494995117
256 -3.108335494995117
257 -3.108335494995117
258 -3.108335494995117
259 -3.108335494995117
260 -3.036081314086914
261 -2.8915975093841553
262 -3.098524570465088
263 -2.962592363357544
264 -2.9625918865203857
265 -2.8291847705841064
266 -2.8250417709350586
267 -2.937790870666504
268 -2.937790870666504
269 -2.8229665756225586
270 -2.8172802925109863
271 -2.8172802925109863
272 -2.8172802925109863
273 -2.8172802925109863
274 -2.8172802925109863
275 -3.5061752796173096
276 -3.5061752796173096
277 -3.5061752796173096
278 -3.5061752796173096
279 -3.5061752796173096
280 -2.5393786430358887
281 -2.5393781661987305
282 -2.5393781661987305
283 -2.5393786430358887
284 -2.5393781661987305
285 -3.3894896507263184
286 -3.3894896507263184
287 -3.3894901275634766
288 -3.3894901275634766
289 -3.3894896507263184
290 -3.0480356216430664
291 -3.0480356216430664
292 -3.0480356216430664
293 -3.0480356216430664
294 -3.0480356216430664
295 -3.0156428813934326
296 -3.061980724334717
297 -3.0156431198120117
298 -3.0156431198120117
299 -3.0156431198120117
300 -3.571617603302002
301 -3.571617603302002
302 -3.571617603302002
303 -3.571617603302002
304 -3.571617603302002
305 -2.1887593269348145
306 -2.1887595653533936
307 -2.1887593269348145
308 -2.1887593269348145
309 -2.1887593269348145
310 -2.7058136463165283
311 -2.7058138847351074
312 -2.7058136463165283
313 -2.705813407897949
314 -2.705813407897949
315 -2.8744444847106934
316 -2.8744444847106934
317 -2.8744444847106934
318 -2.8744444847106934
319 -2.8744444847106934
320 -3.0927906036376953
321 -3.0985240936279297
322 -3.171311855316162
323 -3.046079635620117
324 -3.185208797454834
325 -2.8291850090026855
326 -3.0605945587158203
327 -2.8291847705841064
328 -3.0605945587158203
329 -3.0814969539642334
330 -2.8172802925109863
331 -2.8172802925109863
332 -2.8172802925109863
333 -2.8172802925109863
334 -2.8172802925109863
335 -3.5061752796173096
336 -3.5061752796173096
337 -3.5061752796173096
338 -3.5061752796173096
339 -3.5061752796173096
340 -2.5553860664367676
341 -2.5553855895996094
342 -2.5553860664367676
343 -2.5553855895996094
344 -2.5553860664367676
345 -3.3894896507263184
346 -3.3894896507263184
347 -3.3894896507263184
348 -3.3894896507263184
349 -3.3894896507263184
350 -3.4128620624542236
351 -3.412862539291382
352 -3.4128620624542236
353 -3.4128620624542236
354 -3.412862539291382
355 -3.183079719543457
356 -3.183079719543457
357 -3.061980724334717
358 -3.183079719543457
359 -3.183079719543457
360 -3.571617603302002
361 -3.571617603302002
362 -3.571617603302002
363 -3.571617603302002
364 -3.571617603302002
365 -2.1887593269348145
366 -2.1887593269348145
367 -2.1887595653533936
368 -2.1887593269348145
369 -2.1887595653533936
370 -2.705813407897949
371 -2.705813407897949
372 -2.705813407897949
373 -2.705813407897949
374 -2.705813407897949
375 -2.8744444847106934
376 -2.8744444847106934
377 -2.8744444847106934
378 -2.8744444847106934
379 -2.8744444847106934
380 -2.87947416305542
381 -3.051288604736328
382 -2.951829671859741
383 -3.0798487663269043
384 -2.891597270965576
385 -2.8291850090026855
386 -3.1416351795196533
387 -2.8291847705841064
388 -2.8291850090026855
389 -2.8291854858398438
390 -2.8172802925109863
391 -2.8172802925109863
392 -2.8172802925109863
393 -2.8172802925109863
394 -2.8172802925109863
395 -3.5061752796173096
396 -3.5061752796173096
397 -3.5061752796173096
398 -3.5061752796173096
399 -3.5061752796173096
400 -2.5553860664367676
401 -2.5553860664367676
402 -2.5553860664367676
403 -2.5553860664367676
404 -2.5553860664367676
405 -3.3894896507263184
406 -3.3894896507263184
407 -3.3894896507263184
408 -3.3894896507263184
409 -3.3894896507263184
410 -3.102200746536255
411 -3.102200746536255
412 -3.102200746536255
413 -3.102200746536255
414 -3.102200746536255
415 -3.0156431198120117
416 -3.0156431198120117
417 -3.183079957962036
418 -3.0156431198120117
419 -3.183079957962036
420 -3.571617603302002
421 -3.571617603302002
422 -3.571617603302002
423 -3.571617603302002
424 -3.571617603302002
425 -2.1887595653533936
426 -2.1887595653533936
427 -2.1887595653533936
428 -2.1887595653533936
429 -2.1887595653533936
430 -2.7058138847351074
431 -2.7058136463165283
432 -2.7058136463165283
433 -2.7058136463165283
434 -2.7058136463165283
435 -2.8744444847106934
436 -2.8744444847106934
437 -2.8744442462921143
438 -2.8744444847106934
439 -2.8744444847106934
440 -3.0798487663269043
441 -3.0798487663269043
442 -2.87947416305542
443 -3.051288604736328
444 -2.891597270965576
445 -2.8291850090026855
446 -2.8291850090026855
447 -2.8291850090026855
448 -2.8291852474212646
449 -2.8291847705841064
450 -2.8172802925109863
451 -2.8172802925109863
452 -2.8172802925109863
453 -2.8172802925109863
454 -2.8172802925109863
455 -3.5061750411987305
456 -3.5061750411987305
457 -3.5061750411987305
458 -3.5061750411987305
459 -3.5061750411987305
460 -2.5553860664367676
461 -2.5553860664367676
462 -2.5553860664367676
463 -2.5553860664367676
464 -2.5553860664367676
465 -3.3894896507263184
466 -3.3894896507263184
467 -3.3894896507263184
468 -3.3894896507263184
469 -3.3894896507263184
470 -3.4128620624542236
471 -3.4128620624542236
472 -3.4128620624542236
473 -3.4128620624542236
474 -3.4128620624542236
475 -3.01564359664917
476 -3.01564359664917
477 -3.01564359664917
478 -3.01564359664917
479 -3.183079957962036
480 -3.571617603302002
481 -3.571617603302002
482 -3.571617603302002
483 -3.571617603302002
484 -3.571617603302002
485 -2.1887593269348145
486 -2.1887595653533936
487 -2.1887595653533936
488 -2.1887595653533936
489 -2.1887595653533936
490 -2.705813407897949
491 -2.705813407897949
492 -2.705813407897949
493 -2.70581316947937
494 -2.705813407897949
495 -2.8744444847106934
496 -2.8744444847106934
497 -2.8744444847106934
498 -2.8744444847106934
499 -2.8744444847106934
500 -3.098559617996216
501 -3.098559617996216
502 -3.098559856414795
503 -3.0635364055633545
504 -3.0635364055633545
505 -2.8291850090026855
506 -2.8291850090026855
507 -3.0011472702026367
508 -3.0471935272216797
509 -2.8291850090026855
510 -2.8172802925109863
511 -2.8172802925109863
512 -2.8172802925109863
513 -2.8172802925109863
514 -2.8172802925109863
515 -3.5061752796173096
516 -3.5061752796173096
517 -3.5061752796173096
518 -3.5061752796173096
519 -3.5061752796173096
520 -2.5553860664367676
521 -2.5553860664367676
522 -2.5553855895996094
523 -2.5553860664367676
524 -2.5553855895996094
525 -3.3894896507263184
526 -3.3894896507263184
527 -3.3894896507263184
528 -3.3894901275634766
529 -3.3894896507263184
530 -3.412862539291382
531 -3.412862539291382
532 -3.4128620624542236
533 -3.4128620624542236
534 -3.4128620624542236
535 -3.0619802474975586
536 -3.1830801963806152
537 -3.01564359664917
538 -3.1830801963806152
539 -3.015643835067749
540 -3.571617603302002
541 -3.571617603302002
542 -3.571617603302002
543 -3.571617603302002
544 -3.571617603302002
545 -2.1887593269348145
546 -2.1887595653533936
547 -2.1887595653533936
548 -2.1887595653533936
549 -2.1887593269348145
550 -2.7058136463165283
551 -2.7058136463165283
552 -2.705813407897949
553 -2.7058136463165283
554 -2.7058136463165283
555 -2.8744444847106934
556 -2.8744444847106934
557 -2.8744444847106934
558 -2.8744444847106934
559 -2.8744442462921143
560 -3.051288366317749
561 -3.039968490600586
562 -2.8794732093811035
563 -3.185209274291992
564 -2.9518299102783203
565 -3.0585455894470215
566 -2.8291850090026855
567 -2.937790870666504
568 -3.0019965171813965
569 -2.8291845321655273
570 -2.8172802925109863
571 -2.8172802925109863
572 -2.8172802925109863
573 -2.8172802925109863
574 -2.8172802925109863
575 -3.5061752796173096
576 -3.5061752796173096
577 -3.5061752796173096
578 -3.5061752796173096
579 -3.5061752796173096
580 -2.5553860664367676
581 -2.5553860664367676
582 -2.5553860664367676
583 -2.5553860664367676
584 -2.5553860664367676
585 -3.3894896507263184
586 -3.3894896507263184
587 -3.3894896507263184
588 -3.3894896507263184
589 -3.3894901275634766
590 -3.4128620624542236
591 -3.4128620624542236
592 -3.4128620624542236
593 -3.4128620624542236
594 -3.4128620624542236
595 -3.0156431198120117
596 -3.183079719543457
597 -3.061980724334717
598 -3.061980962753296
599 -3.183079957962036
