0 -3.5716137886047363
1 -3.5716137886047363
2 -3.5716137886047363
3 -3.5716137886047363
4 -3.5716137886047363
5 -3.165332555770874
6 -3.165332555770874
7 -3.165332794189453
8 -3.165332555770874
9 -3.165332794189453
10 -3.663147449493408
11 -3.6631479263305664
12 -3.6631479263305664
13 -3.663147449493408
14 -3.6631479263305664
15 -3.405518054962158
16 -3.405517101287842
17 -3.405517101287842
18 -3.405518054962158
19 -3.405517578125
20 -3.601703643798828
21 -3.60170316696167
22 -3.601703643798828
23 -3.601703643798828
24 -3.601703405380249
25 -3.605196714401245
26 -3.6211509704589844
27 -3.6212778091430664
28 -3.6055352687835693
29 -3.6212778091430664
30 -2.8210983276367188
31 -2.8210983276367188
32 -2.8210983276367188
33 -2.8210983276367188
34 -2.8210983276367188
35 -3.506993293762207
36 -3.506993293762207
37 -3.506993293762207
38 -3.506993293762207
39 -3.506993293762207
40 -3.231804847717285
41 -3.231804847717285
42 -3.231804847717285
43 -3.231804847717285
44 -3.231804847717285
45 -3.4498062133789062
46 -3.4498062133789062
47 -3.4498062133789062
48 -3.449805736541748
49 -3.4498062133789062
50 -3.6565439701080322
51 -3.6565439701080322
52 -3.6586408615112305
53 -3.6586410999298096
54 -3.6586406230926514
55 -3.633181571960449
56 -3.648916482925415
57 -3.633181571960449
58 -3.633181571960449
59 -3.648916721343994
60 -3.571617603302002
61 -3.571617603302002
62 -3.571617603302002
63 -3.571617603302002
64 -3.571617603302002
65 -3.165156602859497
66 -3.165156602859497
67 -3.165156364440918
68 -3.165156364440918
69 -3.165156602859497
70 -3.6634113788604736
71 -3.6634113788604736
72 -3.6631712913513184
73 -3.663411855697632
74 -3.6631712913513184
75 -3.423147678375244
76 -3.4231479167938232
77 -3.4231483936309814
78 -3.4231486320495605
79 -3.4231483936309814
80 -3.6016147136688232
81 -3.6016154289245605
82 -3.6016154289245605
83 -3.6016147136688232
84 -3.6016154289245605
85 -3.6210081577301025
86 -3.6209843158721924
87 -3.620875358581543
88 -3.6210179328918457
89 -3.6210081577301025
90 -2.821103096008301
91 -2.821103096008301
92 -2.821103096008301
93 -2.821103096008301
94 -2.821103096008301
95 -3.5070414543151855
96 -3.5070414543151855
97 -3.5070414543151855
98 -3.5070414543151855
99 -3.5070414543151855
100 -3.4776666164398193
101 -3.4776666164398193
102 -3.4776666164398193
103 -3.4776666164398193
104 -3.4776666164398193
105 -3.449769973754883
106 -3.449769973754883
107 -3.4497694969177246
108 -3.4497694969177246
109 -3.449769973754883
110 -3.656338691711426
111 -3.6563384532928467
112 -3.656338691711426
113 -3.656338691711426
114 -3.656338691711426
115 -3.6474802494049072
116 -3.643165111541748
117 -3.643164873123169
118 -3.647480010986328
119 -3.647480010986328
120 -3.571617603302002
121 -3.571617603302002
122 -3.571617603302002
123 -3.571617603302002
124 -3.571617603302002
125 -3.1651408672332764
126 -3.1651408672332764
127 -3.1651408672332764
128 -3.1651408672332764
129 -3.1651408672332764
130 -3.6631712913513184
131 -3.6632461547851562
132 -3.6632461547851562
133 -3.6631712913513184
134 -3.6631712913513184
135 -3.4231598377227783
136 -3.4231600761413574
137 -3.4231600761413574
138 -3.423161029815674
139 -3.4231598377227783
140 -3.5707573890686035
141 -3.6015448570251465
142 -3.570992946624756
143 -3.6015450954437256
144 -3.5707573890686035
145 -3.620936870574951
146 -3.6211776733398438
147 -3.6211776733398438
148 -3.620936870574951
149 -3.621089458465576
150 -2.821103096008301
151 -2.821103096008301
152 -2.821103096008301
153 -2.821103096008301
154 -2.821103096008301
155 -3.5070414543151855
156 -3.5070414543151855
157 -3.5070414543151855
158 -3.5070414543151855
159 -3.5070414543151855
160 -3.4776666164398193
161 -3.4776666164398193
162 -3.4776666164398193
163 -3.4776666164398193
164 -3.4776666164398193
165 -3.449769973754883
166 -3.449769973754883
167 -3.449769973754883
168 -3.449769973754883
169 -3.449769973754883
170 -3.656658172607422
171 -3.656658887863159
172 -3.656658411026001
173 -3.656658887863159
174 -3.656658411026001
175 -3.647479772567749
176 -3.6474802494049072
177 -3.64316463470459
178 -3.647479772567749
179 -3.638824701309204
180 -3.571617603302002
181 -3.571617603302002
182 -3.571617603302002
183 -3.571617603302002
184 -3.571617603302002
185 -3.1653213500976562
186 -3.1653213500976562
187 -3.1653213500976562
188 -3.1653213500976562
189 -3.1653213500976562
190 -3.6631712913513184
191 -3.6631715297698975
192 -3.6631712913513184
193 -3.6631712913513184
194 -3.6631712913513184
195 -3.423161029815674
196 -3.4231600761413574
197 -3.4231605529785156
198 -3.423161029815674
199 -3.423161029815674
200 -3.570992946624756
201 -3.570992946624756
202 -3.570993185043335
203 -3.6018126010894775
204 -3.570992946624756
205 -3.620936870574951
206 -3.620936870574951
207 -3.6207079887390137
208 -3.6210758686065674
209 -3.6210217475891113
210 -2.821103096008301
211 -2.821103096008301
212 -2.821103096008301
213 -2.821103096008301
214 -2.821103096008301
215 -3.5070414543151855
216 -3.5070414543151855
217 -3.5070414543151855
218 -3.5070414543151855
219 -3.5070414543151855
220 -3.477698564529419
221 -3.477698564529419
222 -3.477698564529419
223 -3.477698564529419
224 -3.477698564529419
225 -3.449769973754883
226 -3.4497694969177246
227 -3.4497694969177246
228 -3.449769973754883
229 -3.4497694969177246
230 -3.656658887863159
231 -3.656658887863159
232 -3.656658411026001
233 -3.656658411026001
234 -3.656658887863159
235 -3.64316463470459
236 -3.647480010986328
237 -3.64316463470459
238 -3.643164873123169
239 -3.64316463470459
240 -3.571617603302002
241 -3.571617603302002
242 -3.571617603302002
243 -3.571617603302002
244 -3.571617603302002
245 -3.1653213500976562
246 -3.1653213500976562
247 -3.1653213500976562
248 -3.1653213500976562
249 -3.1653213500976562
250 -3.6631715297698975
251 -3.6631715297698975
252 -3.6631715297698975
253 -3.6631715297698975
254 -3.6631715297698975
255 -3.4232234954833984
256 -3.4232234954833984
257 -3.4232234954833984
258 -3.4232234954833984
259 -3.4232230186462402
260 -3.6002399921417236
261 -3.5705578327178955
262 -3.5702877044677734
263 -3.570859670639038
264 -3.570859909057617
265 -3.620936870574951
266 -3.6210741996765137
267 -3.621089458465576
268 -3.621089458465576
269 -3.6211771965026855
270 -2.821103096008301
271 -2.821103096008301
272 -2.821103096008301
273 -2.821103096008301
274 -2.821103096008301
275 -3.5070414543151855
276 -3.5070414543151855
277 -3.5070414543151855
278 -3.5070414543151855
279 -3.5070414543151855
280 -3.4776668548583984
281 -3.4776666164398193
282 -3.4776666164398193
283 -3.4776668548583984
284 -3.4776666164398193
285 -3.449769973754883
286 -3.449769973754883
287 -3.4497694969177246
288 -3.449769973754883
289 -3.449770450592041
290 -3.6548843383789062
291 -3.6548845767974854
292 -3.6548843383789062
293 -3.6548845767974854
294 -3.6548843383789062
295 -3.647479772567749
296 -3.6466846466064453
297 -3.6474804878234863
298 -3.6474802494049072
299 -3.6474802494049072
300 -3.571617603302002
301 -3.571617603302002
302 -3.571617603302002
303 -3.571617603302002
304 -3.571617603302002
305 -3.165320634841919
306 -3.1653213500976562
307 -3.165320634841919
308 -3.165320634841919
309 -3.165320634841919
310 -3.6631715297698975
311 -3.6631715297698975
312 -3.6631715297698975
313 -3.6631715297698975
314 -3.6631715297698975
315 -3.4231700897216797
316 -3.4231700897216797
317 -3.4231696128845215
318 -3.4231696128845215
319 -3.423168897628784
320 -3.570852756500244
321 -3.5702879428863525
322 -3.570374011993408
323 -3.600250244140625
324 -3.588858127593994
325 -3.620936870574951
326 -3.620936393737793
327 -3.620936870574951
328 -3.620936155319214
329 -3.6210758686065674
330 -2.821103096008301
331 -2.821103096008301
332 -2.821103096008301
333 -2.821103096008301
334 -2.821103096008301
335 -3.5070414543151855
336 -3.5070414543151855
337 -3.5070414543151855
338 -3.5070414543151855
339 -3.5070414543151855
340 -3.2312381267547607
341 -3.2312381267547607
342 -3.2312381267547607
343 -3.2312381267547607
344 -3.2312381267547607
345 -3.449769973754883
346 -3.449769973754883
347 -3.4497694969177246
348 -3.4497694969177246
349 -3.449769973754883
350 -3.656658172607422
351 -3.656658887863159
352 -3.656658411026001
353 -3.656658887863159
354 -3.656658887863159
355 -3.64316463470459
356 -3.64316463470459
357 -3.6466851234436035
358 -3.643164873123169
359 -3.643164873123169
360 -3.571617603302002
361 -3.571617603302002
362 -3.571617603302002
363 -3.571617603302002
364 -3.571617603302002
365 -3.165320634841919
366 -3.165320634841919
367 -3.1653213500976562
368 -3.165320634841919
369 -3.1653213500976562
370 -3.6631715297698975
371 -3.6631710529327393
372 -3.6631715297698975
373 -3.6631710529327393
374 -3.6631710529327393
375 -3.4231696128845215
376 -3.4231696128845215
377 -3.423168897628784
378 -3.4231696128845215
379 -3.4231696128845215
380 -3.570767641067505
381 -3.570451259613037
382 -3.570971965789795
383 -3.5706686973571777
384 -3.5705578327178955
385 -3.620936393737793
386 -3.621119260787964
387 -3.620936393737793
388 -3.620936870574951
389 -3.620936870574951
390 -2.821103096008301
391 -2.821103096008301
392 -2.821103096008301
393 -2.821103096008301
394 -2.821103096008301
395 -3.5070414543151855
396 -3.5070414543151855
397 -3.5070414543151855
398 -3.5070414543151855
399 -3.5070414543151855
400 -3.23123836517334
401 -3.23123836517334
402 -3.23123836517334
403 -3.2312381267547607
404 -3.2312381267547607
405 -3.4497694969177246
406 -3.4497694969177246
407 -3.449769973754883
408 -3.449769973754883
409 -3.449769973754883
410 -3.6553680896759033
411 -3.6553680896759033
412 -3.6553680896759033
413 -3.6553680896759033
414 -3.6553680896759033
415 -3.647479772567749
416 -3.647480010986328
417 -3.643164873123169
418 -3.647480010986328
419 -3.643165111541748
420 -3.571617603302002
421 -3.571617603302002
422 -3.571617603302002
423 -3.571617603302002
424 -3.571617603302002
425 -3.1653213500976562
426 -3.1653213500976562
427 -3.1653213500976562
428 -3.1653213500976562
429 -3.1653213500976562
430 -3.6631712913513184
431 -3.6631715297698975
432 -3.6631715297698975
433 -3.6631712913513184
434 -3.6631712913513184
435 -3.4231696128845215
436 -3.4231693744659424
437 -3.4231696128845215
438 -3.4231693744659424
439 -3.423168897628784
440 -3.5706679821014404
441 -3.5706684589385986
442 -3.570767641067505
443 -3.570451259613037
444 -3.5705578327178955
445 -3.620936870574951
446 -3.620936870574951
447 -3.620936870574951
448 -3.620936870574951
449 -3.620936393737793
450 -2.821103096008301
451 -2.821103096008301
452 -2.821103096008301
453 -2.821103096008301
454 -2.821103096008301
455 -3.5070414543151855
456 -3.5070414543151855
457 -3.5070414543151855
458 -3.5070414543151855
459 -3.5070414543151855
460 -3.23123836517334
461 -3.23123836517334
462 -3.23123836517334
463 -3.2312381267547607
464 -3.2312381267547607
465 -3.4497694969177246
466 -3.449769973754883
467 -3.449769973754883
468 -3.449769973754883
469 -3.4497694969177246
470 -3.656658411026001
471 -3.656658887863159
472 -3.656658411026001
473 -3.656658887863159
474 -3.656658887863159
475 -3.647480010986328
476 -3.647480010986328
477 -3.647479772567749
478 -3.647479772567749
479 -3.643165111541748
480 -3.571617603302002
481 -3.571617603302002
482 -3.571617603302002
483 -3.571617603302002
484 -3.571617603302002
485 -3.165320634841919
486 -3.1653213500976562
487 -3.1653213500976562
488 -3.1653213500976562
489 -3.1653213500976562
490 -3.6631710529327393
491 -3.6631710529327393
492 -3.6631717681884766
493 -3.6631720066070557
494 -3.6631710529327393
495 -3.4231696128845215
496 -3.423168897628784
497 -3.4231696128845215
498 -3.4231696128845215
499 -3.4231700897216797
500 -3.5708165168762207
501 -3.570817232131958
502 -3.5708167552948
503 -3.5709304809570312
504 -3.5709307193756104
505 -3.620936870574951
506 -3.620936393737793
507 -3.6012682914733887
508 -3.620913505554199
509 -3.620936393737793
510 -2.821103096008301
511 -2.821103096008301
512 -2.821103096008301
513 -2.821103096008301
514 -2.821103096008301
515 -3.5070414543151855
516 -3.5070414543151855
517 -3.5070414543151855
518 -3.5070414543151855
519 -3.5070414543151855
520 -3.231238603591919
521 -3.231238603591919
522 -3.231238603591919
523 -3.231238603591919
524 -3.231238603591919
525 -3.449769973754883
526 -3.4497694969177246
527 -3.449769973754883
528 -3.449769973754883
529 -3.4497694969177246
530 -3.656658411026001
531 -3.656658411026001
532 -3.656658411026001
533 -3.656658887863159
534 -3.656658411026001
535 -3.6466846466064453
536 -3.64316463470459
537 -3.647480010986328
538 -3.64316463470459
539 -3.647480010986328
540 -3.571617603302002
541 -3.571617603302002
542 -3.571617603302002
543 -3.571617603302002
544 -3.571617603302002
545 -3.165320634841919
546 -3.1653213500976562
547 -3.1653213500976562
548 -3.1653213500976562
549 -3.165320634841919
550 -3.6631712913513184
551 -3.6631717681884766
552 -3.6631715297698975
553 -3.6631715297698975
554 -3.6631717681884766
555 -3.4231696128845215
556 -3.423168897628784
557 -3.4231696128845215
558 -3.4231696128845215
559 -3.4231700897216797
560 -3.570451259613037
561 -3.570566415786743
562 -3.5707671642303467
563 -3.588858127593994
564 -3.570972442626953
565 -3.620572090148926
566 -3.620936870574951
567 -3.621088981628418
568 -3.620997428894043
569 -3.620936870574951
570 -2.821103096008301
571 -2.821103096008301
572 -2.821103096008301
573 -2.821103096008301
574 -2.821103096008301
575 -3.5070414543151855
576 -3.5070414543151855
577 -3.5070414543151855
578 -3.5070414543151855
579 -3.5070414543151855
580 -3.23123836517334
581 -3.23123836517334
582 -3.23123836517334
583 -3.23123836517334
584 -3.2312381267547607
585 -3.4497694969177246
586 -3.4497694969177246
587 -3.4497694969177246
588 -3.4497694969177246
589 -3.449769973754883
590 -3.656658887863159
591 -3.656658887863159
592 -3.656658172607422
593 -3.656658887863159
594 -3.656658887863159
595 -3.647480010986328
596 -3.64316463470459
597 -3.6466846466064453
598 -3.6466851234436035
599 -3.6431643962860107
