# nbins 139 161 161
# width 4.0000E-2 1.9635E-2 1.9635E-2
# sigma 1.0000E-1 1.0000E-1 1.0000E-1
# cutoff_min 5.0000E-1 0.0000 0.0000
# cutoff_max 6.0000 3.1416 3.1416
# radius_distance_tol 1.5000 2.5000 3.0000 6.0000
# elements C  
# energies -9.0768
# best_energy_per_element 0.0000
# 3-body_norm 1.0420E-2
# 4-body_norm 3.3502E-3
# in_dataset_3body T
# in_dataset_4body T
# element_pairs C-C
# radii 7.6000E-1
# best_energy_per_pair 0.0000
# 2-body_norm 5.3107E-3
# in_dataset_2body T

# 2-body
# bond-length  C-C
  0.500000000       0.00000000    
  0.540000021       0.00000000    
  0.579999983       0.00000000    
  0.620000005       0.00000000    
  0.659999967       0.00000000    
  0.699999988       0.00000000    
  0.740000010       0.00000000    
  0.779999971       0.00000000    
  0.819999993       0.00000000    
  0.860000014       0.00000000    
  0.899999976       0.00000000    
  0.939999998       2.87680813E-08
  0.980000019       2.75708175E-07
   1.01999998       2.25916551E-06
   1.05999994       1.58232833E-05
   1.10000002       9.47103981E-05
   1.13999999       4.84349846E-04
   1.17999995       2.11594161E-03
   1.22000003       7.89516699E-03
   1.25999999       2.51573082E-02
   1.29999995       6.84473068E-02
   1.34000003      0.158995524    
   1.38000000      0.315282285    
   1.41999996      0.533651233    
   1.46000004      0.770935953    
   1.50000000      0.950481534    
   1.53999996       1.00000000    
   1.57999992      0.897750258    
   1.62000000      0.687670887    
   1.65999997      0.449415952    
   1.69999993      0.250572801    
   1.74000001      0.119182430    
   1.77999997       4.83575016E-02
   1.81999993       1.67365894E-02
   1.86000001       4.94084368E-03
   1.89999998       1.24408898E-03
   1.93999994       2.67238269E-04
   1.98000002       4.94925334E-05
   2.01999998       1.19993210E-05
   2.05999994       3.00863194E-05
   2.09999990       1.65563979E-04
   2.13999987       8.03051458E-04
   2.18000007       3.32378293E-03
   2.22000003       1.17308497E-02
   2.25999999       3.53037901E-02
   2.29999995       9.05937627E-02
   2.33999991      0.198221639    
   2.37999988      0.369803250    
   2.42000008      0.588233829    
   2.46000004      0.797773063    
   2.50000000      0.922481060    
   2.53999996      0.909507453    
   2.57999992      0.764864802    
   2.61999989      0.549834847    
   2.65999985      0.342033505    
   2.70000005      0.196399957    
   2.74000001      0.133539096    
   2.77999997      0.150760651    
   2.81999993      0.233413219    
   2.85999990      0.354610294    
   2.89999986      0.472257942    
   2.94000006      0.538836956    
   2.98000002      0.524554431    
   3.01999998      0.435371667    
   3.05999994      0.308040529    
   3.09999990      0.185793519    
   3.13999987       9.55528170E-02
   3.17999983       4.20362242E-02
   3.22000003       1.63896624E-02
   3.25999999       7.72534963E-03
   3.29999995       9.89928097E-03
   3.33999991       2.29944624E-02
   3.37999988       5.13650328E-02
   3.41999984       9.89242420E-02
   3.46000004      0.162566796    
   3.50000000      0.227783054    
   3.53999996      0.272258908    
   3.57999992      0.278158724    
   3.61999989      0.244674161    
   3.65999985      0.189930618    
   3.69999981      0.140183896    
   3.74000001      0.114936307    
   3.77999997      0.117972933    
   3.81999993      0.137872010    
   3.85999990      0.155852586    
   3.89999986      0.156476900    
   3.93999982      0.135538727    
   3.98000002      0.100502171    
   4.01999998       6.40092194E-02
   4.05999994       3.63560617E-02
   4.09999990       2.26149745E-02
   4.13999987       2.47872081E-02
   4.17999983       4.48253863E-02
   4.21999979       8.42345804E-02
   4.25999975      0.139652252    
   4.29999971      0.198700249    
   4.34000015      0.242420450    
   4.38000011      0.255922377    
   4.42000008      0.239901558    
   4.46000004      0.212032646    
   4.50000000      0.194958270    
   4.53999996      0.199751362    
   4.57999992      0.218148023    
   4.61999989      0.229579121    
   4.65999985      0.216939956    
   4.69999981      0.178373188    
   4.73999977      0.126741007    
   4.77999973       7.96758309E-02
   4.81999969       4.99509610E-02
   4.86000013       4.23933677E-02
   4.90000010       5.55649810E-02
   4.94000006       8.34536105E-02
   4.98000002      0.116116732    
   5.01999998      0.142212972    
   5.05999994      0.154790178    
   5.09999990      0.156228602    
   5.13999987      0.156345576    
   5.17999983      0.163418159    
   5.21999979      0.175776914    
   5.25999975      0.182333767    
   5.29999971      0.172122717    
   5.33999968      0.144272000    
   5.38000011      0.110065214    
   5.42000008       8.68421346E-02
   5.46000004       8.95610452E-02
   5.50000000      0.124326833    
   5.53999996      0.184322849    
   5.57999992      0.249313876    
   5.61999989      0.292317867    
   5.65999985      0.293270558    
   5.69999981      0.250983983    
   5.73999977      0.183094129    
   5.77999973      0.113836102    
   5.81999969       6.03178032E-02
   5.85999966       2.72374284E-02
   5.90000010       1.04817869E-02
   5.94000006       3.43765202E-03
   5.98000002       9.60817619E-04
   6.01999998       2.28861143E-04

# 3-body
# bond-angle  C  
   0.00000000       0.00000000    
   1.96349546E-02   0.00000000    
   3.92699093E-02   0.00000000    
   5.89048639E-02   0.00000000    
   7.85398185E-02   0.00000000    
   9.81747732E-02   0.00000000    
  0.117809728       0.00000000    
  0.137444675       0.00000000    
  0.157079637       0.00000000    
  0.176714599       0.00000000    
  0.196349546       0.00000000    
  0.215984493       0.00000000    
  0.235619456       0.00000000    
  0.255254418       0.00000000    
  0.274889350       0.00000000    
  0.294524312       0.00000000    
  0.314159274       0.00000000    
  0.333794236       0.00000000    
  0.353429198       0.00000000    
  0.373064131       0.00000000    
  0.392699093       0.00000000    
  0.412334055       0.00000000    
  0.431968987       0.00000000    
  0.451603949       0.00000000    
  0.471238911       0.00000000    
  0.490873873       0.00000000    
  0.510508835       0.00000000    
  0.530143797       0.00000000    
  0.549778700       0.00000000    
  0.569413662       0.00000000    
  0.589048624       0.00000000    
  0.608683586       0.00000000    
  0.628318548       0.00000000    
  0.647953510       0.00000000    
  0.667588472       0.00000000    
  0.687223434       0.00000000    
  0.706858397       0.00000000    
  0.726493299       0.00000000    
  0.746128261       0.00000000    
  0.765763223       0.00000000    
  0.785398185       0.00000000    
  0.805033147       0.00000000    
  0.824668109       0.00000000    
  0.844303071       0.00000000    
  0.863937974       0.00000000    
  0.883572936       0.00000000    
  0.903207898       0.00000000    
  0.922842860       0.00000000    
  0.942477822       0.00000000    
  0.962112784       0.00000000    
  0.981747746       0.00000000    
   1.00138271       0.00000000    
   1.02101767       0.00000000    
   1.04065263       0.00000000    
   1.06028759       0.00000000    
   1.07992256       0.00000000    
   1.09955740       0.00000000    
   1.11919236       0.00000000    
   1.13882732       0.00000000    
   1.15846229       0.00000000    
   1.17809725       0.00000000    
   1.19773221       0.00000000    
   1.21736717       0.00000000    
   1.23700213       0.00000000    
   1.25663710       0.00000000    
   1.27627206       0.00000000    
   1.29590702       0.00000000    
   1.31554198       0.00000000    
   1.33517694       6.45597211E-08
   1.35481191       1.96020594E-07
   1.37444687       5.72662998E-07
   1.39408183       1.60972877E-06
   1.41371679       4.35373931E-06
   1.43335164       1.13299138E-05
   1.45298660       2.83693771E-05
   1.47262156       6.83485850E-05
   1.49225652       1.58440671E-04
   1.51189148       3.53394105E-04
   1.53152645       7.58418522E-04
   1.55116141       1.56608457E-03
   1.57079637       3.11155710E-03
   1.59043133       5.94836054E-03
   1.61006629       1.09414076E-02
   1.62970126       1.93644669E-02
   1.64933622       3.29757556E-02
   1.66897118       5.40306494E-02
   1.68860614       8.51809606E-02
   1.70824111      0.129211530    
   1.72787595      0.188588649    
   1.74751091      0.264842391    
   1.76714587      0.357862324    
   1.78678083      0.465265810    
   1.80641580      0.582026780    
   1.82605076      0.700553119    
   1.84568572      0.811327040    
   1.86532068      0.904081047    
   1.88495564      0.969338417    
   1.90459061       1.00000000    
   1.92422557      0.992615640    
   1.94386053      0.948022664    
   1.96349549      0.871190250    
   1.98313046      0.770307243    
   2.00276542      0.655347109    
   2.02240038      0.536457419    
   2.04203534      0.422528386    
   2.06167030      0.320208579    
   2.08130527      0.233489141    
   2.10094023      0.163816258    
   2.12057519      0.110586897    
   2.14021015       7.18302205E-02
   2.15984511       4.48918119E-02
   2.17948008       2.69950237E-02
   2.19911480       1.56192305E-02
   2.21874976       8.69540032E-03
   2.23838472       4.65774955E-03
   2.25801969       2.40059546E-03
   2.27765465       1.19047076E-03
   2.29728961       5.68034884E-04
   2.31692457       2.60788162E-04
   2.33655953       1.15201219E-04
   2.35619450       4.89646809E-05
   2.37582946       2.00246650E-05
   2.39546442       7.87960562E-06
   2.41509938       2.98332316E-06
   2.43473434       1.08680626E-06
   2.45436931       3.80943874E-07
   2.47400427       1.28477339E-07
   2.49363923       0.00000000    
   2.51327419       0.00000000    
   2.53290915       0.00000000    
   2.55254412       0.00000000    
   2.57217908       0.00000000    
   2.59181404       0.00000000    
   2.61144900       0.00000000    
   2.63108397       0.00000000    
   2.65071893       0.00000000    
   2.67035389       0.00000000    
   2.68998885       0.00000000    
   2.70962381       0.00000000    
   2.72925878       0.00000000    
   2.74889374       0.00000000    
   2.76852870       0.00000000    
   2.78816366       0.00000000    
   2.80779862       0.00000000    
   2.82743359       0.00000000    
   2.84706831       0.00000000    
   2.86670327       0.00000000    
   2.88633823       0.00000000    
   2.90597320       0.00000000    
   2.92560816       0.00000000    
   2.94524312       0.00000000    
   2.96487808       0.00000000    
   2.98451304       0.00000000    
   3.00414801       0.00000000    
   3.02378297       0.00000000    
   3.04341793       0.00000000    
   3.06305289       0.00000000    
   3.08268785       0.00000000    
   3.10232282       0.00000000    
   3.12195778       0.00000000    
   3.14159274       0.00000000    

# 4-body
# dihedral-angle  C  
   0.00000000      0.347294152    
   1.96349546E-02  0.340663910    
   3.92699093E-02  0.321522981    
   5.89048639E-02  0.291982085    
   7.85398185E-02  0.255130351    
   9.81747732E-02  0.214505658    
  0.117809728      0.173544630    
  0.137444675      0.135129511    
  0.157079637      0.101310082    
  0.176714599       7.32264072E-02
  0.196349546       5.12051396E-02
  0.215984493       3.49712111E-02
  0.235619456       2.39043459E-02
  0.255254418       1.72794908E-02
  0.274889350       1.44487787E-02
  0.294524312       1.49448551E-02
  0.314159274       1.85032971E-02
  0.333794236       2.50140354E-02
  0.353429198       3.44200693E-02
  0.373064131       4.65879291E-02
  0.392699093       6.11789748E-02
  0.412334055       7.75533989E-02
  0.431968987       9.47367251E-02
  0.451603949      0.111469202    
  0.471238911      0.126339257    
  0.490873873      0.137982145    
  0.510508835      0.145300925    
  0.530143797      0.147658512    
  0.549778700      0.144989803    
  0.569413662      0.137803465    
  0.589048624      0.127073184    
  0.608683586      0.114045210    
  0.628318548      0.100014709    
  0.647953510       8.61264840E-02
  0.667588472       7.32443258E-02
  0.687223434       6.19128421E-02
  0.706858397       5.24073169E-02
  0.726493299       4.48471904E-02
  0.746128261       3.93377021E-02
  0.765763223       3.61029804E-02
  0.785398185       3.55805010E-02
  0.805033147       3.84555236E-02
  0.824668109       4.56230938E-02
  0.844303071       5.80718517E-02
  0.863937974       7.66941234E-02
  0.883572936      0.102039143    
  0.903207898      0.134044841    
  0.922842860      0.171803683    
  0.942477822      0.213429615    
  0.962112784      0.256091148    
  0.981747746      0.296248108    
   1.00138271      0.330084950    
   1.02101767      0.354074836    
   1.04065263      0.365562826    
   1.06028759      0.363235801    
   1.07992256      0.347362578    
   1.09955740      0.319745570    
   1.11919236      0.283393979    
   1.13882732      0.242004976    
   1.15846229      0.199376434    
   1.17809725      0.158882752    
   1.19773221      0.123115472    
   1.21736717       9.37354043E-02
   1.23700213       7.15300813E-02
   1.25663710       5.66257834E-02
   1.27627206       4.87854369E-02
   1.29590702       4.77184542E-02
   1.31554198       5.33404425E-02
   1.33517694       6.59324974E-02
   1.35481191       8.61641243E-02
   1.37444687      0.114959151    
   1.39408183      0.153206035    
   1.41371679      0.201346636    
   1.43335164      0.258916914    
   1.45298660      0.324152976    
   1.47262156      0.393785328    
   1.49225652      0.463139534    
   1.51189148      0.526587129    
   1.53152645      0.578310668    
   1.55116141      0.613238811    
   1.57079637      0.627942681    
   1.59043133      0.621268868    
   1.61006629      0.594538689    
   1.62970126      0.551260710    
   1.64933622      0.496432185    
   1.66897118      0.435613185    
   1.68860614      0.374014169    
   1.70824111      0.315803587    
   1.72787595      0.263772607    
   1.74751091      0.219376475    
   1.76714587      0.183083072    
   1.78678083      0.154886991    
   1.80641580      0.134845614    
   1.82605076      0.123506628    
   1.84568572      0.122142643    
   1.86532068      0.132748619    
   1.88495564      0.157792479    
   1.90459061      0.199736446    
   1.92422557      0.260377705    
   1.94386053      0.340098172    
   1.96349549      0.437160432    
   1.98313046      0.547226787    
   2.00276542      0.663284063    
   2.02240038      0.776104212    
   2.04203534      0.875266552    
   2.06167030      0.950610220    
   2.08130527      0.993850589    
   2.10094023       1.00000000    
   2.12057519      0.968254566    
   2.14021015      0.902120233    
   2.15984511      0.808747530    
   2.17948008      0.697642207    
   2.19911480      0.579073548    
   2.21874976      0.462538451    
   2.23838472      0.355610013    
   2.25801969      0.263323188    
   2.27765465      0.188132063    
   2.29728961      0.130321592    
   2.31692457       8.86826441E-02
   2.33655953       6.12538420E-02
   2.35619450       4.59692217E-02
   2.37582946       4.11113016E-02
   2.39546442       4.55306582E-02
   2.41509938       5.86382896E-02
   2.43473434       8.02097023E-02
   2.45436931      0.110059105    
   2.47400427      0.147659689    
   2.49363923      0.191797405    
   2.51327419      0.240349829    
   2.53290915      0.290269375    
   2.55254412      0.337810487    
   2.57217908      0.378987104    
   2.59181404      0.410173565    
   2.61144900      0.428719074    
   2.63108397      0.433414459    
   2.65071893      0.424686700    
   2.67035389      0.404463351    
   2.68998885      0.375737369    
   2.70962381      0.341951102    
   2.72925878      0.306361258    
   2.74889374      0.271540940    
   2.76852870      0.239125580    
   2.78816366      0.209827334    
   2.80779862      0.183668181    
   2.82743359      0.160329923    
   2.84706831      0.139507011    
   2.86670327      0.121168606    
   2.88633823      0.105684251    
   2.90597320       9.38020274E-02
   2.92560816       8.65111426E-02
   2.94524312       8.48292336E-02
   2.96487808       8.95585194E-02
   2.98451304      0.101048812    
   3.00414801      0.119001701    
   3.02378297      0.142349169    
   3.04341793      0.169239938    
   3.06305289      0.197158486    
   3.08268785      0.223183706    
   3.10232282      0.244362503    
   3.12195778      0.258139253    
   3.14159274      0.262755334    
