0 -3.5715737342834473
1 -3.5716137886047363
2 -3.571601629257202
3 -3.5715646743774414
4 -3.5716071128845215
5 -3.165262222290039
6 -3.165255546569824
7 -3.165269136428833
8 -3.1652917861938477
9 -3.165329933166504
10 -3.66312575340271
11 -3.663301467895508
12 -3.6631619930267334
13 -3.6631920337677
14 -3.663140296936035
15 -3.4232802391052246
16 -3.423161745071411
17 -3.4232535362243652
18 -3.423266887664795
19 -3.4232311248779297
20 -3.6017537117004395
21 -3.60186767578125
22 -3.570786714553833
23 -3.601868152618408
24 -3.6012871265411377
25 -3.600977897644043
26 -3.6211957931518555
27 -3.5955662727355957
28 -3.620948314666748
29 -3.6022825241088867
30 -2.8211100101470947
31 -2.821110725402832
32 -2.821110725402832
33 -2.821115016937256
34 -3.5069994926452637
35 -3.5069336891174316
36 -3.5070412158966064
37 -3.5070419311523438
38 -3.5069820880889893
39 -3.4776246547698975
40 -3.4777724742889404
41 -3.4776928424835205
42 -3.4776833057403564
43 -3.4776546955108643
44 -3.449794054031372
45 -3.449738025665283
46 -3.449769973754883
47 -3.4491772651672363
48 -3.410144090652466
49 -3.658144950866699
50 -3.658231019973755
51 -3.6554839611053467
52 -3.658294677734375
53 -3.6555182933807373
54 -3.647078275680542
55 -3.633833408355713
56 -3.6473610401153564
57 -3.6487560272216797
58 -3.645207405090332
59 -3.5716066360473633
60 -3.571591854095459
61 -3.5715723037719727
62 -3.5715365409851074
63 -3.571601390838623
64 -3.165334701538086
65 -3.1653339862823486
66 -3.165144920349121
67 -3.1652355194091797
68 -3.1651411056518555
69 -3.6631410121917725
70 -3.6629655361175537
71 -3.663173198699951
72 -3.66306734085083
73 -3.6630325317382812
74 -3.423147201538086
75 -3.4232115745544434
76 -3.4048163890838623
77 -3.4232356548309326
78 -3.4231674671173096
79 -3.6012415885925293
80 -3.5886664390563965
81 -3.5887813568115234
82 -3.6007113456726074
83 -3.6015117168426514
84 -3.6016225814819336
85 -3.6210451126098633
86 -3.6211137771606445
87 -3.620887279510498
88 -3.601086139678955
89 -2.8211164474487305
90 -2.8211114406585693
91 -2.8211236000061035
92 -2.8211116790771484
93 -2.821104049682617
94 -3.506964683532715
95 -3.506969928741455
96 -3.507002115249634
97 -3.5069947242736816
98 -3.507075786590576
99 -3.477771043777466
100 -3.477677583694458
101 -3.477642297744751
102 -3.477757215499878
103 -3.4777462482452393
104 -3.449610948562622
105 -3.4496567249298096
106 -3.4101009368896484
107 -3.410090923309326
108 -3.449756622314453
109 -3.6586387157440186
110 -3.6575567722320557
111 -3.6583492755889893
112 -3.6568098068237305
113 -3.4378535747528076
114 -3.650618076324463
115 -3.6476738452911377
116 -3.6451756954193115
117 -3.6481969356536865
118 -3.649754047393799
119 -3.571566581726074
120 -3.5715548992156982
121 -3.571608543395996
122 -3.5716090202331543
123 -3.5716123580932617
124 -3.165231704711914
125 -3.1653130054473877
126 -3.1653354167938232
127 -3.165278434753418
128 -3.1652252674102783
129 -3.663198232650757
130 -3.6632022857666016
131 -3.663227081298828
132 -3.66326904296875
133 -3.6632001399993896
134 -3.4231324195861816
135 -3.423191785812378
136 -3.4231905937194824
137 -3.423203229904175
138 -3.4231204986572266
139 -3.5886967182159424
140 -3.5886569023132324
141 -3.6014163494110107
142 -3.595672607421875
143 -3.601714611053467
144 -3.621384620666504
145 -3.6208043098449707
146 -3.620269298553467
147 -3.621347665786743
148 -3.6204164028167725
149 -2.821103096008301
150 -2.821106433868408
151 -2.8211076259613037
152 -2.821110725402832
153 -2.8211066722869873
154 -3.5070290565490723
155 -3.506957769393921
156 -3.506978988647461
157 -3.5070157051086426
158 -3.506938934326172
159 -3.4777047634124756
160 -3.4775590896606445
161 -3.4774255752563477
162 -3.4777040481567383
163 -3.4776298999786377
164 -3.410055160522461
165 -3.410698413848877
166 -3.4498143196105957
167 -3.449815273284912
168 -3.4498209953308105
169 -3.6587936878204346
170 -3.6587448120117188
171 -3.6567249298095703
172 -3.6550681591033936
173 -3.654385566711426
174 -3.649527072906494
175 -3.6492722034454346
176 -3.6477999687194824
177 -3.648940324783325
178 -3.6480488777160645
179 -3.571535587310791
180 -3.5716066360473633
181 -3.5715181827545166
182 -3.5715372562408447
183 -3.571579694747925
184 -3.165297746658325
185 -3.1653168201446533
186 -3.165308952331543
187 -3.1652920246124268
188 -3.165208101272583
189 -3.663252592086792
190 -3.663045883178711
191 -3.662928819656372
192 -3.663118362426758
193 -3.663126230239868
194 -3.405125379562378
195 -3.4232337474823
196 -3.4232592582702637
197 -3.423203229904175
198 -3.4232850074768066
199 -3.6008095741271973
200 -3.521301031112671
201 -3.60046648979187
202 -3.5887980461120605
203 -3.6016392707824707
204 -3.6210877895355225
205 -3.6208877563476562
206 -3.601016044616699
207 -3.621117115020752
208 -3.6211230754852295
209 -2.8210997581481934
210 -2.8211045265197754
211 -2.821103572845459
212 -2.821110486984253
213 -2.82112193107605
214 -3.5069754123687744
215 -3.2370011806488037
216 -3.506901741027832
217 -3.506981134414673
218 -3.5069808959960938
219 -3.477621078491211
220 -3.4775350093841553
221 -3.477742910385132
222 -3.4775514602661133
223 -3.4777023792266846
224 -3.410468578338623
225 -3.449805498123169
226 -3.4495978355407715
227 -3.4495997428894043
228 -3.4497013092041016
229 -3.658546209335327
230 -3.6583662033081055
231 -3.43792462348938
232 -3.658635139465332
233 -3.6561172008514404
234 -3.648381471633911
235 -3.645371198654175
236 -3.647125005722046
237 -3.644651174545288
238 -3.6511616706848145
239 -3.571537971496582
240 -3.5716021060943604
241 -3.5715770721435547
242 -3.571582794189453
243 -3.57161283493042
244 -3.1651439666748047
245 -3.1653287410736084
246 -3.1653289794921875
247 -3.1652355194091797
248 -3.165318489074707
249 -3.6631340980529785
250 -3.663149118423462
251 -3.663208484649658
252 -3.6630759239196777
253 -3.6633453369140625
254 -3.423130512237549
255 -3.4232821464538574
256 -3.4232406616210938
257 -3.423189878463745
258 -3.4232144355773926
259 -3.5887885093688965
260 -3.5888595581054688
261 -3.588564157485962
262 -3.6016578674316406
263 -3.6016387939453125
264 -3.6209890842437744
265 -3.6211280822753906
266 -3.621023416519165
267 -3.620927095413208
268 -3.6207706928253174
269 -2.8211069107055664
270 -2.821106195449829
271 -2.8211092948913574
272 -2.821110486984253
273 -2.82110595703125
274 -3.506960391998291
275 -3.5070579051971436
276 -3.507005453109741
277 -3.506970167160034
278 -3.5070786476135254
279 -3.477670431137085
280 -3.4776391983032227
281 -3.477750062942505
282 -3.477651357650757
283 -3.477656602859497
284 -3.44972562789917
285 -3.449836015701294
286 -3.4498019218444824
287 -3.44981050491333
288 -3.4497838020324707
289 -3.6572253704071045
290 -3.6567771434783936
291 -3.6562087535858154
292 -3.658716917037964
293 -3.6587390899658203
294 -3.6479268074035645
295 -3.6481635570526123
296 -3.648728370666504
297 -3.6473898887634277
298 -3.647622585296631
299 -3.571533679962158
300 -3.571546792984009
301 -3.571516990661621
302 -3.571552276611328
303 -3.5715560913085938
304 -3.165315628051758
305 -3.165273666381836
306 -3.1650781631469727
307 -3.165320634841919
308 -3.1652209758758545
309 -3.6631507873535156
310 -3.663123369216919
311 -3.6632328033447266
312 -3.6630353927612305
313 -3.663266181945801
314 -3.423229932785034
315 -3.4232497215270996
316 -3.4231762886047363
317 -3.423194408416748
318 -3.4232449531555176
319 -3.542591094970703
320 -3.5884361267089844
321 -3.6014201641082764
322 -3.5889384746551514
323 -3.5963692665100098
324 -3.6211133003234863
325 -3.601372241973877
326 -3.621105194091797
327 -3.621087074279785
328 -3.6211001873016357
329 -2.8211116790771484
330 -2.8211236000061035
331 -2.8211071491241455
332 -2.8211097717285156
333 -2.821110725402832
334 -3.5070667266845703
335 -3.5070650577545166
336 -3.5069448947906494
337 -3.507020950317383
338 -3.5070626735687256
339 -3.477693796157837
340 -3.477511167526245
341 -3.4776251316070557
342 -3.477647542953491
343 -3.4776527881622314
344 -3.449833393096924
345 -3.4496607780456543
346 -3.449829578399658
347 -3.4497978687286377
348 -3.4497222900390625
349 -3.658724546432495
350 -3.656863212585449
351 -3.6555280685424805
352 -3.6573476791381836
353 -3.656803846359253
354 -3.6504862308502197
355 -3.6462199687957764
356 -3.6470799446105957
357 -3.6482064723968506
358 -3.6499011516571045
359 -3.571528434753418
360 -3.5715649127960205
361 -3.5715556144714355
362 -3.571568489074707
363 -3.571613311767578
364 -3.165299654006958
365 -3.165337324142456
366 -3.165174722671509
367 -3.165334701538086
368 -3.1653263568878174
369 -3.663123369216919
370 -3.663120746612549
371 -3.663233518600464
372 -3.663114309310913
373 -3.6631903648376465
374 -3.4232096672058105
375 -3.4232144355773926
376 -3.423259735107422
377 -3.4232430458068848
378 -3.4232277870178223
379 -3.588846445083618
380 -3.601743698120117
381 -3.601738214492798
382 -3.601461887359619
383 -3.6018269062042236
384 -3.6023271083831787
385 -3.604292869567871
386 -3.620692253112793
387 -3.6210970878601074
388 -3.620875120162964
389 -2.821122407913208
390 -2.8211095333099365
391 -2.821120500564575
392 -2.8211092948913574
393 -2.8210980892181396
394 -3.506988525390625
395 -3.5069897174835205
396 -3.5069422721862793
397 -3.50697660446167
398 -3.5069658756256104
399 -3.477635383605957
400 -3.4775493144989014
401 -3.477656126022339
402 -3.4776804447174072
403 -3.477679967880249
404 -3.4497437477111816
405 -3.449737071990967
406 -3.449810743331909
407 -3.44970965385437
408 -3.4498074054718018
409 -3.6550092697143555
410 -3.6556437015533447
411 -3.6574223041534424
412 -3.6562278270721436
413 -3.6573069095611572
414 -3.647766351699829
415 -3.6444544792175293
416 -3.651012420654297
417 -3.6486966609954834
418 -3.648930311203003
419 -3.5716123580932617
420 -3.5715932846069336
421 -3.5715999603271484
422 -3.5715487003326416
423 -3.5715410709381104
424 -3.165248155593872
425 -3.1652328968048096
426 -3.165313720703125
427 -3.1653144359588623
428 -3.1652908325195312
429 -3.6630797386169434
430 -3.663153886795044
431 -3.663055896759033
432 -3.663238286972046
433 -3.663037061691284
434 -3.4232277870178223
435 -3.423287868499756
436 -3.4232265949249268
437 -3.4232802391052246
438 -3.4233062267303467
439 -3.6015186309814453
440 -3.5883774757385254
441 -3.601048707962036
442 -3.588533401489258
443 -3.5888476371765137
444 -3.6209139823913574
445 -3.601317882537842
446 -3.6210737228393555
447 -3.602903127670288
448 -3.6212081909179688
449 -2.8211147785186768
450 -2.8211169242858887
451 -2.8211116790771484
452 -2.8211073875427246
453 -2.8211052417755127
454 -3.5070817470550537
455 -3.5070643424987793
456 -3.507002830505371
457 -3.507037401199341
458 -3.5069737434387207
459 -3.4776904582977295
460 -3.477450370788574
461 -3.4776556491851807
462 -3.4777238368988037
463 -3.4776580333709717
464 -3.4098243713378906
465 -3.4497122764587402
466 -3.4497897624969482
467 -3.4496989250183105
468 -3.410076141357422
469 -3.6586272716522217
470 -3.658172845840454
471 -3.6586217880249023
472 -3.6574532985687256
473 -3.658724784851074
474 -3.647676944732666
475 -3.64694881439209
476 -3.6486964225769043
477 -3.648983955383301
478 -3.6486222743988037
479 -3.571537494659424
480 -3.5716047286987305
481 -3.571606159210205
482 -3.5715813636779785
483 -3.5716066360473633
484 -3.165332794189453
485 -3.1651909351348877
486 -3.165156126022339
487 -3.165264129638672
488 -3.165301561355591
489 -3.6628429889678955
490 -3.663175106048584
491 -3.6630678176879883
492 -3.663295269012451
493 -3.6631264686584473
494 -3.4232490062713623
495 -3.423257827758789
496 -3.4232800006866455
497 -3.2761752605438232
498 -3.405341625213623
499 -3.6018428802490234
500 -3.600865602493286
501 -3.6003100872039795
502 -3.6014208793640137
503 -3.5886521339416504
504 -3.6212480068206787
505 -3.621175527572632
506 -3.6212430000305176
507 -3.6211886405944824
508 -3.6210696697235107
509 -2.8211019039154053
510 -2.8211236000061035
511 -2.821113348007202
512 -2.8211114406585693
513 -2.8211183547973633
514 -3.506993055343628
515 -3.5070106983184814
516 -3.5069918632507324
517 -3.506911277770996
518 -3.5069985389709473
519 -3.4774725437164307
520 -3.4774391651153564
521 -3.477707624435425
522 -3.4775569438934326
523 -3.4776926040649414
524 -3.449596881866455
525 -3.4497921466827393
526 -3.449812412261963
527 -3.4497742652893066
528 -3.4101173877716064
529 -3.658343553543091
530 -3.6571319103240967
531 -3.658357858657837
532 -3.6584675312042236
533 -3.6588566303253174
534 -3.6479740142822266
535 -3.6467955112457275
536 -3.6481759548187256
537 -3.646355390548706
538 -3.6505000591278076
539 -3.5715155601501465
540 -3.5715277194976807
541 -3.571566343307495
542 -3.57155442237854
543 -3.571559190750122
544 -3.1653337478637695
545 -3.165255546569824
546 -3.165288209915161
547 -3.1653172969818115
548 -3.1653060913085938
549 -3.6631698608398438
550 -3.6628403663635254
551 -3.663219928741455
552 -3.6630711555480957
553 -3.6631996631622314
554 -3.4232311248779297
555 -3.4231314659118652
556 -3.423259735107422
557 -3.423229694366455
558 -3.4232242107391357
559 -3.6013972759246826
560 -3.588797092437744
561 -3.588625431060791
562 -3.601807117462158
563 -3.6017539501190186
564 -3.587599515914917
565 -3.6212871074676514
566 -3.6011037826538086
567 -3.620455741882324
568 -3.6012392044067383
569 -2.821107864379883
570 -2.821122407913208
571 -2.821120262145996
572 -2.821108818054199
573 -2.821113109588623
574 -3.506998300552368
575 -3.5070862770080566
576 -3.507005453109741
577 -3.5070178508758545
578 -3.507028341293335
579 -3.4777019023895264
580 -3.4776241779327393
581 -3.477546453475952
582 -3.4777071475982666
583 -3.477616310119629
584 -3.4106078147888184
585 -3.449702024459839
586 -3.4497134685516357
587 -3.4497013092041016
588 -3.449774980545044
589 -3.6547813415527344
590 -3.658632516860962
591 -3.6577682495117188
592 -3.658336639404297
593 -3.6571006774902344
594 -3.647768259048462
595 -3.648245334625244
596 -3.6459808349609375
597 -3.650453567504883
598 -3.6468560695648193
