0 -3.1223278045654297
1 -3.165367841720581
2 -3.3688735961914062
3 -2.915924072265625
4 -3.086672782897949
5 -2.512274742126465
6 -1.5830332040786743
7 -2.390540599822998
8 -1.9733883142471313
9 -1.5582908391952515
10 -2.8776254653930664
11 -2.006403923034668
12 -1.5425152778625488
13 -2.253321409225464
14 -2.9355692863464355
15 -2.394247055053711
16 -3.059859275817871
17 -2.874906301498413
18 -2.05293345451355
19 -2.9154462814331055
20 -2.6350340843200684
21 -2.7170567512512207
22 -2.3527767658233643
23 -2.532853364944458
24 -2.6076133251190186
25 -2.805731773376465
26 -2.483447551727295
27 -2.7018918991088867
28 -2.893831253051758
29 -2.6052565574645996
30 -2.261197090148926
31 -2.235705852508545
32 -2.4667398929595947
33 -2.459104299545288
34 -2.444833755493164
35 -2.3119258880615234
36 -3.1657638549804688
37 -1.8597662448883057
38 -2.584022045135498
39 -2.87628173828125
40 -2.4537487030029297
41 -2.3510842323303223
42 -2.298187732696533
43 -2.72672176361084
44 -2.2670185565948486
45 -2.219512701034546
46 -2.7460694313049316
47 -2.2652852535247803
48 -2.775045871734619
49 -3.0038909912109375
50 -3.3883464336395264
51 -2.815699577331543
52 -3.113633155822754
53 -3.3187904357910156
54 -2.78728985786438
55 -3.1688036918640137
56 -2.0739920139312744
57 -3.14272403717041
58 -3.057866096496582
59 -3.118558406829834
60 -3.3075613975524902
61 -3.350800037384033
62 -1.4321951866149902
63 -3.560385227203369
64 -2.844076156616211
65 -2.186021327972412
66 -2.670518159866333
67 -2.5125131607055664
68 -2.2707951068878174
69 -3.056222438812256
70 -2.1992075443267822
71 -3.0071475505828857
72 -1.9426641464233398
73 -2.635469436645508
74 -2.798546552658081
75 -1.8540239334106445
76 -2.9046339988708496
77 -2.6748132705688477
78 -2.1263747215270996
79 -3.102170705795288
80 -2.9776761531829834
81 -2.956470012664795
82 -3.2093405723571777
83 -2.8579812049865723
84 -2.6198670864105225
85 -2.988422393798828
86 -2.703007221221924
87 -2.8901453018188477
88 -3.0081605911254883
89 -2.077956199645996
90 -1.4461894035339355
91 -2.7277092933654785
92 -2.7669475078582764
93 -2.5406131744384766
94 -2.399561882019043
95 -2.559370994567871
96 -2.9589083194732666
97 -2.8295528888702393
98 -2.103182554244995
99 -2.8547680377960205
100 -2.623443126678467
101 -2.5576682090759277
102 -2.6511940956115723
103 -2.1437127590179443
104 -2.7441980838775635
105 -2.6304140090942383
106 -3.1445162296295166
107 -2.516078472137451
108 -1.8847863674163818
109 -2.700387954711914
110 -2.993661880493164
111 -2.930466890335083
112 -2.475925922393799
113 -2.6109771728515625
114 -3.0382750034332275
115 -2.515510320663452
116 -2.946455955505371
117 -2.7412259578704834
118 -2.3495914936065674
119 -2.5558764934539795
120 -3.5109806060791016
121 -3.4626927375793457
122 -3.4196348190307617
123 -1.8287780284881592
124 -2.8785698413848877
125 -2.2956337928771973
126 -2.3099846839904785
127 -1.99215567111969
128 -2.2881674766540527
129 -2.3129284381866455
130 -2.2558939456939697
131 -3.1151254177093506
132 -3.4104461669921875
133 -3.49592924118042
134 -1.9898021221160889
135 -2.624343156814575
136 -2.8592097759246826
137 -2.7041852474212646
138 -2.6894052028656006
139 -2.9931461811065674
140 -2.898425817489624
141 -2.5861175060272217
142 -3.1032843589782715
143 -2.8525052070617676
144 -3.064760446548462
145 -3.007263660430908
146 -2.4067776203155518
147 -2.7823147773742676
148 -2.5499014854431152
149 -2.2455687522888184
150 -2.378958225250244
151 -0.955754280090332
152 -2.282046318054199
153 -2.0667872428894043
154 -2.033504009246826
155 -0.6604359149932861
156 -2.542436122894287
157 -2.5156593322753906
158 -2.9786183834075928
159 -2.5444812774658203
160 -2.775461196899414
161 -1.7474323511123657
162 -3.304720640182495
163 -2.568509101867676
164 -2.5380051136016846
165 -3.014103889465332
166 -2.7560346126556396
167 -2.1622064113616943
168 -2.312378406524658
169 -2.856515884399414
170 -2.901303291320801
171 -2.715693235397339
172 -3.063877820968628
173 -2.7058286666870117
174 -2.8766884803771973
175 -2.549823760986328
176 -2.746889352798462
177 -1.7241723537445068
178 -2.963322639465332
179 -2.4964442253112793
180 -1.348257303237915
181 -3.543649673461914
182 -2.5646095275878906
183 -3.389735221862793
184 -2.2343404293060303
185 -2.55574369430542
186 -1.8742364645004272
187 -1.1664717197418213
188 -2.5352783203125
189 -3.3939149379730225
190 -2.043256998062134
191 -2.147183895111084
192 -3.3495466709136963
193 -2.3091254234313965
194 -2.9010205268859863
195 -2.766366481781006
196 -2.621443271636963
197 -2.939037561416626
198 -2.1814661026000977
199 -1.9805829524993896
200 -3.1630358695983887
201 -2.5496697425842285
202 -2.9787449836730957
203 -2.4164767265319824
204 -2.4055440425872803
205 -2.604382276535034
206 -1.9628815650939941
207 -2.243534803390503
208 -3.046964406967163
209 -2.7439451217651367
210 -1.9233803749084473
211 -2.2715420722961426
212 -2.6214303970336914
213 -2.5058228969573975
214 -3.257260799407959
215 -3.197385787963867
216 -2.913229465484619
217 -2.2244091033935547
218 -1.2715070247650146
219 -3.211199998855591
220 -2.168135404586792
221 -1.5385373830795288
222 -2.575784206390381
223 -2.9972028732299805
224 -1.924271583557129
225 -2.2601120471954346
226 -2.721038341522217
227 -2.533766984939575
228 -2.4594738483428955
229 -2.758084535598755
230 -2.500591278076172
231 -2.6222872734069824
232 -2.9951887130737305
233 -3.0496742725372314
234 -2.3608460426330566
235 -3.1168346405029297
236 -2.7452335357666016
237 -2.766483783721924
238 -2.5107078552246094
239 -3.5350379943847656
240 -3.559382915496826
241 -3.336364984512329
242 -3.4004709720611572
243 -3.4894051551818848
244 -1.8902019262313843
245 -2.268903970718384
246 -2.2432620525360107
247 -2.1788699626922607
248 -1.457511305809021
249 -3.2873950004577637
250 -3.3652095794677734
251 -3.4985527992248535
252 -2.946903944015503
253 -3.6284615993499756
254 -3.0166492462158203
255 -2.8599166870117188
256 -2.3936595916748047
257 -2.496683359146118
258 -2.9432060718536377
259 -2.7820091247558594
260 -2.0764076709747314
261 -2.429699420928955
262 -3.1997547149658203
263 -3.0617458820343018
264 -2.597076416015625
265 -2.8110270500183105
266 -2.7759299278259277
267 -2.4205098152160645
268 -3.1291685104370117
269 -2.520989179611206
270 -2.724789619445801
271 -2.6900200843811035
272 -2.2492804527282715
273 -0.4273834228515625
274 -2.333918333053589
275 -3.1866748332977295
276 -3.2426931858062744
277 -3.061244010925293
278 -3.1111719608306885
279 -3.046637535095215
280 -2.7771129608154297
281 -3.1049203872680664
282 -3.016192674636841
283 -2.7216567993164062
284 -2.2286548614501953
285 -2.950045347213745
286 -2.8511524200439453
287 -3.009096145629883
288 -2.907435655593872
289 -2.9365158081054688
290 -3.288485527038574
291 -3.36810040473938
292 -3.1481664180755615
293 -1.7477178573608398
294 -2.4776103496551514
295 -2.913133382797241
296 -3.0096776485443115
297 -2.5004138946533203
298 -3.033327102661133
299 -2.8365840911865234
300 -3.116942882537842
301 -3.2387380599975586
302 -3.253222942352295
303 -3.5187466144561768
304 -1.8950551748275757
305 -2.317615509033203
306 -1.873216152191162
307 -2.335902214050293
308 -2.280653238296509
309 -3.242250680923462
310 -2.8935484886169434
311 -1.3168160915374756
312 -1.439591646194458
313 -2.954509735107422
314 -2.1762852668762207
315 -2.2223165035247803
316 -2.9294941425323486
317 -2.921729326248169
318 -2.973097324371338
319 -2.36080002784729
320 -3.068431854248047
321 -2.787428617477417
322 -1.853271722793579
323 -2.540095806121826
324 -2.573835611343384
325 -3.053096055984497
326 -3.0032148361206055
327 -2.6963858604431152
328 -2.9170265197753906
329 -1.9633514881134033
330 -2.3769354820251465
331 1.6093988418579102
332 -2.5450210571289062
333 -2.393155097961426
334 -3.2253081798553467
335 -3.2154288291931152
336 -3.19797420501709
337 -2.4109067916870117
338 -3.4961235523223877
339 -2.179600477218628
340 -2.80359148979187
341 -1.7297415733337402
342 -3.0661659240722656
343 -3.0136497020721436
344 -2.1267495155334473
345 -2.4043145179748535
346 -3.1590869426727295
347 -2.3053276538848877
348 -2.810842514038086
349 -3.3364875316619873
350 -1.8057533502578735
351 -3.0873308181762695
352 -2.775540351867676
353 -2.939329147338867
354 -2.9159083366394043
355 -2.661668300628662
356 -2.72100830078125
357 -2.3181605339050293
358 -3.0553674697875977
359 -3.013093948364258
360 -3.463578462600708
361 -3.519132614135742
362 -3.3449857234954834
363 -3.144620895385742
364 -2.5846219062805176
365 -2.34769344329834
366 -2.4249682426452637
367 -2.196246385574341
368 -2.9708919525146484
369 -3.2212815284729004
370 -2.4769134521484375
371 -1.9154770374298096
372 -3.4195966720581055
373 -2.076773166656494
374 -2.818936824798584
375 -2.5888071060180664
376 -2.631887674331665
377 -3.17518949508667
378 -2.6625077724456787
379 -2.9859890937805176
380 -2.662837505340576
381 -3.181811809539795
382 -2.6112453937530518
383 -2.689830780029297
384 -2.83544921875
385 -3.0219998359680176
386 -2.463931083679199
387 -2.9232378005981445
388 -2.7393031120300293
389 -2.7279911041259766
390 -2.7477219104766846
391 -2.6473331451416016
392 -2.4664130210876465
393 -2.121089458465576
394 -3.2421321868896484
395 -3.204056739807129
396 -3.3157427310943604
397 -2.285722017288208
398 -3.1322717666625977
399 -2.5300192832946777
400 -3.263453483581543
401 -2.8483200073242188
402 -3.0006110668182373
403 -2.5668821334838867
404 -1.8997228145599365
405 -2.619873285293579
406 -3.179436445236206
407 -2.945141315460205
408 -3.050189733505249
409 -2.7070674896240234
410 -2.6763012409210205
411 -3.064995050430298
412 -2.643146514892578
413 -2.7392799854278564
414 -2.7240545749664307
415 -2.5727405548095703
416 -2.362593173980713
417 -2.7944977283477783
418 -2.771395206451416
419 -3.425962209701538
420 -3.2634315490722656
421 -3.5033700466156006
422 -3.530252456665039
423 -2.3768208026885986
424 -1.648145079612732
425 -2.0381948947906494
426 -2.258615255355835
427 -2.8656604290008545
428 -1.6976723670959473
429 -2.2475011348724365
430 -2.4670584201812744
431 -3.0673022270202637
432 -1.8741381168365479
433 -2.277043342590332
434 -2.4457643032073975
435 -2.409529447555542
436 -2.5072033405303955
437 -2.836387872695923
438 -2.5811264514923096
439 -3.0071468353271484
440 -2.3579487800598145
441 -2.929797649383545
442 -2.2699086666107178
443 -2.678323745727539
444 -2.565396308898926
445 -3.1483101844787598
446 -2.7126169204711914
447 -2.8992810249328613
448 -2.895735502243042
449 0.702822208404541
450 -2.3205111026763916
451 -2.100485324859619
452 0.3301506042480469
453 -2.768582344055176
454 -3.1558475494384766
455 -3.286822557449341
456 -2.506014823913574
457 -3.2633790969848633
458 -3.2205445766448975
459 -3.037851333618164
460 -2.541224479675293
461 -2.7991840839385986
462 -2.9636261463165283
463 -2.124723196029663
464 -2.7395646572113037
465 -2.246379852294922
466 -2.7355527877807617
467 -2.9526684284210205
468 -2.734341621398926
469 -2.891779661178589
470 -3.19819712638855
471 -3.041062116622925
472 -2.7896127700805664
473 -3.2167091369628906
474 -2.4048337936401367
475 -2.718597888946533
476 -2.9646472930908203
477 -3.0172109603881836
478 -2.738110065460205
479 -3.2305126190185547
480 -3.4525609016418457
481 -3.1749608516693115
482 -3.362288475036621
483 -3.039299488067627
484 -2.418508529663086
485 -2.4062657356262207
486 -2.209367036819458
487 -2.3041887283325195
488 -2.325557231903076
489 -2.9252238273620605
490 -3.186600923538208
491 -3.0085482597351074
492 -2.5034379959106445
493 -1.6974868774414062
494 -2.6145458221435547
495 -2.6898868083953857
496 -2.8421692848205566
497 -2.953110933303833
498 -2.2149364948272705
499 -2.7762374877929688
500 -2.873077392578125
501 -2.9149410724639893
502 -2.3248913288116455
503 -2.2754969596862793
504 -2.9864754676818848
505 -2.8499221801757812
506 -2.353415012359619
507 -2.755581855773926
508 -2.987649917602539
509 -2.6907849311828613
510 -2.449174165725708
511 -1.352220058441162
512 -2.3762123584747314
513 -2.244142770767212
514 -3.2728869915008545
515 -2.7205584049224854
516 -2.9443588256835938
517 -3.2231929302215576
518 -2.801555633544922
519 -2.4447693824768066
520 -2.428386688232422
521 -2.7432334423065186
522 -2.7949059009552
523 -2.9891252517700195
524 -2.8029470443725586
525 -1.7517223358154297
526 -2.650998115539551
527 -3.01375675201416
528 -2.286440134048462
529 -2.784844160079956
530 -2.7408058643341064
531 -2.1317975521087646
532 -2.9160966873168945
533 -2.8476905822753906
534 -3.0659351348876953
535 -2.231395959854126
536 -2.384233236312866
537 -2.4529480934143066
538 -3.020895004272461
539 -3.5397796630859375
540 -2.4467248916625977
541 -3.525326728820801
542 -3.523212432861328
543 -1.3266363143920898
544 -3.1129636764526367
545 -2.394577980041504
546 -1.5723289251327515
547 -2.13472056388855
548 -3.106764793395996
549 -2.9187822341918945
550 -3.5211257934570312
551 -2.907893180847168
552 -2.9469153881073
553 -2.892737627029419
554 -3.0138163566589355
555 -2.438732862472534
556 -2.1502580642700195
557 -2.765510320663452
558 -2.5590648651123047
559 -2.9051461219787598
560 -2.5054454803466797
561 -3.1924288272857666
562 -2.7089297771453857
563 -2.605177640914917
564 -2.7235584259033203
565 -2.9715442657470703
566 -2.964599609375
567 -2.537219524383545
568 -2.7087535858154297
569 -2.79177188873291
570 -2.0677261352539062
571 -2.2385969161987305
572 -2.238849639892578
573 -2.746641159057617
574 -3.3524062633514404
575 -3.234208106994629
576 -2.688282012939453
577 -2.862269878387451
578 -3.1046805381774902
579 -3.0747108459472656
580 -1.340471625328064
581 -3.200716733932495
582 -2.621211051940918
583 -3.2438411712646484
584 -3.255704402923584
585 -3.0072662830352783
586 -2.937238931655884
587 -3.171700954437256
588 -2.8238792419433594
589 -2.792051315307617
590 -2.84759783744812
591 -3.081390380859375
592 -2.5680551528930664
593 -3.006972074508667
594 -2.912968397140503
595 -2.346454381942749
596 -2.6531105041503906
597 -3.0380592346191406
598 -2.528102397918701
