# nbins 139 161 161
# width 4.0000E-2 1.9635E-2 1.9635E-2
# sigma 1.0000E-1 1.0000E-1 1.0000E-1
# cutoff_min 5.0000E-1 0.0000 0.0000
# cutoff_max 6.0000 3.1416 3.1416
# radius_distance_tol 1.5000 0.0000 0.0000 0.0000
# elements C  
# energies -9.0768
# best_energy_per_element 0.0000
# 3-body_norm 6.2112E-3
# 4-body_norm 6.2112E-3
# in_dataset_3body F
# in_dataset_4body F
# element_pairs C-C
# radii 7.6000E-1
# best_energy_per_pair 0.0000
# 2-body_norm 5.3107E-3
# in_dataset_2body T

# 2-body
# bond-length  C-C
  0.500000000       0.00000000    
  0.540000021       0.00000000    
  0.579999983       0.00000000    
  0.620000005       0.00000000    
  0.659999967       0.00000000    
  0.699999988       0.00000000    
  0.740000010       0.00000000    
  0.779999971       0.00000000    
  0.819999993       0.00000000    
  0.860000014       0.00000000    
  0.899999976       0.00000000    
  0.939999998       2.87680795E-08
  0.980000019       2.75708146E-07
   1.01999998       2.25916529E-06
   1.05999994       1.58232815E-05
   1.10000002       9.47103836E-05
   1.13999999       4.84349817E-04
   1.17999995       2.11594137E-03
   1.22000003       7.89516699E-03
   1.25999999       2.51573063E-02
   1.29999995       6.84472993E-02
   1.34000003      0.158995509    
   1.38000000      0.315282285    
   1.41999996      0.533651173    
   1.46000004      0.770935893    
   1.50000000      0.950481415    
   1.53999996       1.00000000    
   1.57999992      0.897750199    
   1.62000000      0.687670827    
   1.65999997      0.449415922    
   1.69999993      0.250572801    
   1.74000001      0.119182423    
   1.77999997       4.83575016E-02
   1.81999993       1.67365875E-02
   1.86000001       4.94084321E-03
   1.89999998       1.24408898E-03
   1.93999994       2.67238240E-04
   1.98000002       4.94925298E-05
   2.01999998       1.19993201E-05
   2.05999994       3.00863176E-05
   2.09999990       1.65563979E-04
   2.13999987       8.03051342E-04
   2.18000007       3.32378270E-03
   2.22000003       1.17308488E-02
   2.25999999       3.53037901E-02
   2.29999995       9.05937478E-02
   2.33999991      0.198221624    
   2.37999988      0.369803190    
   2.42000008      0.588233769    
   2.46000004      0.797773123    
   2.50000000      0.922481000    
   2.53999996      0.909507394    
   2.57999992      0.764864802    
   2.61999989      0.549834788    
   2.65999985      0.342033505    
   2.70000005      0.196399942    
   2.74000001      0.133539096    
   2.77999997      0.150760651    
   2.81999993      0.233413219    
   2.85999990      0.354610264    
   2.89999986      0.472257942    
   2.94000006      0.538836896    
   2.98000002      0.524554372    
   3.01999998      0.435371637    
   3.05999994      0.308040500    
   3.09999990      0.185793519    
   3.13999987       9.55528170E-02
   3.17999983       4.20362242E-02
   3.22000003       1.63896624E-02
   3.25999999       7.72534916E-03
   3.29999995       9.89928003E-03
   3.33999991       2.29944624E-02
   3.37999988       5.13650253E-02
   3.41999984       9.89242494E-02
   3.46000004      0.162566796    
   3.50000000      0.227783054    
   3.53999996      0.272258908    
   3.57999992      0.278158724    
   3.61999989      0.244674146    
   3.65999985      0.189930588    
   3.69999981      0.140183881    
   3.74000001      0.114936300    
   3.77999997      0.117972933    
   3.81999993      0.137871996    
   3.85999990      0.155852571    
   3.89999986      0.156476885    
   3.93999982      0.135538712    
   3.98000002      0.100502163    
   4.01999998       6.40092120E-02
   4.05999994       3.63560580E-02
   4.09999990       2.26149745E-02
   4.13999987       2.47872062E-02
   4.17999983       4.48253788E-02
   4.21999979       8.42345729E-02
   4.25999975      0.139652237    
   4.29999971      0.198700234    
   4.34000015      0.242420435    
   4.38000011      0.255922347    
   4.42000008      0.239901513    
   4.46000004      0.212032646    
   4.50000000      0.194958255    
   4.53999996      0.199751347    
   4.57999992      0.218148008    
   4.61999989      0.229579091    
   4.65999985      0.216939941    
   4.69999981      0.178373188    
   4.73999977      0.126741007    
   4.77999973       7.96758235E-02
   4.81999969       4.99509573E-02
   4.86000013       4.23933640E-02
   4.90000010       5.55649772E-02
   4.94000006       8.34536031E-02
   4.98000002      0.116116717    
   5.01999998      0.142212942    
   5.05999994      0.154790163    
   5.09999990      0.156228587    
   5.13999987      0.156345576    
   5.17999983      0.163418144    
   5.21999979      0.175776899    
   5.25999975      0.182333738    
   5.29999971      0.172122702    
   5.33999968      0.144272000    
   5.38000011      0.110065207    
   5.42000008       8.68421271E-02
   5.46000004       8.95610303E-02
   5.50000000      0.124326825    
   5.53999996      0.184322849    
   5.57999992      0.249313861    
   5.61999989      0.292317837    
   5.65999985      0.293270558    
   5.69999981      0.250983953    
   5.73999977      0.183094114    
   5.77999973      0.113836087    
   5.81999969       6.03177994E-02
   5.85999966       2.72374284E-02
   5.90000010       1.04817851E-02
   5.94000006       3.43765179E-03
   5.98000002       9.60817561E-04
   6.01999998       2.28861129E-04

# 3-body
# bond-angle  C  
   0.00000000       1.00000000    
   1.96349546E-02   1.00000000    
   3.92699093E-02   1.00000000    
   5.89048639E-02   1.00000000    
   7.85398185E-02   1.00000000    
   9.81747732E-02   1.00000000    
  0.117809728       1.00000000    
  0.137444675       1.00000000    
  0.157079637       1.00000000    
  0.176714599       1.00000000    
  0.196349546       1.00000000    
  0.215984493       1.00000000    
  0.235619456       1.00000000    
  0.255254418       1.00000000    
  0.274889350       1.00000000    
  0.294524312       1.00000000    
  0.314159274       1.00000000    
  0.333794236       1.00000000    
  0.353429198       1.00000000    
  0.373064131       1.00000000    
  0.392699093       1.00000000    
  0.412334055       1.00000000    
  0.431968987       1.00000000    
  0.451603949       1.00000000    
  0.471238911       1.00000000    
  0.490873873       1.00000000    
  0.510508835       1.00000000    
  0.530143797       1.00000000    
  0.549778700       1.00000000    
  0.569413662       1.00000000    
  0.589048624       1.00000000    
  0.608683586       1.00000000    
  0.628318548       1.00000000    
  0.647953510       1.00000000    
  0.667588472       1.00000000    
  0.687223434       1.00000000    
  0.706858397       1.00000000    
  0.726493299       1.00000000    
  0.746128261       1.00000000    
  0.765763223       1.00000000    
  0.785398185       1.00000000    
  0.805033147       1.00000000    
  0.824668109       1.00000000    
  0.844303071       1.00000000    
  0.863937974       1.00000000    
  0.883572936       1.00000000    
  0.903207898       1.00000000    
  0.922842860       1.00000000    
  0.942477822       1.00000000    
  0.962112784       1.00000000    
  0.981747746       1.00000000    
   1.00138271       1.00000000    
   1.02101767       1.00000000    
   1.04065263       1.00000000    
   1.06028759       1.00000000    
   1.07992256       1.00000000    
   1.09955740       1.00000000    
   1.11919236       1.00000000    
   1.13882732       1.00000000    
   1.15846229       1.00000000    
   1.17809725       1.00000000    
   1.19773221       1.00000000    
   1.21736717       1.00000000    
   1.23700213       1.00000000    
   1.25663710       1.00000000    
   1.27627206       1.00000000    
   1.29590702       1.00000000    
   1.31554198       1.00000000    
   1.33517694       1.00000000    
   1.35481191       1.00000000    
   1.37444687       1.00000000    
   1.39408183       1.00000000    
   1.41371679       1.00000000    
   1.43335164       1.00000000    
   1.45298660       1.00000000    
   1.47262156       1.00000000    
   1.49225652       1.00000000    
   1.51189148       1.00000000    
   1.53152645       1.00000000    
   1.55116141       1.00000000    
   1.57079637       1.00000000    
   1.59043133       1.00000000    
   1.61006629       1.00000000    
   1.62970126       1.00000000    
   1.64933622       1.00000000    
   1.66897118       1.00000000    
   1.68860614       1.00000000    
   1.70824111       1.00000000    
   1.72787595       1.00000000    
   1.74751091       1.00000000    
   1.76714587       1.00000000    
   1.78678083       1.00000000    
   1.80641580       1.00000000    
   1.82605076       1.00000000    
   1.84568572       1.00000000    
   1.86532068       1.00000000    
   1.88495564       1.00000000    
   1.90459061       1.00000000    
   1.92422557       1.00000000    
   1.94386053       1.00000000    
   1.96349549       1.00000000    
   1.98313046       1.00000000    
   2.00276542       1.00000000    
   2.02240038       1.00000000    
   2.04203534       1.00000000    
   2.06167030       1.00000000    
   2.08130527       1.00000000    
   2.10094023       1.00000000    
   2.12057519       1.00000000    
   2.14021015       1.00000000    
   2.15984511       1.00000000    
   2.17948008       1.00000000    
   2.19911480       1.00000000    
   2.21874976       1.00000000    
   2.23838472       1.00000000    
   2.25801969       1.00000000    
   2.27765465       1.00000000    
   2.29728961       1.00000000    
   2.31692457       1.00000000    
   2.33655953       1.00000000    
   2.35619450       1.00000000    
   2.37582946       1.00000000    
   2.39546442       1.00000000    
   2.41509938       1.00000000    
   2.43473434       1.00000000    
   2.45436931       1.00000000    
   2.47400427       1.00000000    
   2.49363923       1.00000000    
   2.51327419       1.00000000    
   2.53290915       1.00000000    
   2.55254412       1.00000000    
   2.57217908       1.00000000    
   2.59181404       1.00000000    
   2.61144900       1.00000000    
   2.63108397       1.00000000    
   2.65071893       1.00000000    
   2.67035389       1.00000000    
   2.68998885       1.00000000    
   2.70962381       1.00000000    
   2.72925878       1.00000000    
   2.74889374       1.00000000    
   2.76852870       1.00000000    
   2.78816366       1.00000000    
   2.80779862       1.00000000    
   2.82743359       1.00000000    
   2.84706831       1.00000000    
   2.86670327       1.00000000    
   2.88633823       1.00000000    
   2.90597320       1.00000000    
   2.92560816       1.00000000    
   2.94524312       1.00000000    
   2.96487808       1.00000000    
   2.98451304       1.00000000    
   3.00414801       1.00000000    
   3.02378297       1.00000000    
   3.04341793       1.00000000    
   3.06305289       1.00000000    
   3.08268785       1.00000000    
   3.10232282       1.00000000    
   3.12195778       1.00000000    
   3.14159274       1.00000000    

# 4-body
# dihedral-angle  C  
   0.00000000       1.00000000    
   1.96349546E-02   1.00000000    
   3.92699093E-02   1.00000000    
   5.89048639E-02   1.00000000    
   7.85398185E-02   1.00000000    
   9.81747732E-02   1.00000000    
  0.117809728       1.00000000    
  0.137444675       1.00000000    
  0.157079637       1.00000000    
  0.176714599       1.00000000    
  0.196349546       1.00000000    
  0.215984493       1.00000000    
  0.235619456       1.00000000    
  0.255254418       1.00000000    
  0.274889350       1.00000000    
  0.294524312       1.00000000    
  0.314159274       1.00000000    
  0.333794236       1.00000000    
  0.353429198       1.00000000    
  0.373064131       1.00000000    
  0.392699093       1.00000000    
  0.412334055       1.00000000    
  0.431968987       1.00000000    
  0.451603949       1.00000000    
  0.471238911       1.00000000    
  0.490873873       1.00000000    
  0.510508835       1.00000000    
  0.530143797       1.00000000    
  0.549778700       1.00000000    
  0.569413662       1.00000000    
  0.589048624       1.00000000    
  0.608683586       1.00000000    
  0.628318548       1.00000000    
  0.647953510       1.00000000    
  0.667588472       1.00000000    
  0.687223434       1.00000000    
  0.706858397       1.00000000    
  0.726493299       1.00000000    
  0.746128261       1.00000000    
  0.765763223       1.00000000    
  0.785398185       1.00000000    
  0.805033147       1.00000000    
  0.824668109       1.00000000    
  0.844303071       1.00000000    
  0.863937974       1.00000000    
  0.883572936       1.00000000    
  0.903207898       1.00000000    
  0.922842860       1.00000000    
  0.942477822       1.00000000    
  0.962112784       1.00000000    
  0.981747746       1.00000000    
   1.00138271       1.00000000    
   1.02101767       1.00000000    
   1.04065263       1.00000000    
   1.06028759       1.00000000    
   1.07992256       1.00000000    
   1.09955740       1.00000000    
   1.11919236       1.00000000    
   1.13882732       1.00000000    
   1.15846229       1.00000000    
   1.17809725       1.00000000    
   1.19773221       1.00000000    
   1.21736717       1.00000000    
   1.23700213       1.00000000    
   1.25663710       1.00000000    
   1.27627206       1.00000000    
   1.29590702       1.00000000    
   1.31554198       1.00000000    
   1.33517694       1.00000000    
   1.35481191       1.00000000    
   1.37444687       1.00000000    
   1.39408183       1.00000000    
   1.41371679       1.00000000    
   1.43335164       1.00000000    
   1.45298660       1.00000000    
   1.47262156       1.00000000    
   1.49225652       1.00000000    
   1.51189148       1.00000000    
   1.53152645       1.00000000    
   1.55116141       1.00000000    
   1.57079637       1.00000000    
   1.59043133       1.00000000    
   1.61006629       1.00000000    
   1.62970126       1.00000000    
   1.64933622       1.00000000    
   1.66897118       1.00000000    
   1.68860614       1.00000000    
   1.70824111       1.00000000    
   1.72787595       1.00000000    
   1.74751091       1.00000000    
   1.76714587       1.00000000    
   1.78678083       1.00000000    
   1.80641580       1.00000000    
   1.82605076       1.00000000    
   1.84568572       1.00000000    
   1.86532068       1.00000000    
   1.88495564       1.00000000    
   1.90459061       1.00000000    
   1.92422557       1.00000000    
   1.94386053       1.00000000    
   1.96349549       1.00000000    
   1.98313046       1.00000000    
   2.00276542       1.00000000    
   2.02240038       1.00000000    
   2.04203534       1.00000000    
   2.06167030       1.00000000    
   2.08130527       1.00000000    
   2.10094023       1.00000000    
   2.12057519       1.00000000    
   2.14021015       1.00000000    
   2.15984511       1.00000000    
   2.17948008       1.00000000    
   2.19911480       1.00000000    
   2.21874976       1.00000000    
   2.23838472       1.00000000    
   2.25801969       1.00000000    
   2.27765465       1.00000000    
   2.29728961       1.00000000    
   2.31692457       1.00000000    
   2.33655953       1.00000000    
   2.35619450       1.00000000    
   2.37582946       1.00000000    
   2.39546442       1.00000000    
   2.41509938       1.00000000    
   2.43473434       1.00000000    
   2.45436931       1.00000000    
   2.47400427       1.00000000    
   2.49363923       1.00000000    
   2.51327419       1.00000000    
   2.53290915       1.00000000    
   2.55254412       1.00000000    
   2.57217908       1.00000000    
   2.59181404       1.00000000    
   2.61144900       1.00000000    
   2.63108397       1.00000000    
   2.65071893       1.00000000    
   2.67035389       1.00000000    
   2.68998885       1.00000000    
   2.70962381       1.00000000    
   2.72925878       1.00000000    
   2.74889374       1.00000000    
   2.76852870       1.00000000    
   2.78816366       1.00000000    
   2.80779862       1.00000000    
   2.82743359       1.00000000    
   2.84706831       1.00000000    
   2.86670327       1.00000000    
   2.88633823       1.00000000    
   2.90597320       1.00000000    
   2.92560816       1.00000000    
   2.94524312       1.00000000    
   2.96487808       1.00000000    
   2.98451304       1.00000000    
   3.00414801       1.00000000    
   3.02378297       1.00000000    
   3.04341793       1.00000000    
   3.06305289       1.00000000    
   3.08268785       1.00000000    
   3.10232282       1.00000000    
   3.12195778       1.00000000    
   3.14159274       1.00000000    
