0 -7.874802589416504
1 -8.700008392333984
2 -9.182032585144043
3 -9.069253921508789
4 -8.445944786071777
5 -8.363354682922363
6 -8.707109451293945
7 -8.55386734008789
8 -8.584236145019531
9 -8.691285133361816
10 -8.215776443481445
11 -9.182581901550293
12 -8.177414894104004
13 -9.180092811584473
14 -8.224401473999023
15 -8.172952651977539
16 -9.137910842895508
17 -8.710933685302734
18 -8.532837867736816
19 -8.426910400390625
20 -8.48315715789795
21 -9.181977272033691
22 -8.255414962768555
23 -8.019391059875488
24 -7.653284549713135
25 -8.176793098449707
26 -8.701663970947266
27 -8.552902221679688
28 -8.706374168395996
29 -8.01476001739502
30 -8.046297073364258
31 -8.703105926513672
32 -7.919553756713867
33 -8.329421997070312
34 -9.138045310974121
35 -8.290478706359863
36 -8.58635425567627
37 -8.705853462219238
38 -8.175359725952148
39 -8.535114288330078
40 -8.534997940063477
41 -9.138113021850586
42 -8.224552154541016
43 -8.553948402404785
44 -8.046698570251465
45 -7.909087181091309
46 -8.191583633422852
47 -9.181910514831543
48 -8.176012992858887
49 -8.189706802368164
50 -9.137493133544922
51 -7.965442180633545
52 -8.55647087097168
53 -8.529834747314453
54 -9.138099670410156
55 -7.9139084815979
56 -9.138030052185059
57 -8.554851531982422
58 -8.555729866027832
59 -9.178314208984375
60 -9.18213939666748
61 -9.181699752807617
62 -8.530017852783203
63 -9.18213939666748
64 -8.332253456115723
65 -9.18088150024414
66 -8.036388397216797
67 -8.55441665649414
68 -9.138090133666992
69 -8.150213241577148
70 -8.534530639648438
71 -7.759971618652344
72 -8.177231788635254
73 -8.07270622253418
74 -8.176338195800781
75 -7.803803443908691
76 -7.741310119628906
77 -8.531538963317871
78 -8.373177528381348
79 -8.702783584594727
80 -8.58495807647705
81 -9.182279586791992
82 -8.281750679016113
83 -7.769044399261475
84 -8.33297348022461
85 -8.554762840270996
86 -9.180364608764648
87 -7.689544677734375
88 -9.182299613952637
89 -9.182339668273926
90 -8.17989444732666
91 -8.554941177368164
92 -7.766148090362549
93 -9.138050079345703
94 -8.552824020385742
95 -8.327567100524902
96 -9.137128829956055
97 -8.439888954162598
98 -9.180567741394043
99 -8.414105415344238
100 -8.177762985229492
101 -9.180259704589844
102 -8.313262939453125
103 -8.555095672607422
104 -8.535144805908203
105 -8.181132316589355
106 -9.182021141052246
107 -8.535090446472168
108 -9.180826187133789
109 -9.182390213012695
110 -8.167052268981934
111 -8.534802436828613
112 -8.548222541809082
113 -9.13061237335205
114 -7.970263957977295
115 -8.507577896118164
116 -7.977787971496582
117 -7.876727104187012
118 -8.710552215576172
119 -8.532549858093262
120 -7.746337890625
121 -8.555209159851074
122 -9.180192947387695
123 -8.554110527038574
124 -9.182315826416016
125 -8.555584907531738
126 -8.532674789428711
127 -8.699102401733398
128 -8.55321216583252
129 -8.28201675415039
130 -9.080124855041504
131 -8.71194839477539
132 -8.556342124938965
133 -9.175802230834961
134 -9.182513236999512
135 -9.182541847229004
136 -9.182629585266113
137 -9.182580947875977
138 -9.177474975585938
139 -8.53437614440918
140 -8.53403091430664
141 -7.95330286026001
142 -8.217447280883789
143 -8.01370620727539
144 -8.708102226257324
145 -9.180418968200684
146 -8.327499389648438
147 -8.534353256225586
148 -8.117856979370117
149 -9.181097984313965
150 -9.182743072509766
151 -8.702118873596191
152 -9.138077735900879
153 -8.081853866577148
154 -8.435635566711426
155 -8.706955909729004
156 -8.325594902038574
157 -8.340533256530762
158 -8.269538879394531
159 -8.532530784606934
160 -9.181463241577148
161 -9.18053913116455
162 -8.525288581848145
163 -7.772726058959961
164 -8.258329391479492
165 -7.750502586364746
166 -9.18270206451416
167 -7.805087089538574
168 -7.753687381744385
169 -7.918637275695801
170 -8.437520027160645
171 -7.881850719451904
172 -8.555794715881348
173 -8.709779739379883
174 -7.771698474884033
175 -8.022178649902344
176 -8.701336860656738
177 -7.748412132263184
178 -8.535040855407715
179 -8.532988548278809
180 -9.078936576843262
181 -9.182281494140625
182 -7.607821464538574
183 -8.092323303222656
184 -7.794521331787109
185 -8.700119972229004
186 -7.802603244781494
187 -8.55336856842041
188 -8.711277961730957
189 -8.707738876342773
190 -8.703132629394531
191 -9.079705238342285
192 -8.656771659851074
193 -8.555854797363281
194 -8.69921875
195 -8.217436790466309
196 -8.27392292022705
197 -8.56100845336914
198 -7.898947715759277
199 -7.889174938201904
200 -8.604559898376465
201 -8.711190223693848
202 -7.575983047485352
203 -8.534642219543457
204 -7.956300735473633
205 -7.938676834106445
206 -7.981297016143799
207 -9.181589126586914
208 -8.047124862670898
209 -7.875249862670898
210 -8.526861190795898
211 -7.7572832107543945
212 -9.180272102355957
213 -8.696426391601562
214 -8.683050155639648
215 -7.769588470458984
216 -7.638854026794434
217 -9.179451942443848
218 -8.577098846435547
219 -9.182694435119629
220 -9.180261611938477
221 -8.44754695892334
222 -8.334239959716797
223 -9.182354927062988
224 -7.824788570404053
225 -8.3732271194458
226 -8.405739784240723
227 -8.181560516357422
228 -9.180703163146973
229 -9.18039608001709
230 -7.6378703117370605
231 -8.554484367370605
232 -9.181242942810059
233 -8.702606201171875
234 -7.876440048217773
235 -7.772895812988281
236 -9.180137634277344
237 -8.173130989074707
238 -8.532177925109863
239 -9.180801391601562
240 -8.547064781188965
241 -8.38403034210205
242 -8.180800437927246
243 -7.992019176483154
244 -9.138062477111816
245 -8.116147994995117
246 -8.584463119506836
247 -8.038355827331543
248 -9.180168151855469
249 -9.064809799194336
250 -7.570407867431641
251 -9.064083099365234
252 -7.707298755645752
253 -7.587961196899414
254 -8.113285064697266
255 -7.52957010269165
256 -7.622230052947998
257 -8.11328125
258 -7.799969673156738
259 -7.598707675933838
260 -9.064085960388184
261 -7.739596366882324
262 -7.717671871185303
263 -7.478142261505127
264 -7.532944202423096
265 -9.064065933227539
266 -7.837854862213135
267 -7.169259548187256
268 -7.20573616027832
269 -9.064062118530273
270 -7.717763900756836
271 -7.8990397453308105
272 -8.007972717285156
273 -7.798737525939941
274 -7.796828746795654
275 -7.672041416168213
276 -8.00781536102295
277 -9.036075592041016
278 -7.534840106964111
279 -7.403115272521973
280 -7.645266532897949
281 -7.587969779968262
282 -7.737827777862549
283 -9.06407356262207
284 -7.481308937072754
285 -7.529773235321045
286 -8.108539581298828
287 -7.946150302886963
288 -9.063979148864746
289 -9.064080238342285
290 -7.902985095977783
291 -9.06404972076416
292 -9.064080238342285
293 -7.690720558166504
294 -9.064085006713867
295 -7.642459392547607
296 -7.649534702301025
297 -7.704215049743652
298 -9.064065933227539
299 -9.064033508300781
300 -8.007914543151855
301 -9.064070701599121
302 -7.780004978179932
303 -7.837853908538818
304 -8.06003475189209
305 -7.540858745574951
306 -9.064079284667969
307 -9.064081192016602
308 -9.064048767089844
309 -7.8855061531066895
310 -7.556260108947754
311 -7.849704265594482
312 -7.472034454345703
313 -9.064071655273438
314 -9.064048767089844
315 -7.6768364906311035
316 -7.614336967468262
317 -7.905422210693359
318 -9.029390335083008
319 -7.738017559051514
320 -9.064085006713867
321 -7.515861511230469
322 -9.064057350158691
323 -7.89337682723999
324 -7.897469997406006
325 -9.064080238342285
326 -8.059998512268066
327 -7.570154190063477
328 -7.629839897155762
329 -7.606199264526367
330 -8.11328125
331 -7.60648775100708
332 -9.064047813415527
333 -7.67673921585083
334 -7.530759811401367
335 -8.113042831420898
336 -9.064074516296387
337 -7.947183609008789
338 -7.8378586769104
339 -7.6367716789245605
340 -8.060042381286621
341 -7.915335655212402
342 -8.059349060058594
343 -9.064062118530273
344 -7.739648342132568
345 -7.864784240722656
346 -7.804868698120117
347 -7.837834358215332
348 -9.064085006713867
349 -7.602251052856445
350 -8.113288879394531
351 -7.782646656036377
352 -7.598203182220459
353 -8.113293647766113
354 -7.461287975311279
355 -9.064064025878906
356 -7.898471355438232
357 -7.605252742767334
358 -9.064054489135742
359 -7.739680767059326
360 -9.063946723937988
361 -7.905354022979736
362 -7.9053778648376465
363 -7.802624702453613
364 -7.8647871017456055
365 -7.990181922912598
366 -7.566337585449219
367 -7.688294887542725
368 -7.532877445220947
369 -9.064054489135742
370 -7.5491743087768555
371 -7.98347806930542
372 -7.864801406860352
373 -9.064079284667969
374 -7.837832450866699
375 -7.732754707336426
376 -7.7219719886779785
377 -7.5203728675842285
378 -9.064057350158691
379 -7.500679969787598
380 -7.804878234863281
381 -9.064031600952148
382 -9.06406307220459
383 -7.5592451095581055
384 -7.551187038421631
385 -9.064064979553223
386 -7.306140422821045
387 -7.46463680267334
388 -9.064082145690918
389 -9.064085960388184
390 -8.007878303527832
391 -9.064058303833008
392 -7.915650367736816
393 -9.064085960388184
394 -7.375304222106934
395 -9.06406307220459
396 -7.5756402015686035
397 -9.064081192016602
398 -7.336781024932861
399 -9.06407642364502
400 -7.687815189361572
401 -7.72197151184082
402 -7.528569221496582
403 -9.06392765045166
404 -9.064080238342285
405 -7.915646076202393
406 -7.798728942871094
407 -7.278672695159912
408 -9.063854217529297
409 -8.007818222045898
410 -7.4249267578125
411 -7.475232124328613
412 -9.063497543334961
413 -7.739630699157715
414 -7.606107234954834
415 -8.11329174041748
416 -9.063794136047363
417 -8.039814949035645
418 -7.476139545440674
419 -7.915623664855957
420 -7.658973217010498
421 -7.739755630493164
422 -7.632510185241699
423 -7.804873943328857
424 -7.837814807891846
425 -7.83541202545166
426 -7.725347995758057
427 -7.813016891479492
428 -7.520580291748047
429 -7.413750171661377
430 -7.734142303466797
431 -9.064074516296387
432 -9.064019203186035
433 -7.2170305252075195
434 -7.779994964599609
435 -9.064083099365234
436 -7.540946006774902
437 -8.113274574279785
438 -7.586679458618164
439 -7.51481819152832
440 -7.5123820304870605
441 -7.748267650604248
442 -7.905398845672607
443 -7.746760368347168
444 -7.779972076416016
445 -9.064068794250488
446 -7.899105548858643
447 -7.5496063232421875
448 -9.064082145690918
449 -7.645195484161377
450 -7.58665132522583
451 -7.53570032119751
452 -7.915439128875732
453 -7.40280294418335
454 -9.060314178466797
455 -7.994205474853516
456 -7.9447150230407715
457 -9.064079284667969
458 -7.864802360534668
459 -9.064065933227539
460 -8.113286018371582
461 -9.064077377319336
462 -8.059856414794922
463 -7.711949825286865
464 -7.837860584259033
465 -7.402801513671875
466 -9.064071655273438
467 -7.476136207580566
468 -7.449477195739746
469 -7.864799499511719
470 -9.064042091369629
471 -9.062023162841797
472 -7.681192874908447
473 -7.642000198364258
474 -7.906321048736572
475 -7.632054805755615
476 -7.675365924835205
477 -7.549695014953613
478 -9.064080238342285
479 -9.064081192016602
480 -7.473783493041992
481 -7.738165378570557
482 -7.707295894622803
483 -9.064083099365234
484 -7.581000328063965
485 -7.905224800109863
486 -9.064064025878906
487 -7.298761367797852
488 -7.473809242248535
489 -7.661844253540039
490 -7.432984352111816
491 -8.05958080291748
492 -7.628215312957764
493 -7.475241184234619
494 -7.658933639526367
495 -7.587500095367432
496 -7.655853748321533
497 -9.064062118530273
498 -7.587499618530273
499 -7.475045204162598
