0 -5.022252082824707
1 -5.676352024078369
2 -5.477969169616699
3 -5.4753522872924805
4 -5.45751953125
5 -7.355142116546631
6 -6.5025835037231445
7 -6.974419593811035
8 -6.242612838745117
9 -6.522100925445557
10 -6.924443244934082
11 -6.755504608154297
12 -6.956966400146484
13 -6.450674533843994
14 -6.3258490562438965
15 -6.93226957321167
16 -6.905724048614502
17 -6.327579498291016
18 -6.681363105773926
19 -6.680142879486084
20 -6.561223030090332
21 -6.745628833770752
22 -6.355905532836914
23 -7.018015384674072
24 -6.56501579284668
25 -7.1008453369140625
26 -6.616490364074707
27 -6.7820916175842285
28 -6.715754508972168
29 -7.360970973968506
30 -6.373648643493652
31 -6.983937740325928
32 -7.082253932952881
33 -6.552606582641602
34 -5.646913528442383
35 -7.167287826538086
36 -7.084234714508057
37 -5.802426815032959
38 -6.4749579429626465
39 -6.913190841674805
40 -6.5839948654174805
41 -6.646705627441406
42 -6.993716239929199
43 -6.47548770904541
44 -6.357089996337891
45 -6.239705562591553
46 -6.351335525512695
47 -6.51959228515625
48 -6.084538459777832
49 -7.44609260559082
50 -6.562320709228516
51 -6.377853870391846
52 -6.358133316040039
53 -6.249612808227539
54 -6.795369625091553
55 -7.233443260192871
56 -6.146857738494873
57 -5.465774059295654
58 -5.950061798095703
59 -6.1910929679870605
60 -6.103167533874512
61 -6.380521774291992
62 -7.098415374755859
63 -6.416549205780029
64 -7.073363304138184
65 -6.526446342468262
66 -6.6258440017700195
67 -7.09302282333374
68 -6.5789923667907715
69 -5.9839935302734375
70 -5.565001964569092
71 -7.065917015075684
72 -6.847406387329102
73 -6.00401496887207
74 -6.907401084899902
75 -6.438857078552246
76 -6.624428749084473
77 -6.750607013702393
78 -6.570982933044434
79 -6.888054847717285
80 -6.608614921569824
81 -7.112954139709473
82 -6.781036853790283
83 -6.427574157714844
84 -6.31949520111084
85 -6.5323486328125
86 -6.412168502807617
87 -6.142084121704102
88 -6.026237487792969
89 -5.997337818145752
90 -6.662370681762695
91 -6.131558895111084
92 -5.562305450439453
93 -6.439245223999023
94 -6.998194694519043
95 -5.854015350341797
96 -6.143711090087891
97 -6.13985538482666
98 -6.689919471740723
99 -7.484954833984375
100 -6.127199172973633
101 -6.961915493011475
102 -7.077601432800293
103 -7.639603614807129
104 -6.808757781982422
105 -6.86960506439209
106 -6.392026901245117
107 -6.225881576538086
108 -6.250477313995361
109 -6.727967262268066
110 -6.170551300048828
111 -7.213137626647949
112 -6.690433025360107
113 -6.5528764724731445
114 -6.245332717895508
115 -6.974851608276367
116 -6.711397171020508
117 -6.031859397888184
118 -6.806938171386719
119 -7.495224952697754
120 -6.01880407333374
121 -6.467938423156738
122 -6.1533355712890625
123 -7.2169013023376465
124 -6.803781509399414
125 -5.9359660148620605
126 -5.956995010375977
127 -5.9278082847595215
128 -6.614498138427734
129 -6.484726905822754
130 -6.538010597229004
131 -6.946188926696777
132 -6.170963287353516
133 -6.700769424438477
134 -7.310080528259277
135 -6.669923782348633
136 -6.8956475257873535
137 -7.054680824279785
138 -6.612977027893066
139 -7.006857872009277
140 -6.322866439819336
141 -6.1072797775268555
142 -7.291032791137695
143 -4.286351203918457
144 -6.87224817276001
145 -6.861502647399902
146 -7.047450542449951
147 -6.224724769592285
148 -5.666754245758057
149 -6.836940288543701
150 -6.527656555175781
151 -6.118977069854736
152 -6.768818378448486
153 -6.917481422424316
154 -6.590585708618164
155 -6.823644161224365
156 -7.24031925201416
157 -6.4383225440979
158 -6.57785701751709
159 -5.568425178527832
160 -6.4008564949035645
161 -6.846736431121826
162 -6.063174247741699
163 -6.8344621658325195
164 -7.285501480102539
165 -6.656044960021973
166 -7.212226390838623
167 -6.645901679992676
168 -7.112199783325195
169 -6.363982200622559
170 -7.259491920471191
171 -6.5729594230651855
172 -5.933585166931152
173 -7.4050774574279785
174 -6.33558988571167
175 -6.480464458465576
176 -6.879734039306641
177 -6.433361053466797
178 -6.214169502258301
179 -6.585946559906006
180 -6.532786846160889
181 -6.5371785163879395
182 -6.363946437835693
183 -6.386482238769531
184 -6.751023769378662
185 -6.706682205200195
186 -6.52936315536499
187 -6.440570831298828
188 -6.845903396606445
189 -6.215731620788574
190 -6.850696563720703
191 -6.5723772048950195
192 -6.491044044494629
193 -7.892577171325684
194 -5.596791744232178
195 -7.228393077850342
196 -7.191550254821777
197 -6.9471588134765625
198 -6.240265846252441
199 -5.83104944229126
200 -6.749218940734863
201 -5.706216812133789
202 -6.467113494873047
203 -6.512475967407227
204 -6.551805019378662
205 -7.073798179626465
206 -7.102176666259766
207 -6.3920159339904785
208 -6.378846645355225
209 -5.678403854370117
210 -6.285126686096191
211 -6.357684135437012
212 -6.470025062561035
213 -6.258729457855225
214 -6.871160507202148
215 -6.310685157775879
216 -6.753200054168701
217 -6.836068630218506
218 -5.016181468963623
219 -6.712220668792725
220 -6.445003509521484
221 -6.933154582977295
222 -7.304536819458008
223 -7.217850685119629
224 -6.689091205596924
225 -5.661434650421143
226 -6.967706203460693
227 -7.044224739074707
228 -7.164725303649902
229 -7.162536144256592
230 -6.7848687171936035
231 -6.506167888641357
232 -6.508682727813721
233 -6.6633405685424805
234 -7.174507141113281
235 -7.725447177886963
236 -6.7511725425720215
237 -5.9620561599731445
238 -7.207301139831543
239 -6.202380180358887
240 -6.855781555175781
241 -6.212451934814453
242 -6.012369155883789
243 -7.148150444030762
244 -6.520747661590576
245 -5.893677711486816
246 -7.2984619140625
247 -6.645456790924072
248 -5.777138710021973
249 -6.889573574066162
250 -6.110959053039551
251 -6.365994453430176
252 -6.065311431884766
253 -6.8526387214660645
254 -6.571878433227539
255 -6.4727325439453125
256 -5.821589469909668
257 -6.610400199890137
258 -6.175532341003418
259 -5.981904029846191
260 -6.1874847412109375
261 -6.438118934631348
262 -6.334491729736328
263 -6.498721122741699
264 -6.20383882522583
265 -6.328078269958496
266 -5.99903678894043
267 -6.559368133544922
268 -6.264834880828857
269 -5.9607439041137695
270 -5.790267467498779
271 -6.005576133728027
272 -6.51536750793457
273 -7.348426342010498
274 -6.179586410522461
275 -6.124283313751221
276 -5.9079179763793945
277 -6.316130638122559
278 -5.818145751953125
279 -6.694738388061523
280 -6.690775394439697
281 -7.124032974243164
282 -6.012412071228027
283 -6.136793613433838
284 -6.857089996337891
285 -6.8256916999816895
286 -7.05690336227417
287 -6.326587677001953
288 -6.334457874298096
289 -6.0030412673950195
290 -5.753310680389404
291 -6.408227920532227
292 -6.7232184410095215
293 -6.183338642120361
294 -6.36643648147583
295 -6.598576545715332
296 -6.166293144226074
297 -6.08679723739624
298 -6.704831123352051
299 -6.036496162414551
300 -6.439284801483154
301 -5.994565010070801
302 -6.436746597290039
303 -5.784424781799316
304 -6.6109395027160645
305 -6.063068866729736
306 -5.725630760192871
307 -6.226378440856934
308 -6.166186809539795
309 -5.619566917419434
310 -5.884624004364014
311 -6.1385369300842285
312 -6.39097785949707
313 -5.99406623840332
314 -6.324779510498047
315 -6.342694282531738
316 -6.066943168640137
317 -6.379677772521973
318 -6.4324870109558105
319 -6.279982566833496
320 -6.570259094238281
321 -6.589404106140137
322 -6.236606597900391
323 -6.095645904541016
324 -5.802447319030762
325 -6.091510772705078
326 -6.524404048919678
327 -6.091505527496338
328 -6.313370704650879
329 -6.071004867553711
330 -6.361936569213867
331 -6.365782737731934
332 -6.215664386749268
333 -6.4825849533081055
334 -6.2911376953125
335 -6.48362922668457
336 -6.027592658996582
337 -5.657182693481445
338 -6.165134429931641
339 -6.5842604637146
340 -6.527839183807373
341 -6.177493095397949
342 -6.2362213134765625
343 -5.8583292961120605
344 -7.472299575805664
345 -6.547181129455566
346 -5.955312728881836
347 -6.60986328125
348 -6.132704734802246
349 -6.070643424987793
350 -6.449162483215332
351 -5.722200393676758
352 -6.593118667602539
353 -6.425902366638184
354 -6.390476703643799
355 -6.405628681182861
356 -6.015241622924805
357 -6.24094820022583
358 -6.50790548324585
359 -6.490475177764893
360 -6.361798286437988
361 -6.216523170471191
362 -6.084394454956055
363 -6.251804351806641
364 -5.927272796630859
365 -6.504018783569336
366 -6.661486625671387
367 -6.091120719909668
368 -6.193896293640137
369 -6.497133255004883
370 -6.061464309692383
371 -6.639439582824707
372 -6.646627902984619
373 -6.319212436676025
374 -6.595525741577148
375 -6.005272388458252
376 -5.804840564727783
377 -6.214630603790283
378 -6.14926815032959
379 -5.7217864990234375
380 -6.401364326477051
381 -5.885919570922852
382 -6.361740589141846
383 -5.640012264251709
384 -6.012772560119629
385 -6.400635719299316
386 -6.487157821655273
387 -6.705634117126465
388 -6.094517230987549
389 -6.1192216873168945
390 -6.762043476104736
391 -6.181229591369629
392 -6.474138259887695
393 -6.3359503746032715
394 -5.770660400390625
395 -6.2196574211120605
396 -6.420547962188721
397 -6.052844047546387
398 -6.053458213806152
399 -6.292485237121582
400 -6.105602264404297
401 -6.206342697143555
402 -5.9803056716918945
403 -6.229954719543457
404 -6.154787540435791
405 -5.972893238067627
406 -6.77604866027832
407 -5.952621936798096
408 -6.195171356201172
409 -6.3717241287231445
410 -6.592107772827148
411 -6.459066867828369
412 -6.292977333068848
413 -6.715044021606445
414 -6.074428558349609
415 -5.699909210205078
416 -6.230399131774902
417 -5.900613784790039
418 -6.482948303222656
419 -6.847265720367432
420 -5.969332695007324
421 -6.836193561553955
422 -6.968117713928223
423 -6.094581604003906
424 -6.045450210571289
425 -6.124699592590332
426 -6.335137367248535
427 -6.402698516845703
428 -5.831460475921631
429 -6.047604560852051
430 -6.377507209777832
431 -5.806523323059082
432 -6.21907377243042
433 -5.949420928955078
434 -6.603267192840576
435 -6.134286880493164
436 -6.162497520446777
437 -6.011012077331543
438 -5.990470886230469
439 -6.396651268005371
440 -6.674258232116699
441 -6.727608680725098
442 -6.138246536254883
443 -6.440455436706543
444 -6.018442153930664
445 -5.864250183105469
446 -6.019670009613037
447 -6.421022415161133
448 -6.218101978302002
449 -6.28627347946167
450 -5.8769989013671875
451 -6.539094924926758
452 -5.936744213104248
453 -6.635226726531982
454 -6.560701847076416
455 -6.097714900970459
456 -6.05144739151001
457 -5.654977798461914
458 -6.050503253936768
459 -6.604633331298828
460 -6.486819267272949
461 -6.815872669219971
462 -6.223504066467285
463 -6.103256702423096
464 -6.732390880584717
465 -6.446865081787109
466 -6.0761613845825195
467 -6.024677276611328
468 -6.574146270751953
469 -6.930609703063965
470 -6.74728536605835
471 -6.343632221221924
472 -6.601035118103027
473 -5.945754051208496
474 -6.5010175704956055
475 -6.094943046569824
476 -6.781249046325684
477 -5.635078430175781
478 -6.265205383300781
479 -5.838776588439941
480 -6.418877124786377
481 -6.079726219177246
482 -6.339795112609863
483 -6.416114807128906
484 -5.607977390289307
485 -6.800467491149902
486 -6.372591495513916
487 -5.996231555938721
488 -5.702517509460449
489 -6.0432281494140625
490 -5.721877098083496
491 -6.160634994506836
492 -6.573053359985352
493 -6.618515491485596
494 -6.053994655609131
495 -6.292148590087891
496 -6.520971298217773
497 -6.142383098602295
498 -6.087774276733398
499 -6.291965007781982
