0 -6.792280673980713
1 -6.794041156768799
2 -6.70339822769165
3 -6.744536876678467
4 -7.5481438636779785
5 -6.7894721031188965
6 -6.974768161773682
7 -7.547606945037842
8 -7.0563788414001465
9 -6.80018949508667
10 -7.450772762298584
11 -7.547704219818115
12 -6.9741129875183105
13 -6.795709609985352
14 -6.794644832611084
15 -6.531110763549805
16 -6.912484645843506
17 -6.795734882354736
18 -7.118061542510986
19 -7.049720764160156
20 -6.795740604400635
21 -7.4496917724609375
22 -7.547769069671631
23 -6.960535526275635
24 -7.055090427398682
25 -7.059820652008057
26 -7.0492424964904785
27 -7.0500407218933105
28 -7.547616481781006
29 -7.543476581573486
30 -7.54780387878418
31 -7.000400066375732
32 -7.451559543609619
33 -7.048985958099365
34 -6.528371334075928
35 -7.055026531219482
36 -6.793426036834717
37 -6.928945064544678
38 -7.093574523925781
39 -7.4512553215026855
40 -7.547883987426758
41 -7.118072032928467
42 -7.450419902801514
43 -7.051103115081787
44 -7.093567371368408
45 -6.792665481567383
46 -6.8844170570373535
47 -6.792176723480225
48 -6.703440189361572
49 -7.451318740844727
50 -6.79926061630249
51 -7.451416015625
52 -6.534665584564209
53 -7.545140743255615
54 -7.063046932220459
55 -6.795613765716553
56 -6.795386791229248
57 -7.452168941497803
58 -7.05672025680542
59 -6.794837474822998
60 -6.973861217498779
61 -7.054813385009766
62 -7.118104934692383
63 -7.118074893951416
64 -7.546197414398193
65 -7.548015594482422
66 -6.794826984405518
67 -7.118091106414795
68 -6.694921970367432
69 -6.794334888458252
70 -7.049549579620361
71 -7.093614101409912
72 -7.049741268157959
73 -7.0564751625061035
74 -6.79408597946167
75 -6.79442834854126
76 -7.056366443634033
77 -7.451925754547119
78 -7.547744274139404
79 -7.051196575164795
80 -7.093355655670166
81 -6.794586181640625
82 -6.705953598022461
83 -6.993845462799072
84 -7.118067264556885
85 -7.118092060089111
86 -6.863321781158447
87 -7.355106353759766
88 -7.547598361968994
89 -6.7958550453186035
90 -7.118076801300049
91 -6.973824977874756
92 -7.000573635101318
93 -6.795167446136475
94 -7.056288242340088
95 -6.794727802276611
96 -7.118030548095703
97 -6.795379638671875
98 -7.055955410003662
99 -7.118056774139404
100 -6.7352471351623535
101 -6.70592737197876
102 -6.80095100402832
103 -6.792179107666016
104 -7.055765628814697
105 -7.449882507324219
106 -6.975030899047852
107 -7.44994592666626
108 -7.44961404800415
109 -7.4499831199646
110 -7.450760364532471
111 -7.051044464111328
112 -7.118031024932861
113 -6.938619136810303
114 -6.801756381988525
115 -6.975296497344971
116 -7.118058681488037
117 -7.093355178833008
118 -7.118096828460693
119 -7.547285556793213
120 -6.901442050933838
121 -6.800256252288818
122 -6.699023723602295
123 -7.118047714233398
124 -6.795648574829102
125 -6.79419469833374
126 -6.7961907386779785
127 -7.051206111907959
128 -7.055605411529541
129 -6.793972492218018
130 -7.450493335723877
131 -7.543982982635498
132 -7.451395034790039
133 -7.546241760253906
134 -7.000573635101318
135 -6.794771194458008
136 -7.547934055328369
137 -6.979163646697998
138 -6.408498764038086
139 -7.544008731842041
140 -6.9741129875183105
141 -7.0936279296875
142 -7.118079662322998
143 -7.000382900238037
144 -6.9741129875183105
145 -7.0145583152771
146 -6.694661617279053
147 -7.547605514526367
148 -7.014558792114258
149 -7.543476104736328
150 -7.038877010345459
151 -6.925787448883057
152 -6.993545055389404
153 -7.07607889175415
154 -7.055955410003662
155 -7.093623638153076
156 -7.056204319000244
157 -7.546648025512695
158 -7.54796838760376
159 -6.993999481201172
160 -7.546676158905029
161 -6.928403377532959
162 -7.049292087554932
163 -7.5474629402160645
164 -7.09362268447876
165 -7.546498775482178
166 -7.0624566078186035
167 -7.056555271148682
168 -6.79434061050415
169 -7.11804723739624
170 -7.049724102020264
171 -7.545936584472656
172 -7.547692775726318
173 -6.743870258331299
174 -7.055701732635498
175 -6.694230556488037
176 -7.075997829437256
177 -6.793180465698242
178 -6.788928985595703
179 -6.801111698150635
180 -7.076064586639404
181 -7.118028163909912
182 -6.98798131942749
183 -7.093586444854736
184 -7.545936584472656
185 -6.939357280731201
186 -7.049668788909912
187 -7.118083953857422
188 -7.0495991706848145
189 -7.450479984283447
190 -7.45042085647583
191 -6.790079593658447
192 -7.452465057373047
193 -7.1180877685546875
194 -6.78993558883667
195 -7.54754114151001
196 -6.9131317138671875
197 -7.0935821533203125
198 -6.94746208190918
199 -7.547868251800537
200 -7.545810222625732
201 -7.015101909637451
202 -7.0713324546813965
203 -6.7934393882751465
204 -6.79393196105957
205 -6.833714962005615
206 -6.735598087310791
207 -7.049767971038818
208 -7.545936584472656
209 -6.98845911026001
210 -7.049729824066162
211 -7.071347713470459
212 -7.071344375610352
213 -7.093346118927002
214 -7.0527191162109375
215 -7.093505382537842
216 -6.7918853759765625
217 -6.796430587768555
218 -7.5444769859313965
219 -6.79459810256958
220 -6.705973148345947
221 -7.056769847869873
222 -6.795637130737305
223 -7.051035404205322
224 -7.055511474609375
225 -6.790838241577148
226 -7.0003790855407715
227 -7.071342468261719
228 -7.451817989349365
229 -7.093559265136719
230 -7.071347713470459
231 -6.792500019073486
232 -6.938619136810303
233 -7.45187520980835
234 -6.793357849121094
235 -7.055026531219482
236 -6.795333385467529
237 -6.9734625816345215
238 -7.093427658081055
239 -7.093347072601318
240 -7.547693729400635
241 -6.795072078704834
242 -7.049691677093506
243 -7.014448642730713
244 -7.451013088226318
245 -7.118070125579834
246 -7.0760817527771
247 -7.1179986000061035
248 -6.795542240142822
249 -6.79603910446167
250 -6.796336650848389
251 -7.09359884262085
252 -6.785315036773682
253 -7.056360244750977
254 -7.118051528930664
255 -7.000387668609619
256 -7.5481133460998535
257 -7.09363317489624
258 -7.547688961029053
259 -6.796844482421875
260 -7.049676895141602
261 -7.355258464813232
262 -7.055830478668213
263 -6.974466323852539
264 -6.7967915534973145
265 -6.7929816246032715
266 -6.974086284637451
267 -7.093503952026367
268 -6.9741129875183105
269 -6.795542240142822
270 -7.547661304473877
271 -6.903995990753174
272 -7.0760016441345215
273 -7.056670665740967
274 -7.071345806121826
275 -7.44989538192749
276 -6.87054967880249
277 -7.118093013763428
278 -7.055720806121826
279 -7.055769443511963
280 -7.118096828460693
281 -7.118063449859619
282 -7.055649280548096
283 -7.118063449859619
284 -7.547704219818115
285 -7.051199436187744
286 -7.449982166290283
287 -7.544554233551025
288 -6.699012279510498
289 -7.056576251983643
290 -6.795755863189697
291 -6.7944111824035645
292 -7.118074893951416
293 -7.049737930297852
294 -7.547452449798584
295 -6.7964396476745605
296 -7.118095874786377
297 -6.79506254196167
298 -6.974538326263428
299 -7.54723596572876
300 -7.118078708648682
301 -7.118093967437744
302 -6.79083776473999
303 -6.793087005615234
304 -6.792905330657959
305 -7.0564422607421875
306 -6.912691593170166
307 -6.7890305519104
308 -7.093626499176025
309 -7.054559230804443
310 -7.052217960357666
311 -7.452513217926025
312 -7.076039791107178
313 -6.79083776473999
314 -7.049720287322998
315 -7.118093013763428
316 -7.1180596351623535
317 -6.794987201690674
318 -7.547613143920898
319 -6.79436731338501
320 -7.062562465667725
321 -6.974087238311768
322 -7.093546390533447
323 -7.45000696182251
324 -7.548007488250732
325 -7.543725490570068
326 -6.789056301116943
327 -7.050931453704834
328 -7.450761795043945
329 -6.919955730438232
330 -7.055379390716553
331 -6.800774097442627
332 -6.974720478057861
333 -6.9741129875183105
334 -7.118100643157959
335 -6.991363048553467
336 -7.056768894195557
337 -6.9299445152282715
338 -7.547704219818115
339 -7.057007312774658
340 -7.118075847625732
341 -7.450760364532471
342 -6.796535491943359
343 -7.118089199066162
344 -6.793002605438232
345 -7.548403263092041
346 -7.45275354385376
347 -6.7957329750061035
348 -7.1180739402771
349 -7.452520847320557
350 -6.790770053863525
351 -7.543221950531006
352 -7.449737548828125
353 -6.973404407501221
354 -7.093588352203369
355 -7.052438259124756
356 -7.545936584472656
357 -7.548431396484375
358 -7.093504428863525
359 -7.356741428375244
360 -6.833041667938232
361 -7.450052738189697
362 -7.093588352203369
363 -7.45063591003418
364 -7.118040561676025
365 -6.800370693206787
366 -7.449830532073975
367 -7.450357913970947
368 -7.076040744781494
369 -6.529397487640381
370 -7.0936126708984375
371 -7.451420307159424
372 -7.451467990875244
373 -7.056180953979492
374 -7.093528747558594
375 -7.118083477020264
376 -7.071295261383057
377 -6.793174743652344
378 -6.939357280731201
379 -6.793039321899414
380 -7.015140056610107
381 -7.093564987182617
382 -7.0760674476623535
383 -7.118093013763428
384 -7.014062404632568
385 -7.54796838760376
386 -7.452874660491943
387 -6.7949700355529785
388 -7.052183628082275
389 -6.795648574829102
390 -7.548141956329346
391 -7.051041126251221
392 -7.547778606414795
393 -6.833192825317383
394 -6.796964645385742
395 -7.056127071380615
396 -6.9607768058776855
397 -7.547815799713135
398 -7.055971622467041
399 -6.979189395904541
400 -7.076076030731201
401 -7.118072986602783
402 -6.535424709320068
403 -7.012924671173096
404 -7.093328952789307
405 -6.570941925048828
406 -6.979247570037842
407 -6.795249938964844
408 -7.093627452850342
409 -6.832804203033447
410 -6.534426212310791
411 -7.063030242919922
412 -7.076086044311523
413 -6.799936294555664
414 -7.452254772186279
415 -6.795644283294678
416 -7.0510711669921875
417 -7.07134485244751
418 -7.050948619842529
419 -6.735005855560303
420 -7.118087291717529
421 -7.051215648651123
422 -7.548511981964111
423 -7.449944972991943
424 -7.547759532928467
425 -7.355775356292725
426 -7.449982166290283
427 -7.093588352203369
428 -7.1180419921875
429 -6.7944722175598145
430 -7.093616962432861
431 -7.450815200805664
432 -6.782032489776611
433 -6.694646835327148
434 -7.0554327964782715
435 -6.8163743019104
436 -7.118086338043213
437 -7.547998428344727
438 -6.795627117156982
439 -7.056451320648193
440 -7.450361251831055
441 -7.451667308807373
442 -7.051040172576904
443 -6.9752197265625
444 -7.054964065551758
445 -7.355825901031494
446 -6.79556131362915
447 -7.54604959487915
448 -7.118052959442139
449 -7.449545383453369
450 -7.450524806976318
451 -7.545499324798584
452 -7.118101119995117
453 -6.791558742523193
454 -6.793214321136475
455 -6.795389652252197
456 -7.056283473968506
457 -6.794449329376221
458 -7.546039581298828
459 -7.056440830230713
460 -6.79640007019043
461 -7.071335315704346
462 -7.015003204345703
463 -7.450542449951172
464 -7.118027210235596
465 -6.693685054779053
466 -7.0003790855407715
467 -7.118080139160156
468 -7.049734115600586
469 -6.8019633293151855
470 -7.0496506690979
471 -6.975009441375732
472 -7.07620096206665
473 -7.076080799102783
474 -7.093490123748779
475 -6.794278621673584
476 -7.056010723114014
477 -6.938619136810303
478 -7.452325820922852
479 -6.735257625579834
480 -6.4228668212890625
481 -6.795542240142822
482 -7.450073719024658
483 -6.975090503692627
484 -7.451712131500244
485 -7.063527584075928
486 -7.00037956237793
487 -7.450342178344727
488 -6.795682907104492
489 -6.795304775238037
490 -7.1180572509765625
491 -7.449953556060791
492 -7.44994592666626
493 -6.9131317138671875
494 -7.118081569671631
495 -7.547609806060791
496 -7.118062496185303
497 -7.050836563110352
498 -7.093593597412109
499 -7.543862819671631
500 -6.9131317138671875
501 -6.735559940338135
502 -7.547426700592041
503 -6.7944722175598145
504 -7.093587875366211
505 -7.0003790855407715
506 -7.450085163116455
507 -7.0560455322265625
508 -7.076084613800049
509 -6.9382195472717285
510 -6.79681921005249
511 -7.0762104988098145
512 -7.548101425170898
513 -7.0935797691345215
514 -7.547604084014893
515 -7.056440830230713
516 -6.793079853057861
517 -6.973405361175537
518 -7.547814846038818
519 -7.055473804473877
520 -7.451193332672119
521 -6.832804203033447
522 -6.79563570022583
523 -7.015115261077881
524 -6.845769882202148
525 -6.705879211425781
526 -6.793431758880615
527 -6.694604873657227
528 -7.000391006469727
529 -7.11809778213501
530 -7.0934739112854
531 -7.449759006500244
532 -7.451932430267334
533 -7.3551812171936035
534 -7.355480194091797
535 -7.117987155914307
536 -6.796993255615234
537 -7.547852993011475
538 -7.118097305297852
539 -6.795240879058838
540 -7.093587398529053
541 -7.093616485595703
542 -7.050866603851318
543 -6.979300022125244
544 -6.8669891357421875
545 -7.547975063323975
546 -6.97487211227417
547 -7.544571399688721
548 -6.534919261932373
549 -7.355827808380127
550 -6.795518398284912
551 -6.883955001831055
552 -7.355777740478516
553 -7.546701908111572
554 -6.79536771774292
555 -6.408140182495117
556 -6.732981204986572
557 -7.355419635772705
558 -7.4499592781066895
559 -7.055391788482666
560 -7.547332763671875
561 -7.076051712036133
562 -6.794159412384033
563 -7.118078231811523
564 -7.051096439361572
565 -6.795648097991943
566 -7.450733661651611
567 -7.547943592071533
568 -7.548460483551025
569 -6.88385009765625
570 -7.093633651733398
571 -7.5435004234313965
572 -7.055004119873047
573 -6.698968410491943
574 -6.938619136810303
575 -7.547517776489258
576 -6.795461654663086
577 -6.979152202606201
578 -7.547445774078369
579 -7.118039608001709
580 -7.0760650634765625
581 -7.547216892242432
582 -7.056590557098389
583 -7.547325611114502
584 -7.056236267089844
585 -6.79446268081665
586 -7.051144123077393
587 -7.118089199066162
588 -7.450321197509766
589 -7.547998905181885
590 -7.118100643157959
591 -7.052661895751953
592 -6.97391939163208
593 -7.00037956237793
594 -6.794467449188232
595 -6.9300618171691895
596 -7.055269241333008
597 -7.118062496185303
598 -7.451452732086182
599 -7.051042079925537
600 -7.452213764190674
601 -6.794419765472412
602 -6.9380202293396
603 -7.547853946685791
604 -6.800437927246094
605 -6.790533542633057
606 -6.790838241577148
607 -6.795252323150635
608 -7.450433254241943
609 -7.093505382537842
610 -7.0559983253479
611 -7.450641632080078
612 -7.451322078704834
613 -6.734971523284912
614 -7.055050373077393
615 -7.052182674407959
616 -7.057013034820557
617 -7.118040084838867
618 -6.795623779296875
619 -7.449697971343994
620 -7.052667140960693
621 -6.9734320640563965
622 -7.093608856201172
623 -7.5476813316345215
624 -7.056381702423096
625 -7.071313858032227
626 -6.919869899749756
627 -6.739645481109619
628 -7.547878742218018
629 -7.076051712036133
630 -6.795541763305664
631 -7.118095874786377
632 -6.799676895141602
633 -7.450692653656006
634 -7.118077754974365
635 -6.973918914794922
636 -7.055017948150635
637 -7.548015594482422
638 -7.063028812408447
639 -6.4105401039123535
640 -7.118093490600586
641 -6.795114994049072
642 -7.000559329986572
643 -6.797097682952881
644 -7.5478196144104
645 -6.787492275238037
646 -7.449957370758057
647 -6.9024176597595215
648 -7.548079013824463
649 -6.5878167152404785
650 -6.791421413421631
651 -6.973581790924072
652 -7.546756267547607
653 -6.7962775230407715
654 -7.54797887802124
655 -7.118103504180908
656 -7.545783996582031
657 -6.794075012207031
658 -7.5455451011657715
659 -7.000509262084961
660 -7.050867557525635
661 -7.049722671508789
662 -7.056087970733643
663 -7.118086338043213
664 -7.055910110473633
665 -6.991558074951172
666 -7.449909210205078
667 -7.071330547332764
668 -7.547307968139648
669 -7.118089199066162
670 -7.118081569671631
671 -6.97390604019165
672 -6.705953121185303
673 -7.056116104125977
674 -7.093586444854736
675 -6.911586284637451
676 -6.7956695556640625
677 -6.793838977813721
678 -7.450006008148193
679 -7.548017501831055
680 -7.049726963043213
681 -6.97343635559082
682 -6.793079376220703
683 -7.000574588775635
684 -7.5479416847229
685 -6.975077152252197
686 -7.547660827636719
687 -7.059468746185303
688 -6.929785251617432
689 -6.7953925132751465
690 -7.015134334564209
691 -7.056008815765381
692 -6.922573566436768
693 -7.547341823577881
694 -7.450155735015869
695 -7.547985076904297
696 -7.118096828460693
697 -6.7937541007995605
698 -7.118086338043213
699 -6.795268535614014
700 -7.049726963043213
701 -6.792974472045898
702 -6.800388336181641
703 -6.938317775726318
704 -7.049749851226807
705 -7.0935492515563965
706 -6.7917962074279785
707 -7.118074417114258
708 -7.00037956237793
709 -7.449945449829102
710 -6.97391939163208
711 -7.547308444976807
712 -6.7926249504089355
713 -7.049745559692383
714 -7.547998905181885
715 -7.052751064300537
716 -7.076063632965088
717 -7.118097305297852
718 -7.450429916381836
719 -7.076028823852539
720 -7.09358024597168
721 -6.8832526206970215
722 -7.547231197357178
723 -7.041876316070557
724 -6.938507556915283
725 -7.071341037750244
726 -7.545936584472656
727 -7.056385517120361
728 -6.7954277992248535
729 -7.056314945220947
730 -6.795114994049072
731 -6.833192825317383
732 -7.055979251861572
733 -6.919764041900635
734 -6.5352959632873535
735 -7.547536849975586
736 -7.051942348480225
737 -7.118096828460693
738 -7.451775074005127
739 -7.076035976409912
740 -6.99116849899292
741 -6.86334753036499
742 -6.789884090423584
743 -7.547327041625977
744 -7.5477681159973145
745 -7.052680969238281
746 -7.050801753997803
747 -7.118037700653076
748 -6.79696798324585
749 -7.451900959014893
750 -7.093596935272217
751 -7.05642557144165
752 -7.012556552886963
753 -7.5446457862854
754 -7.450630187988281
755 -6.80097770690918
756 -6.732892990112305
757 -7.093583583831787
758 -6.794825077056885
759 -7.45224142074585
760 -7.547611713409424
761 -7.547619342803955
762 -6.792788982391357
763 -7.5478668212890625
764 -6.733665943145752
765 -7.118093490600586
766 -7.050754547119141
767 -6.793259143829346
768 -6.790770053863525
769 -6.570189952850342
770 -7.07133674621582
771 -6.795138835906982
772 -7.076071262359619
773 -7.547903537750244
774 -6.695297718048096
775 -7.017659664154053
776 -7.356459140777588
777 -6.796417713165283
778 -7.076040267944336
779 -7.547998905181885
780 -6.801106929779053
781 -7.450023651123047
782 -7.056777477264404
783 -7.056472301483154
784 -7.54778528213501
785 -7.093597888946533
786 -7.451836109161377
787 -6.939576625823975
788 -7.049720287322998
789 -6.79296350479126
790 -7.451681137084961
791 -7.118099212646484
792 -7.449954509735107
793 -7.0567145347595215
794 -6.795648574829102
795 -7.063523769378662
796 -6.993637561798096
797 -6.974069118499756
798 -7.546550750732422
799 -7.04976224899292
800 -7.118076801300049
801 -7.547937870025635
802 -6.928316593170166
803 -6.974112033843994
804 -7.54681396484375
805 -6.7957444190979
806 -7.544535160064697
807 -7.1180806159973145
808 -7.056577205657959
809 -7.451760768890381
810 -6.79155969619751
811 -7.0003790855407715
812 -7.093578815460205
813 -7.055897235870361
814 -7.4501423835754395
815 -7.0713372230529785
816 -6.792510986328125
817 -7.547631740570068
818 -7.055552005767822
819 -6.53529691696167
820 -7.547544002532959
821 -6.8323073387146
822 -7.545813083648682
823 -7.056602954864502
824 -7.450036525726318
825 -7.449932098388672
826 -6.695016384124756
827 -6.790156841278076
828 -7.5478596687316895
829 -7.546595096588135
830 -7.05658483505249
831 -7.11810302734375
832 -7.0518798828125
833 -7.450073719024658
834 -7.0597991943359375
835 -6.705933094024658
836 -7.0563836097717285
837 -7.5485615730285645
838 -6.570793151855469
839 -7.041849613189697
840 -6.798913478851318
841 -7.449491024017334
842 -7.547626972198486
843 -6.794447422027588
844 -6.793570041656494
845 -6.919256210327148
846 -7.093590259552002
847 -7.118095874786377
848 -7.055201053619385
849 -6.793481349945068
850 -7.449952602386475
851 -7.118095874786377
852 -7.055713653564453
853 -6.793504238128662
854 -7.000387668609619
855 -7.093346118927002
856 -6.8323073387146
857 -6.97458028793335
858 -7.118070125579834
859 -7.11810302734375
860 -7.118040561676025
861 -7.063049793243408
862 -7.5480170249938965
863 -7.056722164154053
864 -6.524348735809326
865 -6.795313358306885
866 -7.3563714027404785
867 -7.11809778213501
868 -7.076030731201172
869 -7.012964725494385
870 -6.97487211227417
871 -7.0936126708984375
872 -6.978243350982666
873 -6.795133590698242
874 -6.97389554977417
875 -7.354966640472412
876 -7.093624591827393
877 -7.5474467277526855
878 -7.055596828460693
879 -7.076204776763916
880 -7.118040084838867
881 -7.093614101409912
882 -6.794797420501709
883 -7.449982166290283
884 -7.0934224128723145
885 -7.451720714569092
886 -6.800495147705078
887 -6.975096225738525
888 -7.543332576751709
889 -7.4508376121521
890 -6.79259729385376
891 -6.736965656280518
892 -6.705909729003906
893 -7.1180901527404785
894 -7.547464847564697
895 -7.051747798919678
896 -6.791293621063232
897 -7.071336269378662
898 -7.5479416847229
899 -7.544759750366211
900 -7.452630996704102
901 -6.79743766784668
902 -6.938318252563477
903 -7.54794454574585
904 -7.093641757965088
905 -6.792789459228516
906 -6.735498905181885
907 -6.953569412231445
908 -7.450072765350342
909 -7.4500885009765625
910 -6.793933391571045
911 -7.093616008758545
912 -7.076068878173828
913 -6.938619136810303
914 -7.0558905601501465
915 -6.832804203033447
916 -7.546874523162842
917 -6.793607234954834
918 -7.0128607749938965
919 -7.118096828460693
920 -7.056488037109375
921 -7.000463485717773
922 -7.546735763549805
923 -7.450560092926025
924 -6.7953925132751465
925 -7.012757778167725
926 -7.118092060089111
927 -6.7967963218688965
928 -7.547704219818115
929 -7.547206878662109
930 -7.542959690093994
931 -7.051050186157227
932 -7.0510993003845215
933 -7.356588840484619
934 -7.05280065536499
935 -7.056349277496338
936 -7.449815273284912
937 -7.049251556396484
938 -6.7951788902282715
939 -7.450057506561279
940 -7.547722339630127
941 -7.118076801300049
942 -6.6941046714782715
943 -7.11810302734375
944 -7.546945095062256
945 -7.45086145401001
946 -7.547333240509033
947 -6.799951076507568
948 -7.548094272613525
949 -6.9380202293396
950 -7.093568325042725
951 -6.78973913192749
952 -7.056407451629639
953 -6.832804203033447
954 -7.055813312530518
955 -6.792795658111572
956 -7.0555500984191895
957 -7.076071262359619
958 -7.076155185699463
959 -7.547591686248779
960 -6.705955982208252
961 -6.9379496574401855
962 -7.052740573883057
963 -6.792765140533447
964 -7.547813892364502
965 -7.062536239624023
966 -7.056725978851318
967 -6.698997497558594
968 -6.736448287963867
969 -6.9741129875183105
970 -6.9741129875183105
971 -7.450236797332764
972 -6.736626148223877
973 -7.0521159172058105
974 -7.049663066864014
975 -6.794753551483154
976 -7.450061798095703
977 -7.048206806182861
978 -6.93267297744751
979 -6.698988437652588
980 -6.790439128875732
981 -6.789027690887451
982 -7.449626922607422
983 -7.546258449554443
984 -6.79923677444458
985 -6.794271945953369
986 -7.051040172576904
987 -7.071336269378662
988 -7.093534469604492
989 -6.795745372772217
990 -7.5476555824279785
991 -7.076021194458008
992 -7.056188106536865
993 -6.80238676071167
994 -7.0935797691345215
995 -7.451638698577881
996 -6.698973178863525
997 -7.542781352996826
998 -7.547001361846924
999 -7.450721263885498
