0 -5.6401047706604
1 -5.218156337738037
2 -4.890437126159668
3 -4.994352340698242
4 -4.021190643310547
5 -5.524503707885742
6 -5.744637966156006
7 -4.705132484436035
8 -4.97504997253418
9 -5.262282848358154
10 -5.012655735015869
11 -5.24038553237915
12 -4.80626916885376
13 -5.438621520996094
14 -4.7255024909973145
15 -5.546725749969482
16 -4.8373308181762695
17 -4.441465377807617
18 -4.640602111816406
19 -4.881722450256348
20 -5.2780609130859375
21 -4.2262067794799805
22 -5.64506196975708
23 -5.863000392913818
24 -5.606233596801758
25 -4.797049045562744
26 -5.177401542663574
27 -5.98980188369751
28 -5.564443111419678
29 -5.766271114349365
30 -5.462591648101807
31 -5.606233596801758
32 -5.3041605949401855
33 -6.026533126831055
34 -5.810844421386719
35 -4.614400386810303
36 -4.916718482971191
37 -5.403039932250977
38 -4.614400386810303
39 -4.7172346115112305
40 -5.707365036010742
41 -5.332876205444336
42 -4.605433464050293
43 -5.761340618133545
44 -5.068122863769531
45 -4.811948299407959
46 -5.778218746185303
47 -5.823801517486572
48 -5.505911350250244
49 -5.219992160797119
50 -4.869091033935547
51 -4.852170467376709
52 -5.720184803009033
53 -5.728617191314697
54 -5.489677906036377
55 -6.1533942222595215
56 -5.45880651473999
57 -5.417496204376221
58 -5.833644866943359
59 -4.673615455627441
60 -5.515998363494873
61 -4.877427101135254
62 -4.911497116088867
63 -4.93814754486084
64 -4.736623287200928
65 -5.669340133666992
66 -6.009007930755615
67 -4.609273910522461
68 -5.384418964385986
69 -5.83008337020874
70 -5.252439498901367
71 -6.320486068725586
72 -5.672827243804932
73 -5.680479526519775
74 -5.540241718292236
75 -5.701419830322266
76 -5.281556606292725
77 -5.358964443206787
78 -5.200736999511719
79 -5.4740777015686035
80 -5.5956268310546875
81 -5.769384860992432
82 -5.757070541381836
83 -4.878289222717285
84 -5.674472332000732
85 -5.51002836227417
86 -6.145288944244385
87 -4.675298690795898
88 -5.780232906341553
89 -5.878407001495361
90 -5.490762710571289
91 -5.477871417999268
92 -5.106644630432129
93 -5.388111114501953
94 -5.523050785064697
95 -5.207347869873047
96 -5.493694305419922
97 -6.309389591217041
98 -5.570000171661377
99 -5.572877407073975
100 -5.829264163970947
101 -5.0940961837768555
102 -5.217211723327637
103 -5.807305812835693
104 -5.504649639129639
105 -5.203044891357422
106 -5.473504543304443
107 -5.589460849761963
108 -5.172436714172363
109 -5.372383117675781
110 -5.570000171661377
111 -5.6970438957214355
112 -5.939538478851318
113 -5.642886638641357
114 -5.570000171661377
115 -5.245748519897461
116 -5.9675679206848145
117 -5.9103684425354
118 -5.841860294342041
119 -4.580079078674316
120 -4.730067253112793
121 -5.709768772125244
122 -5.621187686920166
123 -5.673117160797119
124 -5.795024394989014
125 -5.285206317901611
126 -4.5713958740234375
127 -6.367085933685303
128 -5.71128511428833
129 -5.831042766571045
130 -5.472375869750977
131 -5.4057936668396
132 -5.946560382843018
133 -5.390268325805664
134 -5.411273956298828
135 -5.830812454223633
136 -4.84759521484375
137 -5.397428512573242
138 -5.328494548797607
139 -5.396382808685303
140 -5.625143051147461
141 -5.570000171661377
142 -4.761544227600098
143 -6.19375467300415
144 -6.3698272705078125
145 -6.011500835418701
146 -5.9871649742126465
147 -5.22784948348999
148 -4.699252128601074
149 -4.5569281578063965
150 -6.068277835845947
151 -5.860780715942383
152 -5.7013373374938965
153 -4.814067840576172
154 -4.643570899963379
155 -5.9529595375061035
156 -4.681900978088379
157 -4.719289779663086
158 -5.80730676651001
159 -5.592552185058594
160 -5.325542449951172
161 -4.737771987915039
162 -5.879183292388916
163 -4.932827949523926
164 -5.701337814331055
165 -5.176052093505859
166 -5.63823938369751
167 -5.9399542808532715
168 -4.611584186553955
169 -6.448398590087891
170 -6.042178630828857
171 -6.136324405670166
172 -4.556928634643555
173 -5.75784158706665
174 -5.772986888885498
175 -4.973992347717285
176 -5.97698974609375
177 -5.607125759124756
178 -5.169022083282471
179 -5.961884021759033
180 -5.37463903427124
181 -5.292370319366455
182 -6.0263590812683105
183 -4.5316162109375
184 -5.448051452636719
185 -4.117061614990234
186 -5.840539455413818
187 -4.618262767791748
188 -5.702249050140381
189 -5.171971321105957
190 -5.894970417022705
191 -4.500295639038086
192 -5.647633075714111
193 -5.545475006103516
194 -5.791513919830322
195 -4.948076248168945
196 -6.096031665802002
197 -4.961231231689453
198 -5.681494235992432
199 -5.430501461029053
200 -5.245296001434326
201 -5.007124900817871
202 -5.918786525726318
203 -5.024877548217773
204 -5.7056355476379395
205 -5.73667573928833
206 -6.024916172027588
207 -5.407825946807861
208 -5.542395114898682
209 -4.4973554611206055
210 -4.618262767791748
211 -5.568087100982666
212 -5.735406875610352
213 -5.297172546386719
214 -5.482730865478516
215 -4.939509391784668
216 -6.3661932945251465
217 -5.562746524810791
218 -5.0457048416137695
219 -5.2860517501831055
220 -5.211427688598633
221 -5.951016902923584
222 -5.538506984710693
223 -5.741157531738281
224 -5.799802303314209
225 -4.243176460266113
226 -5.616613864898682
227 -5.876680850982666
228 -5.088944435119629
229 -4.999852180480957
230 -4.999851703643799
231 -5.667515277862549
232 -5.233283996582031
233 -6.327706813812256
234 -5.812357425689697
235 -5.2244391441345215
236 -5.602903842926025
237 -5.782007217407227
238 -4.663907527923584
239 -5.704017639160156
240 -4.697969436645508
241 -5.505001068115234
242 -5.496923923492432
243 -5.225732326507568
244 -5.823854923248291
245 -5.559841632843018
246 -5.664639949798584
247 -5.910781383514404
248 -5.480720043182373
249 -4.7112226486206055
250 -4.7007551193237305
251 -4.555576324462891
252 -5.157723426818848
253 -4.617313385009766
254 -5.180675506591797
255 -5.656385898590088
256 -5.641472339630127
257 -5.940515518188477
258 -4.946464538574219
259 -5.354793548583984
260 -5.883657455444336
261 -4.781853675842285
262 -5.704017639160156
263 -5.590878963470459
264 -5.491209506988525
265 -5.545028209686279
266 -5.146292686462402
267 -5.846573352813721
268 -5.954849720001221
269 -4.99986457824707
270 -4.5770769119262695
271 -5.650259017944336
272 -5.26098108291626
273 -5.539464950561523
274 -5.302445411682129
275 -5.637612819671631
276 -5.8034749031066895
277 -5.126594543457031
278 -6.09592866897583
279 -5.211150169372559
280 -5.8070759773254395
281 -5.5713276863098145
282 -5.868784427642822
283 -5.283570289611816
284 -4.302507400512695
285 -5.700231075286865
286 -4.306428909301758
287 -5.999172210693359
288 -4.243630409240723
289 -5.702192306518555
290 -5.357090473175049
291 -5.206747055053711
292 -5.904299259185791
293 -5.288240909576416
294 -5.600490570068359
295 -5.870143413543701
296 -5.843747615814209
297 -5.778789043426514
298 -5.337110996246338
299 -5.259156227111816
300 -5.702192306518555
301 -6.4023895263671875
302 -5.788268566131592
303 -5.702192306518555
304 -5.528234004974365
305 -5.728654861450195
306 -6.504913330078125
307 -5.1911420822143555
308 -5.691047668457031
309 -5.549326419830322
310 -5.511141300201416
311 -6.032785415649414
312 -4.885098457336426
313 -5.962337970733643
314 -6.048938274383545
315 -4.612570762634277
316 -5.32600212097168
317 -5.670851230621338
318 -5.43065071105957
319 -6.005940914154053
320 -5.642820358276367
321 -5.259685516357422
322 -5.2453765869140625
323 -5.550720691680908
324 -4.7297515869140625
325 -6.4729437828063965
326 -5.731555938720703
327 -5.510688781738281
328 -4.615079879760742
329 -5.772851467132568
330 -6.089763641357422
331 -6.139535427093506
332 -6.289234161376953
333 -5.630445957183838
334 -4.764911651611328
335 -5.378347873687744
336 -5.633314609527588
337 -5.0536956787109375
338 -6.208221912384033
339 -6.423712253570557
340 -5.735259532928467
341 -6.128122806549072
342 -4.237081527709961
343 -5.635889053344727
344 -5.217831134796143
345 -5.987541198730469
346 -5.912786483764648
347 -6.22288703918457
348 -4.813896179199219
349 -6.1979193687438965
350 -6.175281524658203
351 -5.834898471832275
352 -5.941354274749756
353 -6.03613805770874
354 -5.806142807006836
355 -5.719541072845459
356 -5.713725566864014
357 -6.1248931884765625
358 -4.993928909301758
359 -4.765352249145508
360 -5.549333095550537
361 -5.3677825927734375
362 -5.904535293579102
363 -4.697762489318848
364 -5.548635005950928
365 -5.7426066398620605
366 -5.724695205688477
367 -5.040085792541504
368 -5.534418106079102
369 -5.272349834442139
370 -5.0904693603515625
371 -5.675409317016602
372 -5.894222259521484
373 -5.03542947769165
374 -5.697255611419678
375 -6.052526473999023
376 -6.3842597007751465
377 -5.762287139892578
378 -5.831231594085693
379 -5.426094055175781
380 -5.788938522338867
381 -4.6073713302612305
382 -6.080833435058594
383 -6.511264324188232
384 -6.0978827476501465
385 -5.335239410400391
386 -5.96598482131958
387 -5.303940773010254
388 -6.455392360687256
389 -5.520850658416748
390 -5.431424617767334
391 -6.3795037269592285
392 -6.10679292678833
393 -6.045907974243164
394 -6.054561614990234
395 -5.682130336761475
396 -5.584415912628174
397 -6.115621566772461
398 -5.97063684463501
399 -5.7574286460876465
400 -6.2554755210876465
401 -6.000347137451172
402 -5.728976726531982
403 -6.557554244995117
404 -6.252710819244385
405 -5.760681629180908
406 -6.134158611297607
407 -5.937684535980225
408 -5.5269246101379395
409 -6.441124439239502
410 -5.9621901512146
411 -6.1405930519104
412 -6.0204548835754395
413 -5.62510347366333
414 -6.169652462005615
415 -6.566671848297119
416 -5.827761173248291
417 -5.691535949707031
418 -6.488718509674072
419 -6.441247940063477
420 -6.403015613555908
421 -5.817771911621094
422 -6.025510787963867
423 -6.5499138832092285
424 -6.199758529663086
425 -6.269755840301514
426 -6.2595062255859375
427 -6.653553485870361
428 -6.4388275146484375
429 -6.498406887054443
430 -6.388525009155273
431 -6.260885715484619
432 -5.74240255355835
433 -5.848580837249756
434 -6.58679723739624
435 -6.031091690063477
436 -6.3980712890625
437 -5.999247074127197
438 -6.5677666664123535
439 -6.514810085296631
440 -6.3140177726745605
441 -6.502432346343994
442 -6.77604341506958
443 -6.369433879852295
444 -6.282141208648682
445 -6.191402912139893
446 -6.0929083824157715
447 -6.969773769378662
448 -6.393106937408447
449 -6.083833694458008
450 -6.888129711151123
451 -5.913691997528076
452 -5.976637363433838
453 -5.886159420013428
454 -6.511109828948975
455 -6.135310649871826
456 -6.581085681915283
457 -6.374128818511963
458 -6.947897434234619
459 -6.408323764801025
460 -6.44838285446167
461 -5.666558742523193
462 -6.453677654266357
463 -6.0423903465271
464 -6.230808734893799
465 -6.08383321762085
466 -6.10518217086792
467 -5.9607253074646
468 -6.324699401855469
469 -6.0953216552734375
470 -5.922181606292725
471 -5.613445281982422
472 -6.453850269317627
473 -5.882959842681885
474 -6.4416279792785645
475 -5.573721408843994
476 -6.444129943847656
477 -6.369433879852295
478 -6.4062180519104
479 -6.606078624725342
480 -6.213813304901123
481 -6.423116207122803
482 -5.99177360534668
483 -6.934403896331787
484 -6.346035003662109
485 -6.369433879852295
486 -5.958268642425537
487 -4.804594993591309
488 -6.589436054229736
489 -6.334377765655518
490 -6.304849147796631
491 -6.4582905769348145
492 -6.542199611663818
493 -6.48313570022583
494 -6.518148899078369
495 -6.936387538909912
496 -6.031168460845947
497 -6.066102504730225
498 -7.011027812957764
499 -5.9841084480285645
500 -6.361502170562744
501 -6.369433879852295
502 -6.476138591766357
503 -6.467770099639893
504 -6.070794582366943
505 -6.979055881500244
506 -6.702871799468994
507 -6.186270236968994
508 -6.518148899078369
509 -6.422010898590088
510 -6.405541896820068
511 -6.594993591308594
512 -6.082907199859619
513 -6.03078031539917
514 -5.751462936401367
515 -6.083833694458008
516 -6.075167179107666
517 -6.369433879852295
518 -6.779542922973633
519 -6.558614253997803
520 -6.10618257522583
521 -6.393747806549072
522 -6.080174922943115
523 -6.910120487213135
524 -6.5288987159729
525 -6.479701519012451
526 -6.423913478851318
527 -6.369433879852295
528 -5.850977420806885
529 -5.996134281158447
530 -5.78878927230835
531 -6.34001350402832
532 -6.185556411743164
533 -6.489396572113037
534 -6.971498966217041
535 -6.083833694458008
536 -5.763803005218506
537 -6.4480881690979
538 -6.186797618865967
539 -6.4641265869140625
540 -6.675048351287842
541 -6.562520980834961
542 -6.389627933502197
543 -5.797309398651123
544 -6.440032958984375
545 -6.550863742828369
546 -6.517842769622803
547 -6.566229343414307
548 -6.488287448883057
549 -6.462896347045898
550 -6.016745090484619
551 -6.392751693725586
552 -6.453052043914795
553 -6.234152317047119
554 -6.281073093414307
555 -6.3694329261779785
556 -6.061995029449463
557 -6.5629754066467285
558 -6.178169250488281
559 -4.15192985534668
560 -6.467702865600586
561 -6.482178211212158
562 -6.278863906860352
563 -6.518320083618164
564 -6.127222537994385
565 -7.006101608276367
566 -6.524942874908447
567 -6.572316646575928
568 -6.438571929931641
569 -5.774478435516357
570 -6.2699055671691895
571 -6.58661413192749
572 -6.461206436157227
573 -6.306123733520508
574 -6.112459659576416
575 -6.882574558258057
576 -6.232174396514893
577 -6.561355113983154
578 -6.946817398071289
579 -6.143258571624756
580 -6.5455756187438965
581 -6.089107990264893
582 -6.5000481605529785
583 -6.346705913543701
584 -6.409109592437744
585 -6.44644021987915
586 -6.3694329261779785
587 -6.4875335693359375
588 -5.197701454162598
589 -6.869375228881836
590 -6.728705883026123
591 -6.489673614501953
592 -6.522741794586182
593 -6.894872188568115
594 -6.407993793487549
595 -6.416988849639893
596 -6.129075527191162
597 -5.9251580238342285
598 -6.451573848724365
599 -6.467051982879639
600 -6.369433879852295
601 -6.07391881942749
602 -6.341817378997803
603 -6.255769729614258
604 -6.120450973510742
605 -6.026674747467041
606 -6.139296054840088
607 -6.3694329261779785
608 -6.518320560455322
609 -6.0332350730896
610 -6.336885452270508
611 -6.221460819244385
612 -6.954456806182861
613 -6.843538761138916
614 -6.669544219970703
615 -6.231729030609131
616 -6.9242939949035645
617 -6.594076633453369
618 -7.077219486236572
619 -6.957513332366943
620 -6.537361145019531
621 -6.503908634185791
622 -6.5786309242248535
623 -5.974977493286133
624 -6.156327724456787
625 -5.786627292633057
626 -6.470781326293945
627 -6.42717170715332
628 -6.033048152923584
629 -6.457289218902588
630 -6.541280269622803
631 -5.995307922363281
632 -6.00924825668335
633 -6.390600681304932
634 -6.476847171783447
635 -5.3360915184021
636 -5.995663166046143
637 -6.498357772827148
638 -6.077185153961182
639 -6.083833694458008
640 -5.850825786590576
641 -6.13049840927124
642 -6.394269943237305
643 -6.600940227508545
644 -6.407402515411377
645 -6.291884899139404
646 -6.142004489898682
647 -5.999225616455078
648 -6.595966339111328
649 -6.42453145980835
650 -6.415605545043945
651 -6.008798122406006
652 -6.190981388092041
653 -5.839616298675537
654 -6.545450687408447
655 -6.45391321182251
656 -6.545907497406006
657 -6.3694329261779785
658 -7.069468021392822
659 -6.12907600402832
660 -6.180860996246338
661 -6.5865397453308105
662 -6.481849670410156
663 -5.800528049468994
664 -6.1105523109436035
665 -5.812547206878662
666 -6.622277736663818
667 -6.388725280761719
668 -6.46734094619751
669 -6.064120769500732
670 -6.58501672744751
671 -6.77800989151001
672 -6.400824069976807
673 -6.481573104858398
674 -6.511218547821045
675 -6.584082126617432
676 -6.217870235443115
677 -6.129075527191162
678 -6.448083400726318
679 -5.622049808502197
680 -5.855318546295166
681 -5.480839252471924
682 -6.167979717254639
683 -6.440297603607178
684 -6.3967366218566895
685 -6.020776748657227
686 -6.475396633148193
687 -6.372196197509766
688 -6.877294063568115
689 -6.377483367919922
690 -6.961075305938721
691 -6.405470371246338
692 -6.634973049163818
693 -6.938329219818115
694 -6.0403618812561035
695 -6.970207214355469
696 -6.887217044830322
697 -6.333084583282471
698 -6.423210144042969
699 -6.116727352142334
700 -5.669409275054932
701 -6.546679973602295
702 -6.407439708709717
703 -6.369433879852295
704 -6.5509352684021
705 -5.579342365264893
706 -6.063211917877197
707 -6.206348419189453
708 -6.386102199554443
709 -6.973841190338135
710 -6.443687438964844
711 -5.565114498138428
712 -7.050295352935791
713 -6.590774059295654
714 -7.04079008102417
715 -6.54187536239624
716 -6.85053825378418
717 -6.038492679595947
718 -6.396970272064209
719 -5.536163806915283
720 -6.379173278808594
721 -6.956249713897705
722 -6.133889675140381
723 -6.188539505004883
724 -5.880249500274658
725 -6.432318210601807
726 -7.008322238922119
727 -5.981254577636719
728 -6.236011981964111
729 -6.35426139831543
730 -6.3694329261779785
731 -6.606510162353516
732 -5.857349395751953
733 -6.571422576904297
734 -6.517735004425049
735 -6.369433879852295
736 -6.056492328643799
737 -6.083646774291992
738 -6.52556037902832
739 -6.129075527191162
740 -6.499815464019775
741 -6.565783977508545
742 -6.2703399658203125
743 -6.595346927642822
744 -5.979020595550537
745 -6.794863224029541
746 -6.173896789550781
747 -5.98975133895874
748 -6.71712064743042
749 -5.580468654632568
750 -6.946836471557617
751 -6.266653537750244
752 -6.953328609466553
753 -6.5234551429748535
754 -6.423255920410156
755 -6.023351192474365
756 -6.67041540145874
757 -5.889083385467529
758 -6.392159938812256
759 -6.666957855224609
760 -6.357820987701416
761 -6.154848098754883
762 -6.060737609863281
763 -6.548654079437256
764 -6.515352725982666
765 -6.045750141143799
766 -7.096691131591797
767 -6.917285919189453
768 -5.723138332366943
769 -6.4506707191467285
770 -6.41815710067749
771 -6.250915050506592
772 -6.501561641693115
773 -6.512071132659912
774 -6.515323638916016
775 -6.369433879852295
776 -6.970278263092041
777 -6.066792964935303
778 -6.258052825927734
779 -6.363107204437256
780 -6.1646409034729
781 -5.971434116363525
782 -5.451876163482666
783 -6.438209533691406
784 -4.958950519561768
785 -6.517735958099365
786 -6.1064934730529785
787 -6.660085201263428
788 -6.004549026489258
789 -6.527900218963623
790 -6.2236456871032715
791 -6.441072463989258
792 -6.096986293792725
793 -6.404848575592041
794 -6.030855655670166
795 -6.553915500640869
796 -6.369433879852295
797 -6.4633660316467285
798 -6.028345108032227
799 -6.583354949951172
800 -6.369433879852295
801 -6.376242160797119
802 -6.083833694458008
803 -6.1025872230529785
804 -7.092587947845459
805 -6.4214301109313965
806 -6.339395999908447
807 -6.55754280090332
808 -6.4173665046691895
809 -6.464121341705322
810 -6.462866306304932
811 -6.368619441986084
812 -6.126923084259033
813 -6.5223517417907715
814 -6.88569974899292
815 -6.867153644561768
816 -6.092325687408447
817 -6.4421706199646
818 -6.400598526000977
819 -6.087284088134766
820 -6.119979381561279
821 -6.0934739112854
822 -6.554991245269775
823 -6.541923522949219
824 -6.0453338623046875
825 -6.517735004425049
826 -6.097614288330078
827 -6.448089122772217
828 -6.305757999420166
829 -6.37620210647583
830 -5.877561569213867
831 -6.301351070404053
832 -6.100224018096924
833 -6.3694329261779785
834 -6.074351787567139
835 -6.014255046844482
836 -6.129075527191162
837 -6.011754512786865
838 -6.411356449127197
839 -6.448326110839844
840 -6.385299205780029
841 -6.522561550140381
842 -5.4989094734191895
843 -6.562896728515625
844 -6.46404504776001
845 -6.626070022583008
846 -6.42188024520874
847 -6.08383321762085
848 -6.403791904449463
849 -6.455345630645752
850 -5.9866414070129395
851 -6.35702657699585
852 -6.42517614364624
853 -6.515230655670166
854 -6.262770175933838
855 -6.427108287811279
856 -6.4908294677734375
857 -6.129075527191162
858 -6.391326904296875
859 -6.293169021606445
860 -6.398438930511475
861 -6.175905704498291
862 -6.357820987701416
863 -6.596267223358154
864 -6.111654281616211
865 -6.847345352172852
866 -6.583329677581787
867 -6.567760467529297
868 -6.3762640953063965
869 -6.111485958099365
870 -5.684580326080322
871 -6.081669330596924
872 -6.444734573364258
873 -6.929559707641602
874 -5.978555679321289
875 -6.061020374298096
876 -6.176076412200928
877 -6.496030330657959
878 -6.3694329261779785
879 -6.541920185089111
880 -6.000013828277588
881 -6.886978626251221
882 -6.483408451080322
883 -6.073879241943359
884 -5.900206089019775
885 -6.2914719581604
886 -6.985055446624756
887 -6.150998592376709
888 -6.232624053955078
889 -6.385199069976807
890 -6.886978626251221
891 -6.40760612487793
892 -6.12645959854126
893 -6.068457126617432
894 -5.987668514251709
895 -6.406219005584717
896 -6.603692531585693
897 -6.639051914215088
898 -6.446085453033447
899 -6.0099310874938965
900 -6.416385650634766
901 -6.112781524658203
902 -6.973355770111084
903 -6.525089740753174
904 -6.94228982925415
905 -6.951413631439209
906 -6.626023769378662
907 -6.369433879852295
908 -6.123925685882568
909 -6.491670608520508
910 -4.53749942779541
911 -6.369433879852295
912 -5.8706374168396
913 -6.517735958099365
914 -6.452249050140381
915 -4.714349269866943
916 -6.1810736656188965
917 -6.423852443695068
918 -5.607290744781494
919 -6.455772399902344
920 -5.66627311706543
921 -6.059194087982178
922 -6.6109795570373535
923 -6.4346842765808105
924 -6.352447986602783
925 -7.049581050872803
926 -6.517735004425049
927 -6.335649013519287
928 -6.508169174194336
929 -5.9869065284729
930 -6.617590427398682
931 -6.0610198974609375
932 -5.680362224578857
933 -6.14631462097168
934 -7.136860370635986
935 -6.2733917236328125
936 -6.578256130218506
937 -6.369433879852295
938 -6.38629150390625
939 -6.3694329261779785
940 -6.431912899017334
941 -6.902101516723633
942 -6.33433198928833
943 -5.845973491668701
944 -6.517735958099365
945 -6.323795318603516
946 -5.966569423675537
947 -5.970645904541016
948 -6.337292194366455
949 -6.201150417327881
950 -5.920740604400635
951 -6.468440532684326
952 -5.887666702270508
953 -6.141221523284912
954 -6.368490695953369
955 -6.51288366317749
956 -6.0779337882995605
957 -5.946897029876709
958 -6.083833694458008
959 -7.069815158843994
960 -6.720133304595947
961 -6.245138168334961
962 -6.337866306304932
963 -6.369433879852295
964 -5.90548849105835
965 -7.0048909187316895
966 -6.659175872802734
967 -6.783952236175537
968 -6.422773361206055
969 -6.119323253631592
970 -6.5418243408203125
971 -5.661755084991455
972 -6.386695861816406
973 -6.450876235961914
974 -6.526699542999268
975 -6.026205062866211
976 -6.350593090057373
977 -6.03153657913208
978 -6.148015975952148
979 -6.597797393798828
980 -6.544224262237549
981 -7.104135036468506
982 -6.570892333984375
983 -5.903043270111084
984 -6.293673038482666
985 -6.009420871734619
986 -6.554882526397705
987 -5.939141750335693
988 -6.193275451660156
989 -6.467111587524414
990 -6.930324077606201
991 -6.481699466705322
992 -5.9315714836120605
993 -6.443575382232666
994 -4.909552574157715
995 -6.369433879852295
996 -6.369433879852295
997 -6.129075527191162
998 -6.083833694458008
