# nbins 139 161 161
# width 4.0000E-2 1.9635E-2 1.9635E-2
# sigma 1.0000E-1 1.0000E-1 1.0000E-1
# cutoff_min 5.0000E-1 0.0000 0.0000
# cutoff_max 6.0000 3.1416 3.1416
# radius_distance_tol 1.5000 2.5000 0.0000 0.0000
# elements C  
# energies -9.0768
# best_energy_per_element 0.0000
# 3-body_norm 3.9618E-2
# 4-body_norm 6.2112E-3
# in_dataset_3body T
# in_dataset_4body F
# element_pairs C-C
# radii 7.6000E-1
# best_energy_per_pair 0.0000
# 2-body_norm 1.5686E-2
# in_dataset_2body T

# 2-body
# bond-length  C-C
  0.500000000       0.00000000    
  0.540000021       0.00000000    
  0.579999983       0.00000000    
  0.620000005       0.00000000    
  0.659999967       0.00000000    
  0.699999988       0.00000000    
  0.740000010       0.00000000    
  0.779999971       0.00000000    
  0.819999993       0.00000000    
  0.860000014       0.00000000    
  0.899999976       0.00000000    
  0.939999998       2.71013221E-08
  0.980000019       2.59734236E-07
   1.01999998       2.12827490E-06
   1.05999994       1.49065163E-05
   1.10000002       8.92231183E-05
   1.13999999       4.56287729E-04
   1.17999995       1.99334836E-03
   1.22000003       7.43774092E-03
   1.25999999       2.36997493E-02
   1.29999995       6.44816384E-02
   1.34000003      0.149783716    
   1.38000000      0.297015548    
   1.41999996      0.502732694    
   1.46000004      0.726269662    
   1.50000000      0.895412922    
   1.53999996      0.942062259    
   1.57999992      0.845736861    
   1.62000000      0.647828758    
   1.65999997      0.423377872    
   1.69999993      0.236055166    
   1.74000001      0.112277314    
   1.77999997       4.55557667E-02
   1.81999993       1.57669093E-02
   1.86000001       4.65458352E-03
   1.89999998       1.17200939E-03
   1.93999994       2.51763675E-04
   1.98000002       4.67040409E-05
   2.01999998       1.19223996E-05
   2.05999994       3.24698776E-05
   2.09999990       1.79459719E-04
   2.13999987       8.70529446E-04
   2.18000007       3.60307656E-03
   2.22000003       1.27165811E-02
   2.25999999       3.82703245E-02
   2.29999995       9.82062593E-02
   2.33999991      0.214877993    
   2.37999988      0.400877297    
   2.42000008      0.637662470    
   2.46000004      0.864809692    
   2.50000000       1.00000000    
   2.53999996      0.985953510    
   2.57999992      0.829237342    
   2.61999989      0.596451938    
   2.65999985      0.372223258    
   2.70000005      0.217215285    
   2.74000001      0.155699447    
   2.77999997      0.187087208    
   2.81999993      0.296645671    
   2.85999990      0.452965260    
   2.89999986      0.603799224    
   2.94000006      0.689034820    
   2.98000002      0.670790136    
   3.01999998      0.556747735    
   3.05999994      0.393918306    
   3.09999990      0.237588540    
   3.13999987      0.122179486    
   3.17999983       5.36932275E-02
   3.22000003       2.06923485E-02
   3.25999999       8.90556816E-03
   3.29999995       9.62845888E-03
   3.33999991       2.13631485E-02
   3.37999988       4.74956334E-02
   3.41999984       9.14368704E-02
   3.46000004      0.150275543    
   3.50000000      0.210654274    
   3.53999996      0.252189785    
   3.57999992      0.259134024    
   3.61999989      0.232542872    
   3.65999985      0.192600191    
   3.69999981      0.168279886    
   3.74000001      0.181120768    
   3.77999997      0.232511029    
   3.81999993      0.300941408    
   3.85999990      0.351871163    
   3.89999986      0.356789261    
   3.93999982      0.309906602    
   3.98000002      0.229959294    
   4.01999998      0.146423921    
   4.05999994       8.29231516E-02
   4.09999990       5.08399457E-02
   4.13999987       5.42479008E-02
   4.17999983       9.68906432E-02
   4.21999979      0.181619242    
   4.25999975      0.300905257    
   4.29999971      0.427740842    
   4.34000015      0.520560265    
   4.38000011      0.545731783    
   4.42000008      0.502086341    
   4.46000004      0.424510449    
   4.50000000      0.360219598    
   4.53999996      0.336199403    
   4.57999992      0.343759537    
   4.61999989      0.350418895    
   4.65999985      0.326972514    
   4.69999981      0.267607778    
   4.73999977      0.189818442    
   4.77999973      0.119201936    
   4.81999969       7.45656341E-02
   4.86000013       6.30101115E-02
   4.90000010       8.23632255E-02
   4.94000006      0.123787470    
   4.98000002      0.172934026    
   5.01999998      0.213966921    
   5.05999994      0.238323286    
   5.09999990      0.251679987    
   5.13999987      0.269776762    
   5.17999983      0.303065836    
   5.21999979      0.343231052    
   5.25999975      0.365878552    
   5.29999971      0.349117368    
   5.33999968      0.291864693    
   5.38000011      0.216152057    
   5.42000008      0.153639466    
   5.46000004      0.129171222    
   5.50000000      0.151357010    
   5.53999996      0.210451916    
   5.57999992      0.281428605    
   5.61999989      0.333624572    
   5.65999985      0.346082836    
   5.69999981      0.319116771    
   5.73999977      0.271318942    
   5.77999973      0.223704010    
   5.81999969      0.185479566    
   5.85999966      0.153181598    
   5.90000010      0.120305911    
   5.94000006       8.56682584E-02
   5.98000002       5.36064021E-02
   6.01999998       2.89944690E-02

# 3-body
# bond-angle  C  
   0.00000000       0.00000000    
   1.96349546E-02   0.00000000    
   3.92699093E-02   0.00000000    
   5.89048639E-02   0.00000000    
   7.85398185E-02   0.00000000    
   9.81747732E-02   0.00000000    
  0.117809728       0.00000000    
  0.137444675       0.00000000    
  0.157079637       0.00000000    
  0.176714599       0.00000000    
  0.196349546       0.00000000    
  0.215984493       0.00000000    
  0.235619456       0.00000000    
  0.255254418       0.00000000    
  0.274889350       0.00000000    
  0.294524312       0.00000000    
  0.314159274       0.00000000    
  0.333794236       0.00000000    
  0.353429198       0.00000000    
  0.373064131       0.00000000    
  0.392699093       0.00000000    
  0.412334055       0.00000000    
  0.431968987       0.00000000    
  0.451603949       0.00000000    
  0.471238911       0.00000000    
  0.490873873       0.00000000    
  0.510508835       0.00000000    
  0.530143797       0.00000000    
  0.549778700       0.00000000    
  0.569413662       0.00000000    
  0.589048624       0.00000000    
  0.608683586       0.00000000    
  0.628318548       0.00000000    
  0.647953510       0.00000000    
  0.667588472       0.00000000    
  0.687223434       0.00000000    
  0.706858397       0.00000000    
  0.726493299       0.00000000    
  0.746128261       0.00000000    
  0.765763223       0.00000000    
  0.785398185       0.00000000    
  0.805033147       0.00000000    
  0.824668109       0.00000000    
  0.844303071       0.00000000    
  0.863937974       0.00000000    
  0.883572936       0.00000000    
  0.903207898       0.00000000    
  0.922842860       0.00000000    
  0.942477822       0.00000000    
  0.962112784       0.00000000    
  0.981747746       0.00000000    
   1.00138271       0.00000000    
   1.02101767       0.00000000    
   1.04065263       0.00000000    
   1.06028759       0.00000000    
   1.07992256       0.00000000    
   1.09955740       0.00000000    
   1.11919236       0.00000000    
   1.13882732       0.00000000    
   1.15846229       0.00000000    
   1.17809725       0.00000000    
   1.19773221       0.00000000    
   1.21736717       0.00000000    
   1.23700213       0.00000000    
   1.25663710       0.00000000    
   1.27627206       0.00000000    
   1.29590702       0.00000000    
   1.31554198       0.00000000    
   1.33517694       6.45596856E-08
   1.35481191       1.96020508E-07
   1.37444687       5.72662827E-07
   1.39408183       1.60972888E-06
   1.41371679       4.35373840E-06
   1.43335164       1.13299184E-05
   1.45298660       2.83693753E-05
   1.47262156       6.83485996E-05
   1.49225652       1.58440613E-04
   1.51189148       3.53394222E-04
   1.53152645       7.58418348E-04
   1.55116141       1.56608515E-03
   1.57079637       3.11155687E-03
   1.59043133       5.94836148E-03
   1.61006629       1.09414021E-02
   1.62970126       1.93644594E-02
   1.64933622       3.29757594E-02
   1.66897118       5.40306680E-02
   1.68860614       8.51809531E-02
   1.70824111      0.129211515    
   1.72787595      0.188588604    
   1.74751091      0.264842302    
   1.76714587      0.357862413    
   1.78678083      0.465265989    
   1.80641580      0.582026482    
   1.82605076      0.700553119    
   1.84568572      0.811327040    
   1.86532068      0.904081106    
   1.88495564      0.969338417    
   1.90459061       1.00000000    
   1.92422557      0.992615640    
   1.94386053      0.948022723    
   1.96349549      0.871189773    
   1.98313046      0.770307183    
   2.00276542      0.655347049    
   2.02240038      0.536457419    
   2.04203534      0.422528237    
   2.06167030      0.320208549    
   2.08130527      0.233489171    
   2.10094023      0.163816258    
   2.12057519      0.110586882    
   2.14021015       7.18301758E-02
   2.15984511       4.48918119E-02
   2.17948008       2.69950088E-02
   2.19911480       1.56192305E-02
   2.21874976       8.69539753E-03
   2.23838472       4.65774816E-03
   2.25801969       2.40059616E-03
   2.27765465       1.19047123E-03
   2.29728961       5.68034942E-04
   2.31692457       2.60788162E-04
   2.33655953       1.15201248E-04
   2.35619450       4.89646627E-05
   2.37582946       2.00246577E-05
   2.39546442       7.87960562E-06
   2.41509938       2.98332361E-06
   2.43473434       1.08680661E-06
   2.45436931       3.80943874E-07
   2.47400427       1.28477325E-07
   2.49363923       0.00000000    
   2.51327419       0.00000000    
   2.53290915       0.00000000    
   2.55254412       0.00000000    
   2.57217908       0.00000000    
   2.59181404       0.00000000    
   2.61144900       0.00000000    
   2.63108397       0.00000000    
   2.65071893       0.00000000    
   2.67035389       0.00000000    
   2.68998885       0.00000000    
   2.70962381       0.00000000    
   2.72925878       0.00000000    
   2.74889374       0.00000000    
   2.76852870       0.00000000    
   2.78816366       0.00000000    
   2.80779862       0.00000000    
   2.82743359       0.00000000    
   2.84706831       0.00000000    
   2.86670327       0.00000000    
   2.88633823       0.00000000    
   2.90597320       0.00000000    
   2.92560816       0.00000000    
   2.94524312       0.00000000    
   2.96487808       0.00000000    
   2.98451304       0.00000000    
   3.00414801       0.00000000    
   3.02378297       0.00000000    
   3.04341793       0.00000000    
   3.06305289       0.00000000    
   3.08268785       0.00000000    
   3.10232282       0.00000000    
   3.12195778       0.00000000    
   3.14159274       0.00000000    

# 4-body
# dihedral-angle  C  
   0.00000000       1.00000000    
   1.96349546E-02   1.00000000    
   3.92699093E-02   1.00000000    
   5.89048639E-02   1.00000000    
   7.85398185E-02   1.00000000    
   9.81747732E-02   1.00000000    
  0.117809728       1.00000000    
  0.137444675       1.00000000    
  0.157079637       1.00000000    
  0.176714599       1.00000000    
  0.196349546       1.00000000    
  0.215984493       1.00000000    
  0.235619456       1.00000000    
  0.255254418       1.00000000    
  0.274889350       1.00000000    
  0.294524312       1.00000000    
  0.314159274       1.00000000    
  0.333794236       1.00000000    
  0.353429198       1.00000000    
  0.373064131       1.00000000    
  0.392699093       1.00000000    
  0.412334055       1.00000000    
  0.431968987       1.00000000    
  0.451603949       1.00000000    
  0.471238911       1.00000000    
  0.490873873       1.00000000    
  0.510508835       1.00000000    
  0.530143797       1.00000000    
  0.549778700       1.00000000    
  0.569413662       1.00000000    
  0.589048624       1.00000000    
  0.608683586       1.00000000    
  0.628318548       1.00000000    
  0.647953510       1.00000000    
  0.667588472       1.00000000    
  0.687223434       1.00000000    
  0.706858397       1.00000000    
  0.726493299       1.00000000    
  0.746128261       1.00000000    
  0.765763223       1.00000000    
  0.785398185       1.00000000    
  0.805033147       1.00000000    
  0.824668109       1.00000000    
  0.844303071       1.00000000    
  0.863937974       1.00000000    
  0.883572936       1.00000000    
  0.903207898       1.00000000    
  0.922842860       1.00000000    
  0.942477822       1.00000000    
  0.962112784       1.00000000    
  0.981747746       1.00000000    
   1.00138271       1.00000000    
   1.02101767       1.00000000    
   1.04065263       1.00000000    
   1.06028759       1.00000000    
   1.07992256       1.00000000    
   1.09955740       1.00000000    
   1.11919236       1.00000000    
   1.13882732       1.00000000    
   1.15846229       1.00000000    
   1.17809725       1.00000000    
   1.19773221       1.00000000    
   1.21736717       1.00000000    
   1.23700213       1.00000000    
   1.25663710       1.00000000    
   1.27627206       1.00000000    
   1.29590702       1.00000000    
   1.31554198       1.00000000    
   1.33517694       1.00000000    
   1.35481191       1.00000000    
   1.37444687       1.00000000    
   1.39408183       1.00000000    
   1.41371679       1.00000000    
   1.43335164       1.00000000    
   1.45298660       1.00000000    
   1.47262156       1.00000000    
   1.49225652       1.00000000    
   1.51189148       1.00000000    
   1.53152645       1.00000000    
   1.55116141       1.00000000    
   1.57079637       1.00000000    
   1.59043133       1.00000000    
   1.61006629       1.00000000    
   1.62970126       1.00000000    
   1.64933622       1.00000000    
   1.66897118       1.00000000    
   1.68860614       1.00000000    
   1.70824111       1.00000000    
   1.72787595       1.00000000    
   1.74751091       1.00000000    
   1.76714587       1.00000000    
   1.78678083       1.00000000    
   1.80641580       1.00000000    
   1.82605076       1.00000000    
   1.84568572       1.00000000    
   1.86532068       1.00000000    
   1.88495564       1.00000000    
   1.90459061       1.00000000    
   1.92422557       1.00000000    
   1.94386053       1.00000000    
   1.96349549       1.00000000    
   1.98313046       1.00000000    
   2.00276542       1.00000000    
   2.02240038       1.00000000    
   2.04203534       1.00000000    
   2.06167030       1.00000000    
   2.08130527       1.00000000    
   2.10094023       1.00000000    
   2.12057519       1.00000000    
   2.14021015       1.00000000    
   2.15984511       1.00000000    
   2.17948008       1.00000000    
   2.19911480       1.00000000    
   2.21874976       1.00000000    
   2.23838472       1.00000000    
   2.25801969       1.00000000    
   2.27765465       1.00000000    
   2.29728961       1.00000000    
   2.31692457       1.00000000    
   2.33655953       1.00000000    
   2.35619450       1.00000000    
   2.37582946       1.00000000    
   2.39546442       1.00000000    
   2.41509938       1.00000000    
   2.43473434       1.00000000    
   2.45436931       1.00000000    
   2.47400427       1.00000000    
   2.49363923       1.00000000    
   2.51327419       1.00000000    
   2.53290915       1.00000000    
   2.55254412       1.00000000    
   2.57217908       1.00000000    
   2.59181404       1.00000000    
   2.61144900       1.00000000    
   2.63108397       1.00000000    
   2.65071893       1.00000000    
   2.67035389       1.00000000    
   2.68998885       1.00000000    
   2.70962381       1.00000000    
   2.72925878       1.00000000    
   2.74889374       1.00000000    
   2.76852870       1.00000000    
   2.78816366       1.00000000    
   2.80779862       1.00000000    
   2.82743359       1.00000000    
   2.84706831       1.00000000    
   2.86670327       1.00000000    
   2.88633823       1.00000000    
   2.90597320       1.00000000    
   2.92560816       1.00000000    
   2.94524312       1.00000000    
   2.96487808       1.00000000    
   2.98451304       1.00000000    
   3.00414801       1.00000000    
   3.02378297       1.00000000    
   3.04341793       1.00000000    
   3.06305289       1.00000000    
   3.08268785       1.00000000    
   3.10232282       1.00000000    
   3.12195778       1.00000000    
   3.14159274       1.00000000    
