0 -3.571535110473633
1 -3.5715324878692627
2 -3.571549892425537
3 -3.5715255737304688
4 -3.571564197540283
5 -3.1653029918670654
6 -3.165196657180786
7 -3.165227174758911
8 -3.1652920246124268
9 -3.1652660369873047
10 -3.6631436347961426
11 -3.662839889526367
12 -3.6632325649261475
13 -3.662867307662964
14 -3.663115978240967
15 -3.423199415206909
16 -3.4232444763183594
17 -3.423241138458252
18 -3.4232184886932373
19 -3.4232163429260254
20 -3.588716983795166
21 -3.6014020442962646
22 -3.60168194770813
23 -3.600541353225708
24 -3.5887815952301025
25 -3.6210098266601562
26 -3.6209471225738525
27 -3.620619058609009
28 -3.601485252380371
29 -3.621251344680786
30 -2.8211066722869873
31 -2.8211092948913574
32 -2.8211119174957275
33 -3.507033109664917
34 -3.5069730281829834
35 -3.5070459842681885
36 -3.5070133209228516
37 -3.507026195526123
38 -3.477675437927246
39 -3.4776198863983154
40 -3.4776947498321533
41 -3.477614641189575
42 -3.477731466293335
43 -3.4497456550598145
44 -3.449716567993164
45 -3.449669599533081
46 -3.449807643890381
47 -3.4497673511505127
48 -3.6586663722991943
49 -3.6555440425872803
50 -3.6553890705108643
51 -3.6555721759796143
52 -3.6584548950195312
53 -3.648991346359253
54 -3.647392511367798
55 -3.648458480834961
56 -3.6473584175109863
57 -3.647826671600342
58 -3.5715956687927246
59 -3.5715887546539307
60 -3.571525812149048
61 -3.571610927581787
62 -3.5715339183807373
63 -3.1651556491851807
64 -3.1653261184692383
65 -3.165289878845215
66 -3.1652934551239014
67 -3.165207624435425
68 -3.6632790565490723
69 -3.6630606651306152
70 -3.6630983352661133
71 -3.663140296936035
72 -3.663227081298828
73 -3.423283815383911
74 -3.4230620861053467
75 -3.423279285430908
76 -3.4232020378112793
77 -3.4232375621795654
78 -3.5834908485412598
79 -3.6018803119659424
80 -3.5887739658355713
81 -3.6017184257507324
82 -3.601851224899292
83 -3.621068239212036
84 -3.6205737590789795
85 -3.6212158203125
86 -3.6044187545776367
87 -3.6204609870910645
88 -2.821108341217041
89 -2.8211112022399902
90 -2.821110725402832
91 -2.821105480194092
92 -3.5070748329162598
93 -3.5069992542266846
94 -3.507016897201538
95 -3.50697660446167
96 -3.507032632827759
97 -3.4773759841918945
98 -3.4776694774627686
99 -3.4775350093841553
100 -3.4777095317840576
101 -3.4776298999786377
102 -3.410060405731201
103 -3.449789047241211
104 -3.4497711658477783
105 -3.4100100994110107
106 -3.409925937652588
107 -3.6585350036621094
108 -3.657835006713867
109 -3.6570656299591064
110 -3.6587345600128174
111 -3.658308267593384
112 -3.650365114212036
113 -3.6488888263702393
114 -3.6494812965393066
115 -3.649339199066162
116 -3.6476190090179443
117 -3.5716164112091064
118 -3.5715889930725098
119 -3.5716028213500977
120 -3.5715842247009277
121 -3.571516990661621
122 -3.165292739868164
123 -3.1651992797851562
124 -3.1652843952178955
125 -3.165210008621216
126 -3.1653106212615967
127 -3.6630520820617676
128 -3.662792205810547
129 -3.663221597671509
130 -3.6631815433502197
131 -3.663151264190674
132 -3.4231858253479004
133 -3.4232780933380127
134 -3.423267364501953
135 -3.4231879711151123
136 -3.4232335090637207
137 -3.584177017211914
138 -3.5584073066711426
139 -3.5887179374694824
140 -3.588461399078369
141 -3.5884475708007812
142 -3.6025478839874268
143 -3.621028423309326
144 -3.620811939239502
145 -3.620765209197998
146 -3.6209568977355957
147 -2.8211023807525635
148 -2.8211042881011963
149 -2.821106433868408
150 -2.8211183547973633
151 -3.5070018768310547
152 -3.5070228576660156
153 -3.5069639682769775
154 -3.506984233856201
155 -3.506977081298828
156 -3.4776828289031982
157 -3.477630853652954
158 -3.4776203632354736
159 -3.477635622024536
160 -3.477604866027832
161 -3.409980297088623
162 -3.449831485748291
163 -3.4497764110565186
164 -3.410071849822998
165 -3.410053253173828
166 -3.658510446548462
167 -3.6588432788848877
168 -3.6570615768432617
169 -3.658782720565796
170 -3.6564018726348877
171 -3.6486926078796387
172 -3.6494622230529785
173 -3.6477320194244385
174 -3.648197889328003
175 -3.6473946571350098
176 -3.5715901851654053
177 -3.571580648422241
178 -3.571592092514038
179 -3.5716142654418945
180 -3.571544885635376
181 -3.165205717086792
182 -3.165262222290039
183 -3.1652820110321045
184 -3.1653337478637695
185 -3.165158271789551
186 -3.6629369258880615
187 -3.663222074508667
188 -3.662961006164551
189 -3.663220167160034
190 -3.663201093673706
191 -3.4232475757598877
192 -3.4232306480407715
193 -3.423232316970825
194 -3.423283338546753
195 -3.423149824142456
196 -3.5888705253601074
197 -3.601799726486206
198 -3.548088550567627
199 -3.6018316745758057
200 -3.6018564701080322
201 -3.60195255279541
202 -3.6211767196655273
203 -3.6209216117858887
204 -3.601588249206543
205 -3.621026039123535
206 -2.821108102798462
207 -2.8211097717285156
208 -2.8211193084716797
209 -2.821115016937256
210 -2.821107864379883
211 -3.5069541931152344
212 -3.50700044631958
213 -3.5069873332977295
214 -3.5070481300354004
215 -3.5069687366485596
216 -3.47766375541687
217 -3.4775588512420654
218 -3.4775075912475586
219 -3.477586030960083
220 -3.477604627609253
221 -3.4492995738983154
222 -3.449463367462158
223 -3.4496986865997314
224 -3.4497275352478027
225 -3.449814558029175
226 -3.6587095260620117
227 -3.6551201343536377
228 -3.658215284347534
229 -3.6586525440216064
230 -3.657025098800659
231 -3.6461181640625
232 -3.649045944213867
233 -3.6472349166870117
234 -3.6476430892944336
235 -3.647637367248535
236 -3.571610927581787
237 -3.5716166496276855
238 -3.571540117263794
239 -3.5716018676757812
240 -3.571559429168701
241 -3.165318489074707
242 -3.1652116775512695
243 -3.16520619392395
244 -3.1651718616485596
245 -3.1653125286102295
246 -3.6631789207458496
247 -3.663182258605957
248 -3.6633048057556152
249 -3.6630122661590576
250 -3.663303852081299
251 -3.423212766647339
252 -3.4232192039489746
253 -3.42322039604187
254 -3.423187732696533
255 -3.4053750038146973
256 -3.601684093475342
257 -3.601574659347534
258 -3.588684558868408
259 -3.601719379425049
260 -3.5889174938201904
261 -3.6207950115203857
262 -3.620906352996826
263 -3.621192455291748
264 -3.621124744415283
265 -3.6009342670440674
266 -2.821108102798462
267 -2.8211135864257812
268 -2.821110963821411
269 -2.821099281311035
270 -3.507006883621216
271 -3.5070290565490723
272 -3.507075786590576
273 -3.507040500640869
274 -3.5070481300354004
275 -3.477660894393921
276 -3.477687120437622
277 -3.4774067401885986
278 -3.477609395980835
279 -3.4777863025665283
280 -3.4497318267822266
281 -3.4497971534729004
282 -3.4497551918029785
283 -3.449782609939575
284 -3.4497437477111816
285 -3.6584885120391846
286 -3.658355474472046
287 -3.658339262008667
288 -3.6586086750030518
289 -3.654503583908081
290 -3.647519826889038
291 -3.641826868057251
292 -3.647127866744995
293 -3.649076223373413
294 -3.6489734649658203
295 -3.5715394020080566
296 -3.571532964706421
297 -3.571579933166504
298 -3.5715529918670654
299 -3.5715489387512207
300 -3.1653051376342773
301 -3.165316343307495
302 -3.1651742458343506
303 -3.1652896404266357
304 -3.1653051376342773
305 -3.6631364822387695
306 -3.6632370948791504
307 -3.663295030593872
308 -3.6632118225097656
309 -3.6631853580474854
310 -3.4233193397521973
311 -3.4232280254364014
312 -3.423217296600342
313 -3.4232661724090576
314 -3.4232254028320312
315 -3.5886480808258057
316 -3.588280200958252
317 -3.588538646697998
318 -3.6008379459381104
319 -3.571004867553711
320 -3.6211771965026855
321 -3.6012496948242188
322 -3.603165626525879
323 -3.6208102703094482
324 -3.601536273956299
325 -2.821098566055298
326 -2.8211100101470947
327 -2.821096897125244
328 -2.821108341217041
329 -3.5070202350616455
330 -3.5070486068725586
331 -3.5070455074310303
332 -3.506964683532715
333 -3.507018804550171
334 -3.4776999950408936
335 -3.4776318073272705
336 -3.47772479057312
337 -3.4777333736419678
338 -3.477473020553589
339 -3.449847459793091
340 -3.4108054637908936
341 -3.4107184410095215
342 -3.4497268199920654
343 -3.449775218963623
344 -3.6573894023895264
345 -3.658034563064575
346 -3.6585848331451416
347 -3.6581249237060547
348 -3.6567459106445312
349 -3.6470837593078613
350 -3.6485772132873535
351 -3.6496191024780273
352 -3.6473286151885986
353 -3.647679567337036
354 -3.571601152420044
355 -3.5716135501861572
356 -3.571580648422241
357 -3.5715980529785156
358 -3.5715768337249756
359 -3.1651713848114014
360 -3.165325164794922
361 -3.1652538776397705
362 -3.1653053760528564
363 -3.1653261184692383
364 -3.663299560546875
365 -3.6632797718048096
366 -3.663020133972168
367 -3.6633007526397705
368 -3.6631860733032227
369 -3.423222064971924
370 -3.4232285022735596
371 -3.422715663909912
372 -3.423182725906372
373 -3.4231905937194824
374 -3.6010947227478027
375 -3.6017379760742188
376 -3.60058856010437
377 -3.6003823280334473
378 -3.601611614227295
379 -3.621129274368286
380 -3.620652914047241
381 -3.603093147277832
382 -3.6209449768066406
383 -3.6209089756011963
384 -2.8211023807525635
385 -2.82110857963562
386 -2.8210997581481934
387 -2.8211073875427246
388 -2.8211052417755127
389 -3.506955623626709
390 -3.5069971084594727
391 -3.5070321559906006
392 -3.506995916366577
393 -3.5069169998168945
394 -3.4776370525360107
395 -3.477527618408203
396 -3.4777257442474365
397 -3.4775590896606445
398 -3.4777729511260986
399 -3.410055637359619
400 -3.4497272968292236
401 -3.4100193977355957
402 -3.449632167816162
403 -3.4498209953308105
404 -3.6586735248565674
405 -3.6580402851104736
406 -3.6569316387176514
407 -3.6587698459625244
408 -3.437889814376831
409 -3.6491730213165283
410 -3.649087429046631
411 -3.6511623859405518
412 -3.6464619636535645
413 -3.646602153778076
414 -3.571528196334839
415 -3.5716004371643066
416 -3.571596145629883
417 -3.5716023445129395
418 -3.57151460647583
419 -3.1653175354003906
420 -3.1653244495391846
421 -3.165201187133789
422 -3.1653244495391846
423 -3.1653127670288086
424 -3.6630992889404297
425 -3.6632823944091797
426 -3.663200855255127
427 -3.6631455421447754
428 -3.6630313396453857
429 -3.42323637008667
430 -3.4232001304626465
431 -3.4231438636779785
432 -3.4231553077697754
433 -3.423236131668091
434 -3.601830005645752
435 -3.6012179851531982
436 -3.6019389629364014
437 -3.601858377456665
438 -3.5885279178619385
439 -3.6210665702819824
440 -3.6211869716644287
441 -3.621077299118042
442 -3.6208674907684326
443 -3.620978832244873
444 -2.8211138248443604
445 -2.8211050033569336
446 -2.8211147785186768
447 -2.821100950241089
448 -3.5070080757141113
449 -3.506964921951294
450 -3.506967067718506
451 -3.506979465484619
452 -3.506958484649658
453 -3.477638006210327
454 -3.4776413440704346
455 -3.4775888919830322
456 -3.477764844894409
457 -3.4777705669403076
458 -3.410046100616455
459 -3.4100050926208496
460 -3.444646120071411
461 -3.449791669845581
462 -3.4496636390686035
463 -3.656670570373535
464 -3.656007766723633
465 -3.6558446884155273
466 -3.6582558155059814
467 -3.6577999591827393
468 -3.6489648818969727
469 -3.6470818519592285
470 -3.647738218307495
471 -3.6486599445343018
472 -3.6487388610839844
473 -3.5715322494506836
474 -3.5715174674987793
475 -3.5715219974517822
476 -3.571564197540283
477 -3.571604013442993
478 -3.1653144359588623
479 -3.165175676345825
480 -3.16532826423645
481 -3.1651487350463867
482 -3.165259599685669
483 -3.663242816925049
484 -3.6632590293884277
485 -3.6629650592803955
486 -3.6632416248321533
487 -3.66312313079834
488 -3.423281192779541
489 -3.423243761062622
490 -3.4232563972473145
491 -3.4232659339904785
492 -3.4052748680114746
493 -3.6018288135528564
494 -3.5652873516082764
495 -3.5957512855529785
496 -3.588723659515381
497 -3.595973491668701
498 -3.6210527420043945
499 -3.620910167694092
500 -3.6208627223968506
501 -3.6011013984680176
502 -3.6211090087890625
503 -2.8211052417755127
504 -2.821122884750366
505 -2.8211050033569336
506 -2.8211140632629395
507 -2.821106433868408
508 -3.5070154666900635
509 -3.5069754123687744
510 -3.5070016384124756
511 -3.5069541931152344
512 -3.506908416748047
513 -3.477640151977539
514 -3.4776923656463623
515 -3.477678060531616
516 -3.477638006210327
517 -3.477553606033325
518 -3.4498093128204346
519 -3.4496185779571533
520 -3.449822187423706
521 -3.410707950592041
522 -3.449545383453369
523 -3.658129930496216
524 -3.6553332805633545
525 -3.6570231914520264
526 -3.658282518386841
527 -3.6583993434906006
528 -3.647836685180664
529 -3.647007942199707
530 -3.6478583812713623
531 -3.6478800773620605
532 -3.647918701171875
533 -3.5716097354888916
534 -3.5715537071228027
535 -3.5715789794921875
536 -3.5715365409851074
537 -3.571570873260498
538 -3.1651790142059326
539 -3.1652610301971436
540 -3.1652534008026123
541 -3.165203332901001
542 -3.165266990661621
543 -3.663267135620117
544 -3.663285970687866
545 -3.663238048553467
546 -3.6632537841796875
547 -3.663179397583008
548 -3.423163652420044
549 -3.4232258796691895
550 -3.423281192779541
551 -3.423302173614502
552 -3.4231936931610107
553 -3.6013057231903076
554 -3.601884126663208
555 -3.570856809616089
556 -3.5887420177459717
557 -3.588724136352539
558 -3.6207780838012695
559 -3.6076228618621826
560 -3.6213455200195312
561 -3.6209514141082764
562 -3.6016244888305664
563 -2.8211140632629395
564 -2.821112871170044
565 -2.8211095333099365
566 -3.50706148147583
567 -3.5069050788879395
568 -3.5069384574890137
569 -3.5069875717163086
570 -3.506970167160034
571 -3.477646589279175
572 -3.477754592895508
573 -3.4777214527130127
574 -3.4776837825775146
575 -3.4774558544158936
576 -3.449756145477295
577 -3.449826717376709
578 -3.449763774871826
579 -3.4102256298065186
580 -3.4100594520568848
581 -3.65704083442688
582 -3.65634822845459
583 -3.657308578491211
584 -3.6587841510772705
585 -3.6554861068725586
586 -3.6487550735473633
587 -3.647869825363159
588 -3.647489547729492
589 -3.647655725479126
590 -3.6435623168945312
