0 -1.8600177764892578
1 -1.565735101699829
2 -1.8013386726379395
3 -2.777177333831787
4 -2.6176443099975586
5 -2.2973556518554688
6 -1.877475380897522
7 -0.8455989360809326
8 -1.4650636911392212
9 -1.6446104049682617
10 -1.3485853672027588
11 -1.6545507907867432
12 -1.487243890762329
13 -1.2899904251098633
14 -1.9779701232910156
15 -1.1378004550933838
16 -1.5154311656951904
17 -2.4243736267089844
18 -1.4600393772125244
19 -2.6218605041503906
20 -1.1859276294708252
21 -1.1504933834075928
22 -2.3558218479156494
23 -2.497558355331421
24 -2.658529758453369
25 -1.7314229011535645
26 -1.6578869819641113
27 -1.6891200542449951
28 -1.8734842538833618
29 -1.8170348405838013
30 -1.0329926013946533
31 -2.013885974884033
32 -2.6099743843078613
33 -1.2001917362213135
34 -1.877453327178955
35 -2.9997360706329346
36 -2.3861217498779297
37 -3.204387664794922
38 -3.1039113998413086
39 -2.537106990814209
40 -1.6103167533874512
41 -2.5025506019592285
42 -1.50692880153656
43 -2.0418477058410645
44 -1.5267436504364014
45 -1.4721548557281494
46 -1.764328956604004
47 -1.269083023071289
48 -2.504624366760254
49 -2.3587636947631836
50 -1.9352478981018066
51 -2.326460361480713
52 -1.2825543880462646
53 -1.495812177658081
54 -2.598567008972168
55 -2.6720166206359863
56 -1.8158998489379883
57 -1.7681386470794678
58 -2.2219035625457764
59 -1.4607455730438232
60 -2.3865015506744385
61 -3.072934865951538
62 -1.654475450515747
63 -2.681995391845703
64 -2.315995216369629
65 -2.0541017055511475
66 -1.0129988193511963
67 -1.2696890830993652
68 -2.1501729488372803
69 -0.9132530689239502
70 -1.519604206085205
71 -1.048975944519043
72 -1.782597541809082
73 -2.5200178623199463
74 -1.8516302108764648
75 -1.853775978088379
76 -1.9945201873779297
77 -1.9645452499389648
78 -2.349576473236084
79 -1.8592212200164795
80 -1.4021066427230835
81 -2.475555419921875
82 -2.1796963214874268
83 -1.371591329574585
84 -1.6541428565979004
85 -2.283834934234619
86 -1.9108388423919678
87 -2.3115456104278564
88 0.3123927116394043
89 -0.5620779991149902
90 0.4129176139831543
91 -2.716254711151123
92 -1.8965306282043457
93 -3.2858498096466064
94 -0.5019412040710449
95 -3.4304487705230713
96 -2.6304595470428467
97 -2.379157066345215
98 -2.4800004959106445
99 -2.0587453842163086
100 -1.692938208580017
101 -0.9613156318664551
102 -1.9592092037200928
103 -2.3897719383239746
104 -2.1133437156677246
105 -1.7874679565429688
106 -1.6710853576660156
107 -2.4316835403442383
108 -0.7208666801452637
109 -2.6720893383026123
110 -2.1388659477233887
111 -2.861935615539551
112 -1.696004867553711
113 -1.9864616394042969
114 -2.7058053016662598
115 -0.8571193218231201
116 -1.3194003105163574
117 -0.7338840961456299
118 -3.1061058044433594
119 -2.331578254699707
120 -2.554802417755127
121 -2.6783015727996826
122 -1.8444972038269043
123 -1.3450778722763062
124 -1.846757411956787
125 -1.682320237159729
126 -1.5018812417984009
127 -1.7815964221954346
128 -1.5068085193634033
129 -2.20296049118042
130 -1.9579010009765625
131 -1.4596731662750244
132 -1.7315330505371094
133 -1.9178634881973267
134 -2.1504650115966797
135 -2.0890560150146484
136 -2.4226839542388916
137 -2.1220781803131104
138 -2.1239540576934814
139 -2.3703079223632812
140 -2.446441650390625
141 -1.5815849304199219
142 -1.6760058403015137
143 -1.561563491821289
144 -2.071077346801758
145 -1.998615026473999
146 -2.532745361328125
147 -2.083599805831909
148 -2.134634494781494
149 -1.9150729179382324
150 -1.259131908416748
151 -2.0109598636627197
152 -1.1804049015045166
153 -3.0819621086120605
154 -3.05928635597229
155 -2.705789566040039
156 -0.8519394397735596
157 -2.6800777912139893
158 -2.032625436782837
159 -1.6599057912826538
160 -1.5404599905014038
161 -1.0777685642242432
162 -2.027766227722168
163 -2.171607732772827
164 -1.045851707458496
165 -2.1733551025390625
166 -1.8403524160385132
167 -1.4688715934753418
168 -2.478389263153076
169 -2.514019012451172
170 -2.4442758560180664
171 -1.8127517700195312
172 -1.701502799987793
173 -2.144753932952881
174 -1.9748363494873047
175 -1.4854438304901123
176 -2.5458264350891113
177 -2.810143232345581
178 -1.4002265930175781
179 -2.2055864334106445
180 -1.1608223915100098
181 -1.2909533977508545
182 -1.0881974697113037
183 -1.701174259185791
184 -2.0788118839263916
185 -1.399034023284912
186 -1.5969529151916504
187 -2.2031772136688232
188 -0.7951264381408691
189 -2.482372522354126
190 -2.214233875274658
191 -1.5149126052856445
192 -1.711462378501892
193 -1.6331641674041748
194 -0.9067270159721375
195 -2.6544389724731445
196 -2.387162446975708
197 -1.9378713369369507
198 -2.128129005432129
199 -2.2514357566833496
200 -2.673292875289917
201 -1.5399808883666992
202 -1.684762716293335
203 -1.8151912689208984
204 -1.626206636428833
205 -2.5605359077453613
206 -2.0494136810302734
207 1.9407105445861816
208 -2.0421767234802246
209 -0.4470517635345459
210 -2.0620222091674805
211 -2.3757197856903076
212 -1.635101556777954
213 -2.5147719383239746
214 0.42035627365112305
215 -3.1312241554260254
216 -2.509288787841797
217 -3.0961837768554688
218 -1.8561500310897827
219 -2.0283961296081543
220 -1.921409010887146
221 -1.4835882186889648
222 -1.6256176233291626
223 -1.9930269718170166
224 -1.8046083450317383
225 -0.8586001396179199
226 -2.1630289554595947
227 -2.083170175552368
228 -2.416346549987793
229 -0.9182248115539551
230 -1.9375300407409668
231 -1.6946618556976318
232 -1.3546240329742432
233 -1.6217317581176758
234 -2.6866326332092285
235 -2.6518402099609375
236 -1.8465888500213623
237 -0.8462672233581543
238 -2.723987579345703
239 -1.931490421295166
240 -2.9502370357513428
241 -2.130387306213379
242 -1.4037891626358032
243 -1.649737000465393
244 -1.7579704523086548
245 -1.9523378610610962
246 -1.9259529113769531
247 -2.284501552581787
248 -1.2028155326843262
249 -1.5108518600463867
250 -1.7491092681884766
251 -1.7635676860809326
252 -1.9612751007080078
253 -2.029496431350708
254 -1.506317377090454
255 -1.40553617477417
256 -2.5042614936828613
257 -2.238926887512207
258 -2.669921875
259 -2.4324188232421875
260 -1.6299362182617188
261 -2.1939854621887207
262 -2.0349974632263184
263 -1.9161046743392944
264 -2.3690667152404785
265 -2.2089717388153076
266 -1.5885930061340332
267 -2.2705066204071045
268 -0.8303837776184082
269 0.33533620834350586
270 -2.7303924560546875
271 -1.1501471996307373
272 -0.8408243656158447
273 -2.7792186737060547
274 -3.2482333183288574
275 -2.353579521179199
276 -2.10581374168396
277 -1.445318579673767
278 -2.845179796218872
279 -1.1166293621063232
280 -1.6633398532867432
281 -1.2073462009429932
282 -1.0904130935668945
283 -2.1818928718566895
284 -2.8314640522003174
285 -2.56571102142334
286 -2.0609829425811768
287 -2.3482723236083984
288 -1.196763515472412
289 -2.055807113647461
290 -1.5406773090362549
291 -0.8650760650634766
292 -2.0906832218170166
293 -2.138310432434082
294 -1.2244172096252441
295 -1.970674753189087
296 -1.2466135025024414
297 -3.044358015060425
298 -1.7257158756256104
299 -2.512418031692505
300 -1.1836647987365723
301 -1.9834171533584595
302 -1.6848722696304321
303 -2.809115409851074
304 -2.055450916290283
305 -1.6483957767486572
306 -1.5942893028259277
307 -1.5105719566345215
308 -1.224365472793579
309 -1.3886184692382812
310 -1.8701725006103516
311 -0.44792890548706055
312 -2.4943037033081055
313 -2.422239303588867
314 -2.2926526069641113
315 -2.220740556716919
316 -1.4731738567352295
317 -2.1315057277679443
318 -1.9965085983276367
319 -1.4919509887695312
320 -1.6533455848693848
321 -1.0116353034973145
322 -1.53950834274292
323 -2.1610190868377686
324 -2.313277244567871
325 -0.4288616180419922
326 -1.7085905075073242
327 -1.3439264297485352
328 -0.7251949310302734
329 -2.2882354259490967
330 -3.2323548793792725
331 -2.4485223293304443
332 -1.295341968536377
333 -3.2518115043640137
334 -2.2914414405822754
335 -1.3854575157165527
336 -2.8912899494171143
337 -1.5167546272277832
338 -0.7728359699249268
339 -1.3827505111694336
340 -1.5558490753173828
341 -1.995876669883728
342 -2.2864341735839844
343 -1.5176515579223633
344 -2.832265853881836
345 -2.327939033508301
346 -2.3207578659057617
347 -1.8066240549087524
348 -2.3920974731445312
349 -2.2334203720092773
350 -1.4295740127563477
351 -1.5582797527313232
352 -0.88993239402771
353 -1.6735162734985352
354 -3.432337760925293
355 -2.404719114303589
356 -3.238943099975586
357 -1.067432165145874
358 -1.6405375003814697
359 -1.3199639320373535
360 -1.7015730142593384
361 -1.9484914541244507
362 -1.7064260244369507
363 -1.1092476844787598
364 -1.4355649948120117
365 -2.402208089828491
366 -1.1198458671569824
367 -1.6720588207244873
368 -1.7852110862731934
369 -2.7024569511413574
370 -1.471520185470581
371 -1.9528350830078125
372 -1.4537246227264404
373 -2.2754030227661133
374 -1.950199842453003
375 -1.8416951894760132
376 -2.5989508628845215
377 -2.0601987838745117
378 -1.510430097579956
379 -2.2834606170654297
380 -2.070858955383301
381 -2.2539377212524414
382 -1.2343435287475586
383 -2.3766114711761475
384 -2.1268622875213623
385 -1.2614707946777344
386 -0.7158422470092773
387 -0.9674100875854492
388 -2.1669349670410156
389 -1.487410306930542
390 -1.329291820526123
391 -3.161949872970581
392 -2.78686261177063
393 -1.9297003746032715
394 -2.393524169921875
395 -2.1570000648498535
396 -2.3535752296447754
397 -1.3290936946868896
398 -0.30539464950561523
399 -1.627178430557251
400 -2.2815194129943848
401 -2.0748181343078613
402 -1.882267713546753
403 -1.9014530181884766
404 -1.8891347646713257
405 -1.7366479635238647
406 -1.720893383026123
407 -1.8226150274276733
408 -2.0890567302703857
409 -1.7839312553405762
410 -2.162811279296875
411 -1.9052228927612305
412 -1.1442503929138184
413 -1.3554940223693848
414 -2.4454023838043213
415 -0.6335320472717285
416 -2.3069519996643066
417 -1.7893023490905762
418 -1.9069085121154785
419 -1.5176987648010254
420 -0.32218050956726074
421 -2.0016210079193115
422 -1.4732755422592163
423 -1.8566030263900757
424 -1.6929364204406738
425 -2.5698022842407227
426 -3.2830493450164795
427 -1.6020886898040771
428 -0.9484827518463135
429 -1.8808231353759766
430 -1.5971827507019043
431 -2.160193920135498
432 -2.4411261081695557
433 -1.6906238794326782
434 -2.560767412185669
435 -1.5015792846679688
436 -2.0513808727264404
437 -1.446014404296875
438 -1.1908018589019775
439 -1.874419927597046
440 -1.3824782371520996
441 -1.2266640663146973
442 -1.9721226692199707
443 -1.6415612697601318
444 -1.459744930267334
445 -0.6296820640563965
446 -1.8941407203674316
447 -2.2575886249542236
448 -2.6933047771453857
449 -1.6056115627288818
450 -3.052741050720215
451 -3.0817720890045166
452 -3.1649019718170166
453 -2.332840919494629
454 -0.9961912631988525
455 -2.1233363151550293
456 -1.6563020944595337
457 -1.302489995956421
458 -1.6345393657684326
459 -1.544083595275879
460 -1.0833196640014648
461 -1.3407418727874756
462 -1.3998456001281738
463 -1.6833667755126953
464 -1.865491271018982
465 -2.0073840618133545
466 -2.08550763130188
467 -1.6943602561950684
468 -1.9219558238983154
469 -2.0401055812835693
470 -1.4465076923370361
471 -2.3442625999450684
472 -1.9383113384246826
473 -1.7643015384674072
474 -2.7713661193847656
475 -2.442513942718506
476 -2.934718608856201
477 -2.7583961486816406
478 -1.0581004619598389
479 -1.42855703830719
480 -1.3744434118270874
481 -1.755562424659729
482 -2.0562245845794678
483 -1.1862337589263916
484 -0.10172605514526367
485 -1.1232068538665771
486 -2.013200044631958
487 -1.2849509716033936
488 -1.499854326248169
489 -1.5082895755767822
490 -1.335071325302124
491 -2.0230445861816406
492 -2.0339598655700684
493 -2.6230976581573486
494 -2.093244791030884
495 -2.322744846343994
496 -2.1051535606384277
497 -1.6055958271026611
498 -1.4891409873962402
499 -3.126948356628418
500 -1.3455028533935547
501 -1.8107571601867676
502 -2.0540122985839844
503 -1.991262674331665
504 -1.8839974403381348
505 0.09813404083251953
506 1.5361762046813965
507 -1.411090612411499
508 -1.3155226707458496
509 -3.187432050704956
510 -1.62548828125
511 -0.22043466567993164
512 -2.5569372177124023
513 -2.454451560974121
514 -2.755763053894043
515 -1.9535640478134155
516 -2.2989253997802734
517 -1.8566150665283203
518 -1.4201765060424805
519 -1.6161746978759766
520 -1.883915662765503
521 -1.8237297534942627
522 -1.4906890392303467
523 -2.2942233085632324
524 -1.061525821685791
525 -1.6180938482284546
526 -1.1285767555236816
527 -1.033700704574585
528 -1.8597524166107178
529 -2.4754581451416016
530 -1.3024194240570068
531 -1.571455955505371
532 -1.3274500370025635
533 -3.026148796081543
534 -3.50144624710083
535 -2.1977105140686035
536 -1.8347065448760986
537 -2.817066192626953
538 -2.3222336769104004
539 -2.205634117126465
540 -1.6408694982528687
541 -1.6534277200698853
542 -1.0637338161468506
543 -1.243593692779541
544 -1.8383574485778809
545 -0.5602116584777832
546 -2.260179042816162
547 -1.713125467300415
548 -2.1898999214172363
549 -1.4661798477172852
550 -1.538182258605957
551 -2.4553027153015137
552 -2.20656681060791
553 -1.8811285495758057
554 -1.5836347341537476
555 -1.6774864196777344
556 -1.206049919128418
557 -2.2304134368896484
558 -1.9463257789611816
559 -2.587466239929199
560 -1.926931381225586
561 -1.362422227859497
562 -1.5937883853912354
563 -0.16628694534301758
564 -1.5770955085754395
565 -1.416722297668457
566 -3.3010430335998535
567 -3.003965139389038
568 -3.130183696746826
569 -2.4013478755950928
570 -3.0472841262817383
571 -1.8549753427505493
572 -2.24344539642334
573 -2.885221481323242
574 -1.675946593284607
575 -1.5991894006729126
576 -1.2312166690826416
577 -1.7681834697723389
578 -1.3564605712890625
579 -1.7390515804290771
580 -2.3723907470703125
581 -2.1670448780059814
582 -2.347668170928955
583 -2.2760043144226074
584 -2.4028377532958984
585 -1.801928997039795
586 -2.4085707664489746
587 -2.102475881576538
588 -1.973315954208374
589 -2.0072529315948486
590 -2.9476099014282227
