0 -5.197303771972656
1 -5.197303771972656
2 -5.197303771972656
3 -5.197303771972656
4 -5.197303771972656
5 -3.9501426219940186
6 -3.9501595497131348
7 -3.949615001678467
8 -3.9496254920959473
9 -3.9501450061798096
10 -5.350072383880615
11 -5.350069522857666
12 -5.350069522857666
13 -5.350065231323242
14 -5.350069522857666
15 -4.3047661781311035
16 -4.304815292358398
17 -4.304775714874268
18 -4.304820537567139
19 -4.276027679443359
20 -5.354618072509766
21 -5.354625225067139
22 -5.273336410522461
23 -5.273327827453613
24 -5.273320198059082
25 -4.465173721313477
26 -4.465153217315674
27 -4.475940227508545
28 -4.475950717926025
29 -4.171711444854736
30 -5.241185665130615
31 -5.2711310386657715
32 -5.271122932434082
33 -5.241181373596191
34 -5.2711286544799805
35 -4.588070392608643
36 -4.588062763214111
37 -4.588063716888428
38 -4.338794708251953
39 -4.588054656982422
40 -5.1695556640625
41 -5.169533729553223
42 -5.169549942016602
43 -5.169549942016602
44 -5.169549942016602
45 -4.43822717666626
46 -4.438205718994141
47 -4.654659748077393
48 -4.666356086730957
49 -4.666337490081787
50 -5.938068389892578
51 -5.760021686553955
52 -5.938083171844482
53 -5.76002836227417
54 -5.938068389892578
55 -4.680100917816162
56 -4.928339958190918
57 -4.928338527679443
58 -4.928332328796387
59 -4.928326606750488
60 -5.9778265953063965
61 -5.913825511932373
62 -5.9778151512146
63 -5.97782564163208
64 -5.977804183959961
65 -5.105123996734619
66 -5.079062461853027
67 -5.079041004180908
68 -4.80954122543335
69 -5.079026222229004
70 -5.912981986999512
71 -5.89443302154541
72 -5.89443302154541
73 -5.89443302154541
74 -5.89443302154541
75 -4.7894158363342285
76 -5.139169692993164
77 -5.139169692993164
78 -5.139169692993164
79 -5.164672374725342
80 -5.832538604736328
81 -5.841722011566162
82 -5.841722011566162
83 -5.841704368591309
84 -5.841698169708252
85 -5.168619155883789
86 -5.182925701141357
87 -5.168619632720947
88 -4.823801040649414
89 -5.182925224304199
90 -5.797730922698975
91 -5.798920631408691
92 -5.797714710235596
93 -5.798916339874268
94 -5.798916339874268
95 -5.192852973937988
96 -4.82210636138916
97 -5.2014946937561035
98 -5.192839622497559
99 -5.201488494873047
100 -6.073055267333984
101 -6.073049545288086
102 -6.073016166687012
103 -6.073024749755859
104 -6.0934014320373535
105 -5.292597770690918
106 -5.292610168457031
107 -5.2925872802734375
108 -5.292608737945557
109 -5.2925872802734375
110 -6.068114757537842
111 -6.068455696105957
112 -6.089741230010986
113 -6.068455696105957
114 -6.089725017547607
115 -5.381259918212891
116 -5.336769104003906
117 -5.336781978607178
118 -5.336770534515381
119 -5.3367919921875
120 -6.034332275390625
121 -6.034312725067139
122 -6.034337997436523
123 -6.034328937530518
124 -6.003737449645996
125 -5.334624290466309
126 -5.334620952606201
127 -5.334630489349365
128 -5.334639072418213
129 -5.334644794464111
130 -5.965140342712402
131 -5.986992835998535
132 -5.986982822418213
133 -5.986982822418213
134 -5.986963272094727
135 -5.334869384765625
136 -5.33485221862793
137 -5.359306335449219
138 -5.334873199462891
139 -5.33487606048584
140 -5.945611000061035
141 -5.967402935028076
142 -5.967464923858643
143 -5.945528030395508
144 -5.945559978485107
145 -5.337924957275391
146 -5.337888240814209
147 -5.360091686248779
148 -5.360125541687012
149 -5.337922096252441
150 -6.03751277923584
151 -6.037511825561523
152 -6.037537574768066
153 -6.03751277923584
154 -6.037535190582275
155 -5.303246021270752
156 -5.303283214569092
157 -5.369637966156006
158 -5.303213596343994
159 -5.369656562805176
160 -5.98853874206543
161 -5.988526821136475
162 -5.988489151000977
163 -5.98853874206543
164 -5.98853874206543
165 -5.343034267425537
166 -5.289115905761719
167 -5.289091110229492
168 -5.34303617477417
169 -5.343051910400391
170 -5.9499430656433105
171 -5.949963569641113
172 -5.949939727783203
173 -5.8845086097717285
174 -5.949970245361328
175 -5.313356876373291
176 -5.313302040100098
177 -5.267158031463623
178 -5.313287734985352
179 -5.206027030944824
180 -5.943206787109375
181 -5.943244934082031
182 -5.943244934082031
183 -5.943209648132324
184 -5.943216323852539
185 -5.310798168182373
186 -5.310859203338623
187 -5.3108062744140625
188 -5.310849189758301
189 -5.261966228485107
190 -5.939994812011719
191 -5.9399871826171875
192 -5.855104923248291
193 -5.9400200843811035
194 -5.939994812011719
195 -5.311787128448486
196 -5.250187873840332
197 -5.311737537384033
198 -5.311801433563232
199 -5.187372207641602
200 -5.805804252624512
201 -5.8058180809021
202 -5.805804252624512
203 -5.807356357574463
204 -5.807255744934082
205 -5.220663547515869
206 -5.220598220825195
207 -5.2207932472229
208 -5.2208452224731445
209 -5.220695495605469
210 -5.7312235832214355
211 -5.785339832305908
212 -5.731335639953613
213 -5.73176908493042
214 -5.731335639953613
215 -5.265491962432861
216 -5.160665988922119
217 -5.16887092590332
218 -5.160328388214111
219 -5.169206619262695
220 -5.779183387756348
221 -5.7791852951049805
222 -5.779172897338867
223 -5.779183387756348
224 -5.779155254364014
225 -5.258606433868408
226 -5.164186477661133
227 -5.164146423339844
228 -5.164146423339844
229 -5.164191246032715
230 -5.77716064453125
231 -5.777154922485352
232 -5.77716064453125
233 -5.77716064453125
234 -5.77716064453125
235 -5.164681911468506
236 -5.164684772491455
237 -5.164690017700195
238 -5.164711952209473
239 -5.1646881103515625
240 -5.776548862457275
241 -5.77656888961792
242 -5.776548862457275
243 -5.7765655517578125
244 -5.776549816131592
245 -5.165165424346924
246 -5.165151119232178
247 -5.1651530265808105
248 -5.165179252624512
249 -5.165165424346924
