0 -4.800133228302002
1 -4.800133228302002
2 -4.800133228302002
3 -4.504586219787598
4 -4.216892242431641
5 -3.772387981414795
6 -2.9166886806488037
7 -3.772387981414795
8 -3.772387981414795
9 -3.772387981414795
10 -5.065703868865967
11 -5.069473743438721
12 -5.110940456390381
13 -5.110940456390381
14 -5.110940456390381
15 -4.105868816375732
16 -4.105868816375732
17 -4.105869293212891
18 -4.105869293212891
19 -3.9805023670196533
20 -5.210973739624023
21 -5.214611053466797
22 -5.2371954917907715
23 -5.17954158782959
24 -5.061080455780029
25 -4.165852069854736
26 -4.197121620178223
27 -3.7330126762390137
28 -3.8697307109832764
29 -4.450229644775391
30 -3.843846082687378
31 -5.098660469055176
32 -5.157808780670166
33 -5.157808780670166
34 -5.122928142547607
35 -4.280353546142578
36 -4.450193405151367
37 -4.4772772789001465
38 -4.436708927154541
39 -4.5213704109191895
40 -5.094959735870361
41 -5.094959735870361
42 -5.094959735870361
43 -5.094959735870361
44 -5.094959735870361
45 -4.543257713317871
46 -4.5589799880981445
47 -4.403403282165527
48 -4.5589799880981445
49 -4.112203598022461
50 -5.824219226837158
51 -5.711935520172119
52 -5.848761558532715
53 -5.42140007019043
54 -5.573030948638916
55 -4.7267303466796875
56 -4.30092716217041
57 -4.729004859924316
58 -4.46873664855957
59 -4.602396488189697
60 -5.905301570892334
61 -5.909769535064697
62 -5.885725021362305
63 -5.687929630279541
64 -5.89689302444458
65 -4.540557861328125
66 -4.632580757141113
67 -4.4166975021362305
68 -5.0200419425964355
69 -4.342673301696777
70 -5.897015571594238
71 -5.885258197784424
72 -5.897015571594238
73 -4.955196857452393
74 -5.85898494720459
75 -4.8299479484558105
76 -4.9652934074401855
77 -5.12747859954834
78 -4.9721245765686035
79 -4.952625274658203
80 -5.613104343414307
81 -5.65859842300415
82 -4.401017189025879
83 -5.584932804107666
84 -5.715426921844482
85 -5.055152893066406
86 -4.73861026763916
87 -5.024860382080078
88 -4.507803916931152
89 -4.72214937210083
90 -4.663580894470215
91 -5.536454677581787
92 -5.521603107452393
93 -5.496953010559082
94 -5.508544921875
95 -4.034708499908447
96 -4.872755527496338
97 -4.965852737426758
98 -4.985270023345947
99 -4.931631088256836
100 -5.8502116203308105
101 -5.810353755950928
102 -5.810353755950928
103 -6.026291847229004
104 -5.810353755950928
105 -4.97659969329834
106 -5.1250386238098145
107 -5.096541404724121
108 -5.170754432678223
109 -5.011792182922363
110 -5.645585060119629
111 -6.007953643798828
112 -6.054266452789307
113 -6.026320457458496
114 -5.803261756896973
115 -5.161981582641602
116 -4.9512810707092285
117 -4.797023296356201
118 -5.068638801574707
119 -5.098782062530518
120 -5.951253890991211
121 -5.951253890991211
122 -5.951253890991211
123 -5.84508752822876
124 -5.252042770385742
125 -4.77142858505249
126 -5.201695442199707
127 -5.281781196594238
128 -5.273409366607666
129 -5.260768890380859
130 -5.647271633148193
131 -5.728268623352051
132 -5.639695644378662
133 -5.729815483093262
134 -4.884181022644043
135 -5.1304192543029785
136 -4.977020263671875
137 -5.121354103088379
138 -5.152299880981445
139 -5.098261833190918
140 -5.33547306060791
141 -5.4949564933776855
142 -5.504619598388672
143 -5.503052711486816
144 -5.530827522277832
145 -4.869274139404297
146 -4.780770778656006
147 -4.878389358520508
148 -4.93021297454834
149 -4.869274616241455
150 -5.83289909362793
151 -5.8819050788879395
152 -5.91511344909668
153 -5.561580657958984
154 -5.832208633422852
155 -5.2611894607543945
156 -5.283565521240234
157 -5.074609756469727
158 -5.135365962982178
159 -4.960971832275391
160 -5.828791618347168
161 -5.802440643310547
162 -5.623740196228027
163 -5.828791618347168
164 -5.7324137687683105
165 -5.233686923980713
166 -5.051784038543701
167 -5.120814800262451
168 -5.120814800262451
169 -5.177768230438232
170 -5.6098408699035645
171 -5.648432731628418
172 -5.712634563446045
173 -5.689347743988037
174 -5.503468990325928
175 -4.889298915863037
176 -5.090446472167969
177 -5.067149639129639
178 -5.065500259399414
179 -4.998225688934326
180 -5.480041980743408
181 -5.490993499755859
182 -5.325866222381592
183 -5.281223773956299
184 -5.447517395019531
185 -4.869935035705566
186 -4.798572540283203
187 -4.809220314025879
188 -4.885650634765625
189 -4.950347423553467
190 -5.234556198120117
191 -5.255927085876465
192 -5.16470193862915
193 -4.268434524536133
194 -5.251830577850342
195 -4.952600955963135
196 -4.719505786895752
197 -4.634072780609131
198 -4.950386047363281
199 -4.886470317840576
200 -5.626013278961182
201 -5.5549540519714355
202 -5.6230363845825195
203 -5.465872764587402
204 -5.642098426818848
205 -4.627857208251953
206 -4.729704856872559
207 -5.004768371582031
208 -5.072542667388916
209 -5.0249924659729
210 -5.290322303771973
211 -5.3348917961120605
212 -5.463043212890625
213 -5.458215713500977
214 -5.475964069366455
215 -5.06479024887085
216 -4.933755874633789
217 -4.705100059509277
218 -4.916987419128418
219 -4.725654125213623
220 -5.225065231323242
221 -5.144160270690918
222 -5.281717777252197
223 -4.9763712882995605
224 -5.072073936462402
225 -4.773823261260986
226 -4.475915908813477
227 -4.871196269989014
228 -4.792402744293213
229 -4.859628677368164
230 -5.0669379234313965
231 -5.120007514953613
232 -5.074385643005371
233 -5.131067752838135
234 -5.005652904510498
235 -4.569183826446533
236 -4.685510635375977
237 -4.708558082580566
238 -4.732884407043457
239 -4.496274948120117
240 -4.68867826461792
241 -4.68867826461792
242 -4.68867826461792
243 -4.68867826461792
244 -4.68867826461792
245 -4.400160789489746
246 -4.437060832977295
247 -4.318384647369385
248 -4.209048271179199
249 -4.450056552886963
