0 -3.1223278045654297
1 -3.165367841720581
2 -3.3688735961914062
3 -2.915924072265625
4 -3.086672782897949
5 -2.512274742126465
6 -1.5830332040786743
7 -2.390540599822998
8 -1.9733883142471313
9 -1.5582908391952515
10 -2.8776254653930664
11 -2.841212511062622
12 -2.6510725021362305
13 -2.8973965644836426
14 -3.3835289478302
15 -3.0655689239501953
16 -2.794276237487793
17 -2.846137046813965
18 -2.508634328842163
19 -2.580380916595459
20 -3.0480988025665283
21 -2.432786464691162
22 -3.0734405517578125
23 -3.044100522994995
24 -2.651794195175171
25 -3.0368897914886475
26 -2.9743969440460205
27 -2.8002266883850098
28 -2.596404790878296
29 -2.670753002166748
30 -2.000824451446533
31 -2.223724126815796
32 -2.391369342803955
33 -2.0386486053466797
34 -2.013410806655884
35 -2.16420316696167
36 -2.4135773181915283
37 -3.2422823905944824
38 -2.7763702869415283
39 -3.1920418739318848
40 -2.7240381240844727
41 -3.194864273071289
42 -2.3710813522338867
43 -3.0055160522460938
44 -2.994614362716675
45 -2.9476397037506104
46 -3.1802103519439697
47 -2.6169590950012207
48 -2.8826112747192383
49 -3.285313367843628
50 -3.3180370330810547
51 -3.2228825092315674
52 -3.187209129333496
53 -3.265667676925659
54 -3.3590681552886963
55 -2.803447723388672
56 -2.682330369949341
57 -3.0160889625549316
58 -2.7766060829162598
59 -3.0536508560180664
60 -3.3739748001098633
61 -3.348909378051758
62 -3.2406651973724365
63 -3.4616270065307617
64 -3.4916555881500244
65 -2.453336715698242
66 -1.9985002279281616
67 -2.13624906539917
68 -2.3434572219848633
69 -2.4890856742858887
70 -2.1300408840179443
71 -2.9581544399261475
72 -3.0454723834991455
73 -2.936420440673828
74 -3.302490711212158
75 -2.605583667755127
76 -2.709953784942627
77 -3.121626853942871
78 -2.943307876586914
79 -2.4819109439849854
80 -2.9391837120056152
81 -2.5024898052215576
82 -2.9818623065948486
83 -2.761833667755127
84 -2.888390064239502
85 -2.5458178520202637
86 -2.939884901046753
87 -3.023381471633911
88 -3.126413345336914
89 -2.942863941192627
90 -2.2956290245056152
91 -2.6589131355285645
92 -2.262923240661621
93 -2.645761728286743
94 -2.79311466217041
95 -3.4861857891082764
96 -3.1174774169921875
97 -2.540372133255005
98 -3.206186294555664
99 -2.0241575241088867
100 -2.8637704849243164
101 -3.063035011291504
102 -3.146089553833008
103 -2.867624282836914
104 -2.0391972064971924
105 -2.7489397525787354
106 -2.9437191486358643
107 -2.7949883937835693
108 -2.99710750579834
109 -2.9881298542022705
110 -2.5019640922546387
111 -2.754279136657715
112 -3.0965938568115234
113 -3.1590774059295654
114 -2.7290115356445312
115 -3.1856679916381836
116 -2.73667311668396
117 -3.112478733062744
118 -3.0551047325134277
119 -3.053691864013672
120 -3.4567606449127197
121 -3.3554396629333496
122 -3.4755759239196777
123 -3.08347487449646
124 -3.345569610595703
125 -2.1541647911071777
126 -2.6963624954223633
127 -2.1470296382904053
128 -2.714409828186035
129 -2.4671249389648438
130 -2.89656925201416
131 -3.130937099456787
132 -2.527859687805176
133 -3.2811968326568604
134 -2.4057888984680176
135 -3.1000022888183594
136 -2.7403998374938965
137 -2.82590389251709
138 -2.7971062660217285
139 -2.450187921524048
140 -2.8792521953582764
141 -2.6480278968811035
142 -2.740004777908325
143 -2.778799295425415
144 -2.799288272857666
145 -2.542435646057129
146 -2.989833354949951
147 -3.151763677597046
148 -3.1486663818359375
149 -2.905398368835449
150 -2.7283380031585693
151 -2.6091840267181396
152 -2.7935891151428223
153 -2.6201658248901367
154 -2.666687488555908
155 -3.166447639465332
156 -3.2205638885498047
157 -3.1178946495056152
158 -2.3986589908599854
159 -3.2054522037506104
160 -2.6000871658325195
161 -2.7714319229125977
162 -1.6396020650863647
163 -3.189572334289551
164 -2.725294828414917
165 -3.0462234020233154
166 -2.772804021835327
167 -2.9244184494018555
168 -2.810898780822754
169 -2.5355324745178223
170 -2.6999175548553467
171 -2.6663899421691895
172 -3.2108066082000732
173 -3.1523139476776123
174 -3.154402732849121
175 -2.744997978210449
176 -3.151376724243164
177 -2.8949637413024902
178 -2.6547985076904297
179 -2.6980786323547363
180 -3.042854070663452
181 -3.502081871032715
182 -3.51629638671875
183 -3.1421303749084473
184 -3.2035796642303467
185 -2.4407882690429688
186 -2.9469387531280518
187 -2.4247617721557617
188 -2.9829609394073486
189 -2.1275572776794434
190 -2.4409923553466797
191 -3.24129056930542
192 -2.5896248817443848
193 -3.223818302154541
194 -2.7739012241363525
195 -2.919499397277832
196 -3.016812801361084
197 -3.029759645462036
198 -2.764416456222534
199 -2.590383768081665
200 -2.783771514892578
201 -2.7609405517578125
202 -2.917097806930542
203 -2.9550929069519043
204 -2.6396830081939697
205 -2.795776128768921
206 -2.909607410430908
207 -2.782445192337036
208 -2.7673473358154297
209 -2.9751877784729004
210 -2.696204423904419
211 -2.4890213012695312
212 -2.0796093940734863
213 -2.7511487007141113
214 -1.91121244430542
215 -1.873133659362793
216 -2.4910809993743896
217 -2.334376573562622
218 -3.221858501434326
219 -3.1031768321990967
220 -2.5057830810546875
221 -2.153977394104004
222 -2.9685370922088623
223 -2.7837135791778564
224 -2.5712051391601562
225 -2.054327964782715
226 -3.17703914642334
227 -2.9822349548339844
228 -2.7875194549560547
229 -2.8580687046051025
230 -3.0693089962005615
231 -3.006127119064331
232 -3.084876298904419
233 -3.0052216053009033
234 -2.821208953857422
235 -2.924154281616211
236 -2.791318416595459
237 -3.025557279586792
238 -2.6895906925201416
239 -3.0256636142730713
240 -3.173673629760742
241 -3.51043701171875
242 -3.556975841522217
243 -3.513427734375
244 -3.0561068058013916
245 -2.5439047813415527
246 -2.297421932220459
247 -2.232861280441284
248 -2.114471197128296
249 -2.495972156524658
250 -3.1225697994232178
251 -2.288594961166382
252 -3.3395614624023438
253 -3.1421866416931152
254 -3.0582237243652344
255 -2.9687962532043457
256 -2.7870514392852783
257 -3.0968034267425537
258 -2.920471668243408
259 -2.758925676345825
260 -2.8703229427337646
261 -3.0227584838867188
262 -2.52579927444458
263 -2.82133150100708
264 -3.097384214401245
265 -2.4780168533325195
266 -2.9047279357910156
267 -3.160127639770508
268 -2.7578935623168945
269 -2.9394824504852295
270 -2.7254557609558105
271 -2.030319929122925
272 -2.4092040061950684
273 -2.339517593383789
274 -2.497028350830078
275 -3.1635966300964355
276 -3.504591464996338
277 -3.2066633701324463
278 -3.2110424041748047
279 -3.1536474227905273
280 -2.7208735942840576
281 -2.574409008026123
282 -2.823373794555664
283 -1.9822187423706055
284 -2.866217613220215
285 -3.049834966659546
286 -2.6723899841308594
287 -3.1763432025909424
288 -2.9331655502319336
289 -2.706618547439575
290 -2.7981159687042236
291 -2.7438735961914062
292 -3.052994966506958
293 -3.3576862812042236
294 -3.0424880981445312
295 -3.0677812099456787
296 -3.0175323486328125
297 -2.9154279232025146
298 -2.9023115634918213
299 -2.9115548133850098
300 -3.521857500076294
301 -3.555516481399536
302 -3.352442741394043
303 -3.500884532928467
304 -3.4759984016418457
305 -1.649034857749939
306 -1.984613060951233
307 -1.9130101203918457
308 -1.9926198720932007
309 -2.4641804695129395
310 -2.8141367435455322
311 -2.9434523582458496
312 -3.0663437843322754
313 -3.0693821907043457
314 -3.3532509803771973
315 -2.7110276222229004
316 -2.585651397705078
317 -2.6139373779296875
318 -2.854877471923828
319 -2.4624135494232178
320 -2.820521593093872
321 -3.169342041015625
322 -2.714651107788086
323 -3.3035664558410645
324 -3.057847261428833
325 -2.559450387954712
326 -3.0192770957946777
327 -3.133993148803711
328 -3.1191654205322266
329 -2.939756393432617
330 -2.0363690853118896
331 -2.2005298137664795
332 -2.28859281539917
333 -2.735633373260498
334 -2.7116267681121826
335 -3.500281810760498
336 -3.2917823791503906
337 -2.6634044647216797
338 -2.7602615356445312
339 -2.6146397590637207
340 -2.7433366775512695
341 -2.8203468322753906
342 -3.006221055984497
343 -2.567808151245117
344 -2.553040027618408
345 -3.0571653842926025
346 -3.306727886199951
347 -2.709059000015259
348 -2.9145143032073975
349 -2.966282606124878
350 -2.811098098754883
351 -3.174684524536133
352 -2.9544286727905273
353 -3.256676435470581
354 -2.743870735168457
355 -3.1014866828918457
356 -3.325129508972168
357 -3.129955768585205
358 -3.200913429260254
359 -2.54042387008667
360 -3.5572824478149414
361 -3.4634125232696533
362 -3.5058934688568115
363 -3.329741954803467
364 -3.452406167984009
365 -2.1558992862701416
366 -2.3977537155151367
367 -2.712660551071167
368 -1.9888453483581543
369 -2.079042673110962
370 -3.193601608276367
371 -3.518831253051758
372 -3.0252554416656494
373 -3.0719242095947266
374 -3.020965576171875
375 -2.3659400939941406
376 -2.641444206237793
377 -2.668046712875366
378 -2.390667200088501
379 -2.94624400138855
380 -3.1408145427703857
381 -3.029935121536255
382 -2.8577210903167725
383 -2.9060146808624268
384 -2.927844524383545
385 -2.7079715728759766
386 -2.8022165298461914
387 -3.1392884254455566
388 -2.919313430786133
389 -3.0180351734161377
390 -2.6198527812957764
391 -1.9175171852111816
392 -2.513162851333618
393 -2.7960782051086426
394 -2.530203104019165
395 -3.2285327911376953
396 -2.7401633262634277
397 -3.181785821914673
398 -2.9842019081115723
399 -3.2251830101013184
400 -3.0144851207733154
401 -2.869675874710083
402 -3.0439326763153076
403 -2.761063814163208
404 -3.238226890563965
405 -2.8370108604431152
406 -2.9358155727386475
407 -2.2370026111602783
408 -2.753239154815674
409 -2.9548959732055664
410 -3.292771577835083
411 -2.845430374145508
412 -2.7649364471435547
413 -3.1765048503875732
414 -3.2569046020507812
415 -2.661498785018921
416 -3.033973455429077
417 -3.0674614906311035
418 -2.8316450119018555
419 -3.1220908164978027
420 -2.696772575378418
421 -3.088715076446533
422 -3.522449493408203
423 -3.3434672355651855
424 -3.403172016143799
425 -1.93317449092865
426 -2.040309429168701
427 -2.0457117557525635
428 -2.002664804458618
429 -2.8886539936065674
430 -3.3791093826293945
431 -2.1406772136688232
432 -3.3697099685668945
433 -2.9130821228027344
434 -2.967857837677002
435 -2.800844192504883
436 -2.8351383209228516
437 -2.9877545833587646
438 -3.0913102626800537
439 -2.955617666244507
440 -2.589442491531372
441 -2.5477664470672607
442 -3.038184881210327
443 -3.2233808040618896
444 -2.957040309906006
445 -2.9456820487976074
446 -3.298989772796631
447 -2.540904998779297
448 -2.619335174560547
449 -2.864116668701172
450 -2.4391965866088867
451 -2.533886671066284
452 -2.519247531890869
453 -2.669950008392334
454 -2.678208827972412
455 -3.0800390243530273
456 -2.577641010284424
457 -2.3575830459594727
458 -2.5899271965026855
459 -3.1452887058258057
460 -2.9917709827423096
461 -2.3163390159606934
462 -2.490562915802002
463 -3.4483115673065186
464 -2.4652090072631836
465 -2.96736216545105
466 -2.9022810459136963
467 -2.9886972904205322
468 -2.8579249382019043
469 -3.0467870235443115
470 -3.0739943981170654
471 -2.9876444339752197
472 -3.3234050273895264
473 -3.090458869934082
474 -2.9364044666290283
475 -2.6608810424804688
476 -2.9762697219848633
477 -3.288259744644165
478 -2.375068187713623
479 -3.0057101249694824
480 -2.9458389282226562
481 -3.1610794067382812
482 -3.5366928577423096
483 -3.015328884124756
484 -3.443521738052368
485 -2.023592710494995
486 -2.1298720836639404
487 -2.130958318710327
488 -2.2571043968200684
489 -3.0623295307159424
490 -3.4030141830444336
491 -3.061190366744995
492 -3.28256893157959
493 -2.7516865730285645
494 -3.3287839889526367
495 -2.37724232673645
496 -2.6086435317993164
497 -2.5281405448913574
498 -3.017875909805298
499 -2.924853563308716
500 -3.1203551292419434
501 -2.9977505207061768
502 -3.0262515544891357
503 -2.816345453262329
504 -2.870681047439575
505 -2.7207155227661133
506 -2.918252944946289
507 -3.1538872718811035
508 -2.9510645866394043
509 -2.758256435394287
510 -2.48785400390625
511 -2.4900646209716797
512 -2.2461633682250977
513 -2.262094497680664
514 -2.3956127166748047
515 -3.237372398376465
516 -3.4946024417877197
517 -3.204102039337158
518 -2.876615047454834
519 -3.1847774982452393
520 -2.661585807800293
521 -2.6842546463012695
522 -2.6074366569519043
523 -2.8820695877075195
524 -2.0657894611358643
525 -2.8376097679138184
526 -2.8136658668518066
527 -2.5202460289001465
528 -2.145078659057617
529 -2.836785316467285
530 -3.0386359691619873
531 -2.7420032024383545
532 -3.1170663833618164
533 -3.283853769302368
534 -3.0457680225372314
535 -2.9426074028015137
536 -2.942800521850586
537 -2.918243885040283
538 -2.9110074043273926
539 -3.283892869949341
540 -3.3264992237091064
541 -3.2847647666931152
542 -3.5565617084503174
543 -3.5060789585113525
544 -3.348595380783081
545 -2.1076369285583496
546 -2.984895706176758
547 -2.2450482845306396
548 -1.936585783958435
549 -2.3915600776672363
550 -2.851895809173584
551 -2.951019287109375
552 -3.238612413406372
553 -3.1741137504577637
554 -3.382112979888916
555 -2.646711587905884
556 -2.7741479873657227
557 -2.6043174266815186
558 -3.17081356048584
559 -2.974128007888794
560 -2.8238799571990967
561 -2.892515182495117
562 -2.5795109272003174
563 -2.9936070442199707
564 -3.08538556098938
565 -2.7911996841430664
566 -2.7024970054626465
567 -2.7050893306732178
568 -2.825164556503296
569 -3.0058884620666504
570 -2.5862035751342773
571 -2.486668586730957
572 -2.431403636932373
573 -2.6152966022491455
574 -2.3032803535461426
575 -3.447573661804199
576 -3.19748854637146
577 -2.083280086517334
578 -3.2418384552001953
579 -3.4777345657348633
580 -2.951021194458008
581 -2.6811859607696533
582 -2.5980358123779297
583 -2.785515785217285
584 -2.951390266418457
585 -3.2159245014190674
586 -2.9510202407836914
587 -3.060361862182617
588 -2.996671199798584
589 -2.179460048675537
590 -2.7859277725219727
591 -2.8832786083221436
592 -2.973088026046753
593 -2.9048168659210205
594 -2.97898006439209
595 -2.5881547927856445
596 -3.253751754760742
597 -3.3923990726470947
598 -3.240044593811035
599 -3.1988067626953125
