0 -3.5715737342834473
1 -3.5716137886047363
2 -3.571601629257202
3 -3.5715646743774414
4 -3.5716071128845215
5 -3.165262222290039
6 -3.165255546569824
7 -3.165269136428833
8 -3.1652917861938477
9 -3.165329933166504
10 -3.66312575340271
11 -3.663313150405884
12 -3.6632044315338135
13 -3.6632237434387207
14 -3.6632909774780273
15 -3.423297882080078
16 -3.4232592582702637
17 -3.4231820106506348
18 -3.276393413543701
19 -3.4232563972473145
20 -3.601526975631714
21 -3.5707647800445557
22 -3.6017022132873535
23 -3.6018154621124268
24 -3.588869094848633
25 -3.619798421859741
26 -3.602351188659668
27 -3.6203041076660156
28 -3.6209590435028076
29 -3.6033122539520264
30 -2.8211143016815186
31 -2.821112871170044
32 -2.8211114406585693
33 -2.821112632751465
34 -2.821103096008301
35 -3.507035732269287
36 -3.507079601287842
37 -3.5070109367370605
38 -3.506943702697754
39 -3.5070650577545166
40 -3.4777450561523438
41 -3.4776575565338135
42 -3.477524518966675
43 -3.477604627609253
44 -3.4776761531829834
45 -3.4497714042663574
46 -3.4100093841552734
47 -3.4101054668426514
48 -3.41078519821167
49 -3.410360336303711
50 -3.6574909687042236
51 -3.658470869064331
52 -3.6559150218963623
53 -3.657938003540039
54 -3.657566785812378
55 -3.651101589202881
56 -3.6487059593200684
57 -3.6480894088745117
58 -3.6481733322143555
59 -3.650970220565796
60 -3.571608543395996
61 -3.571568727493286
62 -3.5715255737304688
63 -3.5716118812561035
64 -3.5715527534484863
65 -3.1652488708496094
66 -3.165313720703125
67 -3.1652870178222656
68 -3.165135622024536
69 -3.165226936340332
70 -3.6630735397338867
71 -3.663212299346924
72 -3.663334846496582
73 -3.6631648540496826
74 -3.6630778312683105
75 -3.423262119293213
76 -3.4232559204101562
77 -3.42326283454895
78 -3.423269748687744
79 -3.423241138458252
80 -3.6015613079071045
81 -3.588624954223633
82 -3.583660840988159
83 -3.6013996601104736
84 -3.5886871814727783
85 -3.601917266845703
86 -3.6209917068481445
87 -3.6210148334503174
88 -3.6210529804229736
89 -3.602001667022705
90 -2.82110595703125
91 -2.8211050033569336
92 -2.821112871170044
93 -2.8211050033569336
94 -2.8211092948913574
95 -3.5070505142211914
96 -3.5069313049316406
97 -3.5069565773010254
98 -3.5069875717163086
99 -3.5069580078125
100 -3.4776127338409424
101 -3.4775779247283936
102 -3.477689027786255
103 -3.4776384830474854
104 -3.477710008621216
105 -3.449838161468506
106 -3.449735641479492
107 -3.4497077465057373
108 -3.4498190879821777
109 -3.449721574783325
110 -3.6581599712371826
111 -3.6567344665527344
112 -3.658604860305786
113 -3.6582939624786377
114 -3.6579082012176514
115 -3.6489830017089844
116 -3.6491503715515137
117 -3.648109197616577
118 -3.6475820541381836
119 -3.6470117568969727
120 -3.5715904235839844
121 -3.5715739727020264
122 -3.5715792179107666
123 -3.5716140270233154
124 -3.571566104888916
125 -3.1653318405151367
126 -3.1651623249053955
127 -3.165329933166504
128 -3.1653335094451904
129 -3.165144920349121
130 -3.6633048057556152
131 -3.662923812866211
132 -3.663391590118408
133 -3.6631269454956055
134 -3.6631550788879395
135 -3.423170804977417
136 -3.4052672386169434
137 -3.4232337474823
138 -3.4232685565948486
139 -3.4232401847839355
140 -3.5960519313812256
141 -3.58882474899292
142 -3.6018338203430176
143 -3.588538646697998
144 -3.571021556854248
145 -3.6208763122558594
146 -3.6031248569488525
147 -3.6213574409484863
148 -3.604517698287964
149 -3.6210005283355713
150 -2.8211073875427246
151 -2.821108341217041
152 -2.8211114406585693
153 -2.8211147785186768
154 -2.821106433868408
155 -3.507051467895508
156 -3.507005214691162
157 -3.5069963932037354
158 -3.507056713104248
159 -3.507011651992798
160 -3.4776875972747803
161 -3.477625608444214
162 -3.47772479057312
163 -3.477564811706543
164 -3.477677345275879
165 -3.4497532844543457
166 -3.4497952461242676
167 -3.449780225753784
168 -3.410065174102783
169 -3.4099483489990234
170 -3.6580021381378174
171 -3.658391237258911
172 -3.6578519344329834
173 -3.658324956893921
174 -3.6585967540740967
175 -3.647895574569702
176 -3.650135040283203
177 -3.647333860397339
178 -3.646477699279785
179 -3.6433467864990234
180 -3.571561813354492
181 -3.571561813354492
182 -3.571545362472534
183 -3.571608066558838
184 -3.5715441703796387
185 -3.165154218673706
186 -3.165313720703125
187 -3.1651675701141357
188 -3.1651315689086914
189 -3.165177583694458
190 -3.6631271839141846
191 -3.6632485389709473
192 -3.663361072540283
193 -3.6629111766815186
194 -3.663301944732666
195 -3.423243761062622
196 -3.404935836791992
197 -3.4233195781707764
198 -3.423248767852783
199 -3.4055352210998535
200 -3.6017017364501953
201 -3.6018314361572266
202 -3.60186767578125
203 -3.5883355140686035
204 -3.601907730102539
205 -3.620821714401245
206 -3.605161428451538
207 -3.620793581008911
208 -3.6206822395324707
209 -3.620999336242676
210 -2.8211212158203125
211 -2.821106195449829
212 -2.821113348007202
213 -2.8211231231689453
214 -2.8211164474487305
215 -3.506992816925049
216 -3.507017135620117
217 -3.5070202350616455
218 -3.5069570541381836
219 -3.5070419311523438
220 -3.4774796962738037
221 -3.4775402545928955
222 -3.4777843952178955
223 -3.477562189102173
224 -3.4775965213775635
225 -3.449733018875122
226 -3.4495818614959717
227 -3.4498112201690674
228 -3.4100730419158936
229 -3.449855089187622
230 -3.6583757400512695
231 -3.6556270122528076
232 -3.6583521366119385
233 -3.658679246902466
234 -3.657547950744629
235 -3.651052713394165
236 -3.646007776260376
237 -3.6502716541290283
238 -3.6473703384399414
239 -3.6487274169921875
240 -3.571613311767578
241 -3.571572780609131
242 -3.5716066360473633
243 -3.5715391635894775
244 -3.5716004371643066
245 -3.165323257446289
246 -3.1650772094726562
247 -3.1651487350463867
248 -3.165198564529419
249 -3.165300130844116
250 -3.663363218307495
251 -3.663206100463867
252 -3.6629533767700195
253 -3.6632943153381348
254 -3.663161516189575
255 -3.4231338500976562
256 -3.4232261180877686
257 -3.4232125282287598
258 -3.423271656036377
259 -3.4232285022735596
260 -3.6011812686920166
261 -3.600921154022217
262 -3.588545560836792
263 -3.5887465476989746
264 -3.588747501373291
265 -3.601555347442627
266 -3.6206979751586914
267 -3.621169090270996
268 -3.6207966804504395
269 -3.6209864616394043
270 -2.8211159706115723
271 -2.821113348007202
272 -2.8211116790771484
273 -2.821105480194092
274 -2.821108818054199
275 -3.5070364475250244
276 -3.507017135620117
277 -3.5069150924682617
278 -3.506972312927246
279 -3.5070269107818604
280 -3.4776248931884766
281 -3.4776031970977783
282 -3.477637529373169
283 -3.477465867996216
284 -3.477789878845215
285 -3.410019636154175
286 -3.4106907844543457
287 -3.44978666305542
288 -3.449761152267456
289 -3.4496161937713623
290 -3.658632278442383
291 -3.6554555892944336
292 -3.6581132411956787
293 -3.6577367782592773
294 -3.65860652923584
295 -3.6475729942321777
296 -3.648613452911377
297 -3.648493766784668
298 -3.644510269165039
299 -3.6458487510681152
300 -3.571523904800415
301 -3.5716021060943604
302 -3.5715246200561523
303 -3.5715651512145996
304 -3.571582317352295
305 -3.165104627609253
306 -3.1653053760528564
307 -3.165249824523926
308 -3.165127754211426
309 -3.165328025817871
310 -3.6631107330322266
311 -3.6631593704223633
312 -3.6632721424102783
313 -3.6632087230682373
314 -3.6631107330322266
315 -3.4232890605926514
316 -3.4054627418518066
317 -3.4232029914855957
318 -3.423201084136963
319 -3.4232544898986816
320 -3.6017463207244873
321 -3.6016581058502197
322 -3.588489055633545
323 -3.60176420211792
324 -3.588369369506836
325 -3.602653980255127
326 -3.6210806369781494
327 -3.6208696365356445
328 -3.6209025382995605
329 -3.621046781539917
330 -2.8211052417755127
331 -2.8211092948913574
332 -2.8211097717285156
333 -2.8211123943328857
334 -2.821118116378784
335 -3.50699520111084
336 -3.50699520111084
337 -3.5069613456726074
338 -3.507014274597168
339 -3.507005214691162
340 -3.4775898456573486
341 -3.4775502681732178
342 -3.477637529373169
343 -3.4776670932769775
344 -3.477538824081421
345 -3.4497406482696533
346 -3.4497647285461426
347 -3.4496445655822754
348 -3.4497883319854736
349 -3.4497509002685547
350 -3.658503770828247
351 -3.6559159755706787
352 -3.6582534313201904
353 -3.6583030223846436
354 -3.6562843322753906
355 -3.6456875801086426
356 -3.6474616527557373
357 -3.6453237533569336
358 -3.649778366088867
359 -3.6468546390533447
360 -3.5715959072113037
361 -3.5715155601501465
362 -3.571561813354492
363 -3.571547031402588
364 -3.571608543395996
365 -3.1652660369873047
366 -3.1653079986572266
367 -3.1653127670288086
368 -3.1653263568878174
369 -3.1653144359588623
370 -3.6632447242736816
371 -3.6629390716552734
372 -3.663311004638672
373 -3.6630454063415527
374 -3.6628732681274414
375 -3.4231879711151123
376 -3.4231791496276855
377 -3.4231934547424316
378 -3.4232113361358643
379 -3.423224687576294
380 -3.5833067893981934
381 -3.601306915283203
382 -3.588831663131714
383 -3.601818084716797
384 -3.60174560546875
385 -3.6210954189300537
386 -3.6016507148742676
387 -3.6210811138153076
388 -3.6211118698120117
389 -3.6209187507629395
390 -2.821110725402832
391 -2.821099281311035
392 -2.8211073875427246
393 -2.8211069107055664
394 -2.82110595703125
395 -3.5069942474365234
396 -3.506969451904297
397 -3.5070393085479736
398 -3.5069921016693115
399 -3.5070362091064453
400 -3.47773814201355
401 -3.4776270389556885
402 -3.477781295776367
403 -3.4774959087371826
404 -3.4776382446289062
405 -3.4497921466827393
406 -3.4100615978240967
407 -3.449820041656494
408 -3.4496569633483887
409 -3.4497857093811035
410 -3.65824818611145
411 -3.6554954051971436
412 -3.6585757732391357
413 -3.6583259105682373
414 -3.65852427482605
415 -3.6485745906829834
416 -3.6510868072509766
417 -3.650190830230713
418 -3.6453475952148438
419 -3.644806146621704
420 -3.5715529918670654
421 -3.571608543395996
422 -3.5715646743774414
423 -3.5715250968933105
424 -3.571599006652832
425 -3.1652915477752686
426 -3.165330171585083
427 -3.165318250656128
428 -3.1652565002441406
429 -3.165228843688965
430 -3.663105010986328
431 -3.6632494926452637
432 -3.6631133556365967
433 -3.6632118225097656
434 -3.6633005142211914
435 -3.4232068061828613
436 -3.422964572906494
437 -3.2761337757110596
438 -3.4232864379882812
439 -3.4231116771698
440 -3.6018106937408447
441 -3.601895570755005
442 -3.5888121128082275
443 -3.588383436203003
444 -3.6010279655456543
445 -3.620835542678833
446 -3.6015138626098633
447 -3.6021761894226074
448 -3.620919942855835
449 -3.62092924118042
450 -2.821110725402832
451 -2.82110595703125
452 -2.8211092948913574
453 -2.8211233615875244
454 -2.821103572845459
455 -3.5069849491119385
456 -3.5069596767425537
457 -3.5069971084594727
458 -3.5069580078125
459 -3.5070784091949463
460 -3.4777047634124756
461 -3.477682113647461
462 -3.477627992630005
463 -3.477616310119629
464 -3.4775583744049072
465 -3.4100043773651123
466 -3.449634075164795
467 -3.409998655319214
468 -3.4100823402404785
469 -3.4101154804229736
470 -3.6549274921417236
471 -3.6585419178009033
472 -3.6581802368164062
473 -3.6558234691619873
474 -3.6583945751190186
475 -3.6470136642456055
476 -3.649214744567871
477 -3.647846221923828
478 -3.649918556213379
479 -3.648470401763916
480 -3.571561336517334
481 -3.5716042518615723
482 -3.5715365409851074
483 -3.571608543395996
484 -3.5715391635894775
485 -3.1652920246124268
486 -3.1652326583862305
487 -3.165144681930542
488 -3.1653366088867188
489 -3.1651413440704346
490 -3.663078784942627
491 -3.6631247997283936
492 -3.6631407737731934
493 -3.663102149963379
494 -3.6631672382354736
495 -3.4230873584747314
496 -3.423239231109619
497 -3.423175811767578
498 -3.4232726097106934
499 -3.4232418537139893
500 -3.601001501083374
501 -3.570852279663086
502 -3.5886874198913574
503 -3.5888829231262207
504 -3.6018636226654053
505 -3.6213269233703613
506 -3.6211230754852295
507 -3.6211531162261963
508 -3.6017887592315674
509 -3.6205592155456543
510 -2.8211069107055664
511 -2.8211050033569336
512 -2.8211052417755127
513 -2.8211028575897217
514 -2.821122884750366
515 -3.507073402404785
516 -3.506950855255127
517 -3.5070602893829346
518 -3.5069897174835205
519 -3.507040023803711
520 -3.47771954536438
521 -3.4777114391326904
522 -3.4776527881622314
523 -3.4776790142059326
524 -3.4774675369262695
525 -3.449773073196411
526 -3.4100661277770996
527 -3.4496867656707764
528 -3.409949779510498
529 -3.449761152267456
530 -3.6584415435791016
531 -3.6587131023406982
532 -3.657818555831909
533 -3.6584179401397705
534 -3.658527135848999
535 -3.648984909057617
536 -3.645862340927124
537 -3.648460626602173
538 -3.6480979919433594
539 -3.6487371921539307
540 -3.571563720703125
541 -3.57157826423645
542 -3.571615219116211
543 -3.571572780609131
544 -3.571606159210205
545 -3.1653366088867188
546 -3.165318489074707
547 -3.1651675701141357
548 -3.1652047634124756
549 -3.1652157306671143
550 -3.6632227897644043
551 -3.6631312370300293
552 -3.663074016571045
553 -3.6630635261535645
554 -3.66317081451416
555 -3.4231953620910645
556 -3.423163890838623
557 -3.4232451915740967
558 -3.423257827758789
559 -3.423194408416748
560 -3.6016860008239746
561 -3.5887246131896973
562 -3.601334810256958
563 -3.5834426879882812
564 -3.601489782333374
565 -3.6016299724578857
566 -3.6208691596984863
567 -3.6211302280426025
568 -3.62094783782959
569 -3.621068000793457
570 -2.821106433868408
571 -2.8211090564727783
572 -2.8211066722869873
573 -2.8211123943328857
574 -2.8210973739624023
575 -3.5069847106933594
576 -3.5070385932922363
577 -3.506997585296631
578 -3.5070295333862305
579 -3.5069901943206787
580 -3.477705240249634
581 -3.4776647090911865
582 -3.4776675701141357
583 -3.477633237838745
584 -3.4776360988616943
585 -3.4496917724609375
586 -3.410015821456909
587 -3.4496796131134033
588 -3.4498260021209717
589 -3.4498016834259033
590 -3.6571109294891357
591 -3.655019521713257
592 -3.654221534729004
593 -3.658606767654419
594 -3.658574342727661
595 -3.6472582817077637
596 -3.6500449180603027
597 -3.646665573120117
598 -3.6465134620666504
599 -3.6483232975006104
