0 -3.571535110473633
1 -3.5715324878692627
2 -3.571549892425537
3 -3.5715255737304688
4 -3.571564197540283
5 -3.1651430130004883
6 -3.165189743041992
7 -3.1651127338409424
8 -3.165328025817871
9 -3.1652920246124268
10 -3.663175106048584
11 -3.6630403995513916
12 -3.663355827331543
13 -3.6630971431732178
14 -3.663254976272583
15 -3.4053893089294434
16 -3.4232070446014404
17 -3.276219606399536
18 -3.4232258796691895
19 -3.4232444763183594
20 -3.6015796661376953
21 -3.600689649581909
22 -3.600879430770874
23 -3.5708248615264893
24 -3.601836681365967
25 -3.621119260787964
26 -3.60184645652771
27 -3.5960426330566406
28 -3.620863199234009
29 -3.6211977005004883
30 -2.8211076259613037
31 -2.8211092948913574
32 -2.821117639541626
33 -2.8211121559143066
34 -2.821117401123047
35 -3.506970167160034
36 -3.507005453109741
37 -3.5070078372955322
38 -3.5070784091949463
39 -3.5069992542266846
40 -3.477656126022339
41 -3.4775545597076416
42 -3.477626085281372
43 -3.4775474071502686
44 -3.4777088165283203
45 -3.449801206588745
46 -3.449680805206299
47 -3.4495816230773926
48 -3.4099814891815186
49 -3.4101340770721436
50 -3.6570539474487305
51 -3.655339479446411
52 -3.6586592197418213
53 -3.6586873531341553
54 -3.658388137817383
55 -3.6454052925109863
56 -3.64815616607666
57 -3.6448073387145996
58 -3.6484291553497314
59 -3.6485209465026855
60 -3.571598529815674
61 -3.5715177059173584
62 -3.5715997219085693
63 -3.57153058052063
64 -3.57157301902771
65 -3.16524600982666
66 -3.165318727493286
67 -3.1651241779327393
68 -3.1651649475097656
69 -3.165276527404785
70 -3.6632120609283447
71 -3.663090705871582
72 -3.6631460189819336
73 -3.6631247997283936
74 -3.663285970687866
75 -3.405679702758789
76 -3.4231975078582764
77 -3.4232611656188965
78 -3.4232590198516846
79 -3.423196315765381
80 -3.601893901824951
81 -3.6013407707214355
82 -3.601654291152954
83 -3.601591110229492
84 -3.5889458656311035
85 -3.6050758361816406
86 -3.6212780475616455
87 -3.6208012104034424
88 -3.6213200092315674
89 -3.605149269104004
90 -2.821101665496826
91 -2.821105480194092
92 -2.8211112022399902
93 -2.821115493774414
94 -3.5070810317993164
95 -3.5070486068725586
96 -3.5070104598999023
97 -3.506981611251831
98 -3.5069947242736816
99 -3.4776031970977783
100 -3.477712392807007
101 -3.477693557739258
102 -3.477684736251831
103 -3.4775969982147217
104 -3.4497382640838623
105 -3.410926342010498
106 -3.4099202156066895
107 -3.4498398303985596
108 -3.4497084617614746
109 -3.6563007831573486
110 -3.658543348312378
111 -3.6572768688201904
112 -3.656515121459961
113 -3.655672073364258
114 -3.649195671081543
115 -3.648679494857788
116 -3.648977279663086
117 -3.647873878479004
118 -3.648587226867676
119 -3.571561813354492
120 -3.57161283493042
121 -3.571596622467041
122 -3.5716047286987305
123 -3.571531057357788
124 -3.1651923656463623
125 -3.165287733078003
126 -3.1652612686157227
127 -3.165281295776367
128 -3.1651508808135986
129 -3.662956476211548
130 -3.662996292114258
131 -3.6630547046661377
132 -3.6632540225982666
133 -3.663172483444214
134 -3.423175811767578
135 -3.4231154918670654
136 -3.4231865406036377
137 -3.423276424407959
138 -3.423180103302002
139 -3.601548671722412
140 -3.588834285736084
141 -3.60180926322937
142 -3.601743221282959
143 -3.601590394973755
144 -3.6209399700164795
145 -3.6206648349761963
146 -3.6209475994110107
147 -3.621021270751953
148 -3.6210947036743164
149 0.5747652053833008
150 -2.8211166858673096
151 -2.8211026191711426
152 -2.821115732192993
153 -2.8211123943328857
154 -3.5069775581359863
155 -3.5069446563720703
156 -3.506965160369873
157 -3.506967067718506
158 -3.506991147994995
159 -3.4776909351348877
160 -3.477609872817993
161 -3.4776451587677
162 -3.4775307178497314
163 -3.477635383605957
164 -3.449824810028076
165 -3.449659824371338
166 -3.449657917022705
167 -3.4496524333953857
168 -3.4497382640838623
169 -3.654848098754883
170 -3.6586673259735107
171 -3.655371904373169
172 -3.6566574573516846
173 -3.6574456691741943
174 -3.6473183631896973
175 -3.6473188400268555
176 -3.6484665870666504
177 -3.647902250289917
178 -3.6474409103393555
179 -3.5715560913085938
180 -3.571577548980713
181 -3.571547746658325
182 -3.5715548992156982
183 -3.571575880050659
184 -3.165130615234375
185 -3.1653289794921875
186 -3.165287733078003
187 -3.1653149127960205
188 -3.1653223037719727
189 -3.662957191467285
190 -3.663116216659546
191 -3.663269519805908
192 -3.663036346435547
193 -3.6632728576660156
194 -3.4051642417907715
195 -3.4232680797576904
196 -3.4231953620910645
197 -3.4232985973358154
198 -3.4232258796691895
199 -3.601322650909424
200 -3.6013870239257812
201 -3.5702438354492188
202 -3.6012609004974365
203 -3.5887928009033203
204 -3.6210784912109375
205 -3.6202518939971924
206 -3.6212158203125
207 -3.6209945678710938
208 -3.620978832244873
209 -2.821105718612671
210 -2.821108102798462
211 -2.821105480194092
212 -2.821105718612671
213 -2.8211069107055664
214 -3.5069632530212402
215 -3.506992816925049
216 -3.5070722103118896
217 -3.5070579051971436
218 -3.506969451904297
219 -3.4776861667633057
220 -3.4777204990386963
221 -3.4776179790496826
222 -3.477712392807007
223 -3.477741003036499
224 -3.4497199058532715
225 -3.4497933387756348
226 -3.4498462677001953
227 -3.4498233795166016
228 -3.449802875518799
229 -3.6571762561798096
230 -3.655970335006714
231 -3.6566267013549805
232 -3.6559972763061523
233 -3.655832290649414
234 -3.6490955352783203
235 -3.647639751434326
236 -3.646641492843628
237 -3.6489992141723633
238 -3.649294376373291
239 -3.571615219116211
240 -3.571516990661621
241 -3.571536064147949
242 -3.5715572834014893
243 -3.571615695953369
244 -3.1653356552124023
245 -3.1651687622070312
246 -3.165302276611328
247 -3.165099859237671
248 -3.165313482284546
249 -3.6629867553710938
250 -3.6631429195404053
251 -3.663102865219116
252 -3.663227081298828
253 -3.663313388824463
254 -3.423259735107422
255 -3.405421018600464
256 -3.4232630729675293
257 -3.423163652420044
258 -3.4232020378112793
259 -3.6017165184020996
260 -3.5708842277526855
261 -3.6016883850097656
262 -3.6016018390655518
263 -3.6017966270446777
264 -3.621056079864502
265 -3.6209919452667236
266 -3.62127685546875
267 -3.6205787658691406
268 -3.6205384731292725
269 -2.8211159706115723
270 -2.821112871170044
271 -2.821110963821411
272 -2.8211123943328857
273 -2.821112871170044
274 -3.5070228576660156
275 -3.5070555210113525
276 -3.5068979263305664
277 -3.5069499015808105
278 -3.506989002227783
279 -3.4776477813720703
280 -3.477717161178589
281 -3.477510452270508
282 -3.4776999950408936
283 -3.4776899814605713
284 -3.4100844860076904
285 -3.409959316253662
286 -3.4117298126220703
287 -3.449652910232544
288 -3.4497146606445312
289 -3.6586196422576904
290 -3.65826153755188
291 -3.658238649368286
292 -3.6544973850250244
293 -3.6582376956939697
294 -3.6471543312072754
295 -3.6505250930786133
296 -3.6502654552459717
297 -3.6459834575653076
298 -3.649054527282715
299 -3.5715155601501465
300 -3.5716123580932617
301 -3.571613311767578
302 -3.5716161727905273
303 -3.5716171264648438
304 -3.165144920349121
305 -3.1652438640594482
306 -3.1653270721435547
307 -3.165203094482422
308 -3.1653244495391846
309 -3.662940263748169
310 -3.663228988647461
311 -3.6630406379699707
312 -3.663027763366699
313 -3.6632587909698486
314 -3.423266887664795
315 -3.4232280254364014
316 -3.423128128051758
317 -3.4232470989227295
318 -3.4232125282287598
319 -3.5885937213897705
320 -3.6016719341278076
321 -3.601841688156128
322 -3.5841336250305176
323 -3.5888571739196777
324 -3.621188163757324
325 -3.6210179328918457
326 -3.6206462383270264
327 -3.620326519012451
328 -3.601715087890625
329 -2.8211159706115723
330 -2.8211214542388916
331 -2.821105480194092
332 -2.8211073875427246
333 -2.821119785308838
334 -3.506939172744751
335 -3.506969451904297
336 -3.506967067718506
337 -3.5070011615753174
338 -3.5069360733032227
339 -3.477611541748047
340 -3.477555990219116
341 -3.477659225463867
342 -3.4776360988616943
343 -3.4775962829589844
344 -3.4496636390686035
345 -3.4100260734558105
346 -3.4099318981170654
347 -3.4497909545898438
348 -3.449657440185547
349 -3.658879041671753
350 -3.658655881881714
351 -3.656783103942871
352 -3.6585865020751953
353 -3.6567318439483643
354 -3.649448871612549
355 -3.648867130279541
356 -3.6489551067352295
357 -3.649263858795166
358 -3.64872145652771
359 -3.5715770721435547
360 -3.5715866088867188
361 -3.571528196334839
362 -3.5715367794036865
363 -3.571613311767578
364 -3.1653366088867188
365 -3.165219306945801
366 -3.1653263568878174
367 -3.165308952331543
368 -3.165148973464966
369 -3.66320538520813
370 -3.6631059646606445
371 -3.6631195545196533
372 -3.6632587909698486
373 -3.6632585525512695
374 -3.423231601715088
375 -3.4232773780822754
376 -3.4232563972473145
377 -3.423276424407959
378 -3.423252820968628
379 -3.588609218597412
380 -3.5888545513153076
381 -3.6016273498535156
382 -3.601337432861328
383 -3.5888748168945312
384 -3.6043167114257812
385 -3.6213717460632324
386 -3.6016149520874023
387 -3.6207988262176514
388 -3.620793581008911
389 -2.8211121559143066
390 -2.8211188316345215
391 -2.821119546890259
392 -2.8211007118225098
393 -2.8210976123809814
394 -3.5070457458496094
395 -3.5070223808288574
396 -3.507038116455078
397 -3.5070836544036865
398 -3.5070862770080566
399 -3.4774882793426514
400 -3.477633237838745
401 -3.4776241779327393
402 -3.4776573181152344
403 -3.47759747505188
404 -3.4102203845977783
405 -3.4498095512390137
406 -3.449763059616089
407 -3.449820041656494
408 -3.44978666305542
409 -3.654951333999634
410 -3.6576738357543945
411 -3.658543348312378
412 -3.6553871631622314
413 -3.6582858562469482
414 -3.6482653617858887
415 -3.6467223167419434
416 -3.6487531661987305
417 -3.6489274501800537
418 -3.647995948791504
419 -3.5715219974517822
420 -3.571596622467041
421 -3.5715372562408447
422 -3.5715274810791016
423 -3.571589946746826
424 -3.1652705669403076
425 -3.165316343307495
426 -3.1652653217315674
427 -3.1651668548583984
428 -3.1651947498321533
429 -3.663191080093384
430 -3.662989616394043
431 -3.663278579711914
432 -3.6630733013153076
433 -3.66292142868042
434 -3.4231936931610107
435 -3.4232170581817627
436 -3.2759647369384766
437 -3.423236131668091
438 -3.423274517059326
439 -3.601879835128784
440 -3.601796865463257
441 -3.5887768268585205
442 -3.588641405105591
443 -3.5887393951416016
444 -3.620971202850342
445 -3.5958166122436523
446 -3.62088942527771
447 -3.6022136211395264
448 -3.620875835418701
449 -2.8211240768432617
450 -2.82110857963562
451 -2.821106433868408
452 -2.8210997581481934
453 -2.8211050033569336
454 -3.506985902786255
455 -3.5069823265075684
456 -3.5070018768310547
457 -3.5069825649261475
458 -3.506997585296631
459 -3.477675437927246
460 -3.4775302410125732
461 -3.4776906967163086
462 -3.477590560913086
463 -3.477736234664917
464 -3.4497108459472656
465 -3.449636936187744
466 -3.449713945388794
467 -3.449767589569092
468 -3.4496169090270996
469 -3.6588690280914307
470 -3.6585471630096436
471 -3.6586740016937256
472 -3.6585166454315186
473 -3.658592462539673
474 -3.6419806480407715
475 -3.6488351821899414
476 -3.6468396186828613
477 -3.6483840942382812
478 -3.6351189613342285
479 -3.571542978286743
480 -3.5715231895446777
481 -3.571528911590576
482 -3.571519136428833
483 -3.5715174674987793
484 -3.165286064147949
485 -3.165135383605957
486 -3.1653337478637695
487 -3.1651601791381836
488 -3.1652965545654297
489 -3.663264274597168
490 -3.6630420684814453
491 -3.6631221771240234
492 -3.6631529331207275
493 -3.6631360054016113
494 -3.4232330322265625
495 -3.423201084136963
496 -3.423205614089966
497 -3.4232068061828613
498 -3.423219680786133
499 -3.5886611938476562
500 -3.600903034210205
501 -3.5889129638671875
502 -3.5887768268585205
503 -3.588766574859619
504 -3.6212077140808105
505 -3.621067523956299
506 -3.6207995414733887
507 -3.6212892532348633
508 -3.60166597366333
509 -2.821106433868408
510 -2.821106433868408
511 -2.8211092948913574
512 -2.8211095333099365
513 -3.507026195526123
514 -3.5070290565490723
515 -3.5070457458496094
516 -3.5069851875305176
517 -3.5069806575775146
518 -3.477642059326172
519 -3.477680206298828
520 -3.4775850772857666
521 -3.4776341915130615
522 -3.4777631759643555
523 -3.449820041656494
524 -3.41081166267395
525 -3.410179615020752
526 -3.410069227218628
527 -3.449777126312256
528 -3.658482789993286
529 -3.6561763286590576
530 -3.6551711559295654
531 -3.6560122966766357
532 -3.658703088760376
533 -3.647848606109619
534 -3.6489076614379883
535 -3.64670991897583
536 -3.6430675983428955
537 -3.647968292236328
538 -3.5716004371643066
539 -3.5715811252593994
540 -3.5715723037719727
541 -3.5715198516845703
542 -3.571617603302002
543 -3.165154457092285
544 -3.1653225421905518
545 -3.165119171142578
546 -3.165276527404785
547 -3.165203094482422
548 -3.663233995437622
549 -3.663148880004883
550 -3.663221597671509
551 -3.663273334503174
552 -3.6629538536071777
553 -3.4232373237609863
554 -3.423168897628784
555 -3.423290729522705
556 -3.4232654571533203
557 -3.423245906829834
558 -3.5886523723602295
559 -3.6017699241638184
560 -3.6013927459716797
561 -3.601529598236084
562 -3.6017520427703857
563 -3.6210200786590576
564 -3.620961904525757
565 -3.6205525398254395
566 -3.6208958625793457
567 -3.621183156967163
568 -2.8211066722869873
569 -2.821115493774414
570 -2.8211092948913574
571 -3.50697922706604
572 -3.5070736408233643
573 -3.507018804550171
574 -3.507011651992798
575 -3.507047653198242
576 -3.4776172637939453
577 -3.4775893688201904
578 -3.477592706680298
579 -3.477667808532715
580 -3.4776804447174072
581 -3.4497103691101074
582 -3.4497408866882324
583 -3.410027027130127
584 -3.4497437477111816
585 -3.4496617317199707
586 -3.5820064544677734
587 -3.6564033031463623
588 -3.656479597091675
589 -3.6567459106445312
590 -3.657109022140503
591 -3.646573781967163
592 -3.6491036415100098
593 -3.6477737426757812
594 -3.6468682289123535
595 -3.6479735374450684
