0 -1.8600177764892578
1 -1.565735101699829
2 -1.8013386726379395
3 -2.777177333831787
4 -2.6176443099975586
5 -2.152986764907837
6 -2.3368988037109375
7 -2.6000418663024902
8 -2.0919039249420166
9 -2.0494487285614014
10 -2.359931707382202
11 -3.105262279510498
12 -2.081899881362915
13 -2.636977434158325
14 -1.7176337242126465
15 -2.7378876209259033
16 -2.9457802772521973
17 -2.6272013187408447
18 -2.8345470428466797
19 -2.328367233276367
20 -2.4472947120666504
21 -3.0990970134735107
22 -3.064237117767334
23 -2.4036383628845215
24 -3.0432260036468506
25 -2.9730653762817383
26 -2.9198105335235596
27 -2.258471965789795
28 -2.361483097076416
29 -2.580186128616333
30 1.9708895683288574
31 -1.4888720512390137
32 -0.3436405658721924
33 -1.8065154552459717
34 -1.42527174949646
35 -2.5768284797668457
36 -2.6047682762145996
37 -1.6137192249298096
38 -0.770958423614502
39 -2.2395215034484863
40 -2.376272201538086
41 -2.0361502170562744
42 -2.2176835536956787
43 -3.055302381515503
44 -2.5535926818847656
45 -2.8965682983398438
46 -2.7521893978118896
47 -2.846308469772339
48 -2.8624463081359863
49 -2.22804856300354
50 -3.1944570541381836
51 -2.8251450061798096
52 -3.2631237506866455
53 -2.938856840133667
54 -3.197911262512207
55 -2.6820285320281982
56 -3.1228439807891846
57 -2.4654812812805176
58 -2.4944565296173096
59 -3.1771914958953857
60 -1.9164533615112305
61 -1.4863450527191162
62 -2.0124759674072266
63 -3.342761993408203
64 -1.9839348793029785
65 -2.000807523727417
66 -2.1841795444488525
67 -2.345211982727051
68 -1.9485039710998535
69 -2.3733906745910645
70 -2.8034160137176514
71 -2.5609750747680664
72 -2.0344436168670654
73 -2.7973694801330566
74 -1.417051076889038
75 -2.394162654876709
76 -2.0146067142486572
77 -2.9045543670654297
78 -2.704115152359009
79 -2.610159397125244
80 -2.945993661880493
81 -2.7157578468322754
82 -2.5968334674835205
83 -2.7031192779541016
84 -3.1193108558654785
85 -2.6261086463928223
86 -2.992861270904541
87 -2.9158763885498047
88 -2.6968913078308105
89 -2.98406982421875
90 -0.7719376087188721
91 1.6949539184570312
92 -1.8634159564971924
93 -1.3118066787719727
94 -3.104081630706787
95 -1.350919485092163
96 -1.2541954517364502
97 -3.117631435394287
98 -3.1500930786132812
99 -3.0827014446258545
100 -1.9090334177017212
101 -2.6315178871154785
102 -2.448863983154297
103 -2.420090675354004
104 -3.015439033508301
105 -2.445507049560547
106 -2.694246530532837
107 -3.0103111267089844
108 -2.9245786666870117
109 -2.7158889770507812
110 -2.782961845397949
111 -3.117730140686035
112 -2.627903461456299
113 -2.8241262435913086
114 -2.9238779544830322
115 -2.031902313232422
116 -3.090848922729492
117 -3.2499852180480957
118 -3.1273999214172363
119 -2.2159202098846436
120 -1.913273811340332
121 -1.9028794765472412
122 -1.7974178791046143
123 -1.5494203567504883
124 -2.022923707962036
125 -2.2679975032806396
126 -2.2225325107574463
127 -2.1025779247283936
128 -2.014420747756958
129 -2.5687642097473145
130 -2.676466226577759
131 -2.0194883346557617
132 -1.8356714248657227
133 -3.3397645950317383
134 -2.8891680240631104
135 -2.480079412460327
136 -2.8758254051208496
137 -3.0009095668792725
138 -2.804696559906006
139 -3.09674072265625
140 -2.586151599884033
141 -2.467461109161377
142 -2.8577380180358887
143 -2.6572086811065674
144 -3.0191211700439453
145 -2.770008087158203
146 -3.0596837997436523
147 -2.6594440937042236
148 -2.4888648986816406
149 2.6096558570861816
150 -1.3543760776519775
151 -1.9936766624450684
152 -2.0168240070343018
153 -1.4515113830566406
154 -2.2213001251220703
155 -3.0934460163116455
156 -2.703040599822998
157 -1.4957654476165771
158 -2.6529598236083984
159 -1.910220742225647
160 -2.874802827835083
161 -1.4232211112976074
162 -2.830734968185425
163 -1.6797336339950562
164 -3.229254961013794
165 -2.5546867847442627
166 -3.246668577194214
167 -3.030257225036621
168 -3.241056442260742
169 -2.948481798171997
170 -2.522226333618164
171 -2.9818809032440186
172 -3.2370853424072266
173 -2.576084613800049
174 -3.000957489013672
175 -2.7615270614624023
176 -3.088392972946167
177 -3.0464086532592773
178 -2.7352917194366455
179 -2.973101854324341
180 -1.464843988418579
181 -2.8620378971099854
182 -1.4613854885101318
183 -2.3126211166381836
184 -2.170029640197754
185 -2.2234814167022705
186 -1.997499942779541
187 -1.8847373723983765
188 -2.2654683589935303
189 -2.690591335296631
190 -1.155789852142334
191 -2.4073171615600586
192 -2.36080265045166
193 -1.5205140113830566
194 -2.7069783210754395
195 -2.7728278636932373
196 -3.0249578952789307
197 -2.5366275310516357
198 -2.9281485080718994
199 -2.4256019592285156
200 -2.928382396697998
201 -3.2240147590637207
202 -3.1419339179992676
203 -2.5077476501464844
204 -3.0384440422058105
205 -2.7584805488586426
206 -3.1580910682678223
207 -2.222006320953369
208 -2.998992919921875
209 -0.9635217189788818
210 -2.051318645477295
211 -1.349599838256836
212 1.8553838729858398
213 -1.6163570880889893
214 -2.38566517829895
215 -3.1186578273773193
216 -1.1247475147247314
217 -2.1435368061065674
218 -2.004732370376587
219 -2.1845908164978027
220 -2.6841297149658203
221 -2.489345073699951
222 -2.044265031814575
223 -1.813920497894287
224 -2.010246753692627
225 -2.700092315673828
226 -2.6753664016723633
227 -2.671010971069336
228 -2.5272436141967773
229 -2.979705572128296
230 -2.699639320373535
231 -2.748215913772583
232 -2.952268362045288
233 -2.950240135192871
234 -2.9073452949523926
235 -3.1508631706237793
236 -2.9319753646850586
237 -2.3577399253845215
238 -2.8338890075683594
239 -1.4868395328521729
240 -2.7402307987213135
241 -2.334296941757202
242 -1.4593918323516846
243 -1.479006290435791
244 -2.531399726867676
245 -1.8785680532455444
246 -2.667595624923706
247 -1.6639906167984009
248 -2.228464365005493
249 -2.7606499195098877
250 -3.229412078857422
251 -1.6676878929138184
252 -2.985682249069214
253 -2.8893189430236816
254 -2.6301333904266357
255 -2.2064924240112305
256 -2.4543895721435547
257 -2.6747398376464844
258 -3.0879461765289307
259 -2.7943968772888184
260 -3.0308310985565186
261 -2.4250426292419434
262 -2.7299861907958984
263 -3.2428805828094482
264 -2.5977845191955566
265 -2.550859212875366
266 -2.7356624603271484
267 -3.0831193923950195
268 -2.283572196960449
269 -1.2569351196289062
270 -2.1004083156585693
271 -2.3197977542877197
272 -1.2958405017852783
273 -1.6307940483093262
274 -1.1257479190826416
275 -1.3489084243774414
276 -2.9182674884796143
277 -1.6661326885223389
278 -3.4996964931488037
279 -1.7134976387023926
280 -2.379878520965576
281 -2.743891716003418
282 -2.027245283126831
283 -2.372046947479248
284 -2.408137798309326
285 -3.0173943042755127
286 -2.3265132904052734
287 -2.5427043437957764
288 -2.8487560749053955
289 -3.0475265979766846
290 -2.693343162536621
291 -2.6338162422180176
292 -3.2934482097625732
293 -2.9967870712280273
294 -2.88755464553833
295 -3.036728620529175
296 -2.7442195415496826
297 -2.4061784744262695
298 -2.8180735111236572
299 -1.2430636882781982
300 -0.9142365455627441
301 -1.1420631408691406
302 -0.5560495853424072
303 -1.7223899364471436
304 -1.8611313104629517
305 -2.3251280784606934
306 -2.388737678527832
307 -2.2807939052581787
308 -2.268064498901367
309 -1.7406325340270996
310 -2.969498872756958
311 -2.768862009048462
312 -3.1568679809570312
313 -1.5067095756530762
314 -2.5399513244628906
315 -2.948983907699585
316 -2.6791350841522217
317 -3.0291919708251953
318 -2.5075442790985107
319 -3.0949866771698
320 -2.6611084938049316
321 -2.587479829788208
322 -3.0315232276916504
323 -3.0145106315612793
324 -2.514925003051758
325 -3.181985855102539
326 -2.838278293609619
327 -2.9584789276123047
328 -2.6930036544799805
329 0.8971419334411621
330 -1.5252807140350342
331 -0.550696849822998
332 -1.1078460216522217
333 -2.0161638259887695
334 -3.221100330352783
335 -1.2275214195251465
336 -2.416628360748291
337 -3.0889947414398193
338 -1.7407855987548828
339 -3.073033094406128
340 -2.2256762981414795
341 -2.025225877761841
342 -2.309032440185547
343 -2.3857975006103516
344 -2.375588893890381
345 -2.0214169025421143
346 -2.1785337924957275
347 -2.412613868713379
348 -2.780792474746704
349 -2.8731791973114014
350 -3.048436164855957
351 -2.896674156188965
352 -2.6146912574768066
353 -2.7877721786499023
354 -3.006208658218384
355 -2.5338757038116455
356 -3.140223741531372
357 -2.68475341796875
358 -2.8318490982055664
359 -2.878960609436035
360 -1.0721957683563232
361 -1.1874423027038574
362 -2.052100658416748
363 -1.4199111461639404
364 -2.498342990875244
365 -2.067734956741333
366 -2.9288558959960938
367 -2.929579734802246
368 -1.8815103769302368
369 -2.4351143836975098
370 -2.5960752964019775
371 -2.744215488433838
372 -2.5854382514953613
373 -2.855354070663452
374 -2.7507762908935547
375 -2.8650386333465576
376 -2.9327378273010254
377 -2.7654361724853516
378 -2.9983789920806885
379 -2.6251273155212402
380 -2.864703416824341
381 -2.881181240081787
382 -2.990593433380127
383 -2.7587430477142334
384 -2.7758989334106445
385 -2.9002904891967773
386 -2.6651782989501953
387 -2.838009834289551
388 -2.91430401802063
389 -1.1431457996368408
390 -1.4902310371398926
391 -2.314772129058838
392 1.1952457427978516
393 -2.322396755218506
394 -2.089961528778076
395 -0.5099489688873291
396 -1.991750717163086
397 0.6512947082519531
398 -2.4135241508483887
399 -2.4170727729797363
400 -2.6562986373901367
401 -1.8625551462173462
402 -2.031660318374634
403 -1.4754804372787476
404 -2.1008129119873047
405 -2.749483585357666
406 -3.0447373390197754
407 -2.726776123046875
408 -2.712268590927124
409 -2.396955966949463
410 -2.485598564147949
411 -3.1530017852783203
412 -2.507082462310791
413 -3.0919196605682373
414 -2.758793830871582
415 -3.0066030025482178
416 -2.2906107902526855
417 -3.326077699661255
418 -2.6538047790527344
419 -1.7074289321899414
420 -1.0661420822143555
421 -1.7354507446289062
422 -1.8724884986877441
423 -2.0624194145202637
424 -2.656834602355957
425 -1.3707575798034668
426 -2.735550880432129
427 -1.5532678365707397
428 -2.54830265045166
429 -1.384098768234253
430 -1.1186461448669434
431 -2.8000338077545166
432 -2.1435647010803223
433 -1.7519440650939941
434 -2.1890344619750977
435 -2.8473219871520996
436 -2.2321786880493164
437 -2.7280235290527344
438 -1.6177730560302734
439 -2.7752203941345215
440 -3.0181496143341064
441 -3.0172855854034424
442 -3.0907139778137207
443 -2.922675371170044
444 -2.846055030822754
445 -3.112881660461426
446 -2.993691921234131
447 -2.673247814178467
448 -2.984649181365967
449 1.3873233795166016
450 0.4270591735839844
451 1.282590389251709
452 -0.9995067119598389
453 -0.3167235851287842
454 -2.2054405212402344
455 -3.2756106853485107
456 -2.1065359115600586
457 -2.338858127593994
458 -2.485787868499756
459 -1.769243836402893
460 -2.3612465858459473
461 -2.584181308746338
462 -1.6749948263168335
463 -2.917858123779297
464 -2.7501611709594727
465 -2.982348918914795
466 -2.8556838035583496
467 -3.121222496032715
468 -2.6823081970214844
469 -3.2483434677124023
470 -3.0358874797821045
471 -2.3593263626098633
472 -2.650914192199707
473 -3.195380449295044
474 -2.7890117168426514
475 -2.686765193939209
476 -2.6935644149780273
477 -3.198580741882324
478 -2.724754571914673
479 -1.6063218116760254
480 -2.491877794265747
481 -2.084578514099121
482 -3.540062427520752
483 -1.4378223419189453
484 -2.750102996826172
485 -2.213536024093628
486 -2.42854642868042
487 -1.7821553945541382
488 -2.041914463043213
489 -1.7974493503570557
490 -2.810231924057007
491 -3.2636115550994873
492 -3.0452632904052734
493 -2.7102861404418945
494 -2.3754329681396484
495 -2.277156352996826
496 -2.8589096069335938
497 -2.9007959365844727
498 -2.6609926223754883
499 -3.1015074253082275
500 -2.97314190864563
501 -2.596548557281494
502 -3.1916966438293457
503 -2.8031246662139893
504 -3.0281853675842285
505 -2.976680278778076
506 -2.450169086456299
507 -2.870643377304077
508 -2.7373790740966797
509 0.12801599502563477
510 1.5612883567810059
511 -1.2984201908111572
512 1.669827938079834
513 -2.4180400371551514
514 -2.4619863033294678
515 -1.7763042449951172
516 -2.2204108238220215
517 -3.2071011066436768
518 -1.9740759134292603
519 -2.055974006652832
520 -2.3771424293518066
521 -2.2296323776245117
522 -2.2198753356933594
523 -2.790813684463501
524 -2.771392345428467
525 -2.458974838256836
526 -2.81231951713562
527 -2.346275806427002
528 -2.4163784980773926
529 -3.0581629276275635
530 -2.877345323562622
531 -3.118321657180786
532 -3.030756711959839
533 -2.7904512882232666
534 -2.9006271362304688
535 -2.8070366382598877
536 -2.5651731491088867
537 -2.6278491020202637
538 -2.395162582397461
539 -2.419090509414673
540 -1.0905020236968994
541 -2.7998461723327637
542 -0.9320621490478516
543 -1.9246364831924438
544 -2.7824790477752686
545 -2.187490701675415
546 -2.4900527000427246
547 -2.3593063354492188
548 -1.7219717502593994
549 -3.0213046073913574
550 -2.551211357116699
551 -1.0350432395935059
552 -2.6471080780029297
553 -2.524080514907837
554 -2.83420467376709
555 -2.7972724437713623
556 -2.957699775695801
557 -2.831012725830078
558 -2.8985142707824707
559 -2.6931350231170654
560 -2.6010682582855225
561 -2.9670872688293457
562 -3.0540130138397217
563 -2.3514232635498047
564 -2.9804937839508057
565 -3.034176826477051
566 -3.1031389236450195
567 -2.7041475772857666
568 0.6796493530273438
569 -1.1220338344573975
570 -1.522932529449463
571 -3.087050437927246
572 -1.8171336650848389
573 -0.8641400337219238
574 -2.423147201538086
575 -1.8343441486358643
576 -2.3888792991638184
577 -1.9892724752426147
578 -3.1357123851776123
579 -3.1692378520965576
580 -2.015676975250244
581 -2.456843376159668
582 -2.5125627517700195
583 -2.8456759452819824
584 -2.8304121494293213
585 -3.0854265689849854
586 -3.0895354747772217
587 -2.662970542907715
588 -2.6496105194091797
589 -3.169968605041504
590 -3.1861705780029297
591 -2.8964285850524902
592 -3.346045970916748
593 -3.087036609649658
594 -2.4565248489379883
595 -3.246286153793335
