0 -3.571617603302002
1 -3.571617603302002
2 -3.571617603302002
3 -3.571617603302002
4 -3.571617603302002
5 -1.117133378982544
6 -1.117133378982544
7 -1.1171329021453857
8 -1.117133378982544
9 -1.1171329021453857
10 -2.188314437866211
11 -2.188314437866211
12 -2.18831467628479
13 -2.188314437866211
14 -2.18831467628479
15 -3.270184278488159
16 -3.270184278488159
17 -3.270184278488159
18 -3.2701847553253174
19 -3.270184278488159
20 -3.440828323364258
21 -3.440828800201416
22 -3.440828800201416
23 -3.440828323364258
24 -3.440828323364258
25 -3.519533157348633
26 -3.519533157348633
27 -3.519533157348633
28 -3.519533157348633
29 -3.519533157348633
30 -2.121469497680664
31 -2.121469497680664
32 -2.121469497680664
33 -2.121469497680664
34 -2.121469497680664
35 -3.236339569091797
36 -3.236339569091797
37 -3.236339569091797
38 -3.236339569091797
39 -3.236339569091797
40 -1.9971767663955688
41 -1.9971767663955688
42 -1.9971767663955688
43 -1.9971767663955688
44 -1.9971767663955688
45 -2.7765722274780273
46 -2.7765722274780273
47 -2.7765722274780273
48 -2.7765722274780273
49 -2.7765719890594482
50 -3.393583297729492
51 -3.393582582473755
52 -3.393582582473755
53 -3.393583297729492
54 -3.393582582473755
55 -3.041645050048828
56 -3.041645050048828
57 -3.041645050048828
58 -3.041645050048828
59 -3.041645050048828
60 -3.571617603302002
61 -3.571617603302002
62 -3.571617603302002
63 -3.571617603302002
64 -3.571617603302002
65 -1.117133378982544
66 -1.117133378982544
67 -1.1171329021453857
68 -1.1171329021453857
69 -1.117133378982544
70 -2.18831467628479
71 -2.18831467628479
72 -2.188314437866211
73 -2.18831467628479
74 -2.188314437866211
75 -3.270184278488159
76 -3.270184278488159
77 -3.270184278488159
78 -3.270184278488159
79 -3.270184278488159
80 -3.440828323364258
81 -3.440828323364258
82 -3.440828323364258
83 -3.440829038619995
84 -3.440828323364258
85 -3.519533157348633
86 -3.519533157348633
87 -3.519533157348633
88 -3.519533157348633
89 -3.519533395767212
90 -2.121469497680664
91 -2.121469497680664
92 -2.121469497680664
93 -2.121469497680664
94 -2.121469497680664
95 -3.236339569091797
96 -3.236339569091797
97 -3.236339569091797
98 -3.236339569091797
99 -3.236339569091797
100 -1.9971767663955688
101 -1.9971767663955688
102 -1.9971767663955688
103 -1.9971767663955688
104 -1.9971767663955688
105 -2.7765722274780273
106 -2.7765722274780273
107 -2.7765722274780273
108 -2.7765722274780273
109 -2.7765722274780273
110 -3.393582582473755
111 -3.393583059310913
112 -3.393582582473755
113 -3.393582582473755
114 -3.393583297729492
115 -3.041645050048828
116 -3.041645050048828
117 -3.041645050048828
118 -3.041645050048828
119 -3.041645050048828
120 -3.571617603302002
121 -3.571617603302002
122 -3.571617603302002
123 -3.571617603302002
124 -3.571617603302002
125 -1.117133378982544
126 -1.117133378982544
127 -1.1171329021453857
128 -1.117133378982544
129 -1.1171329021453857
130 -2.188314437866211
131 -2.188314437866211
132 -2.18831467628479
133 -2.188314437866211
134 -2.188314437866211
135 -3.270184278488159
136 -3.270184278488159
137 -3.270184278488159
138 -3.270184278488159
139 -3.270184278488159
140 -3.440828800201416
141 -3.440828323364258
142 -3.440828323364258
143 -3.440828800201416
144 -3.440828800201416
145 -3.519533157348633
146 -3.519533157348633
147 -3.519533157348633
148 -3.519533157348633
149 -3.519533157348633
150 -2.121469497680664
151 -2.121469497680664
152 -2.121469497680664
153 -2.121469497680664
154 -2.121469497680664
155 -3.236339569091797
156 -3.236339569091797
157 -3.236339569091797
158 -3.236339569091797
159 -3.236339569091797
160 -1.9971767663955688
161 -1.9971767663955688
162 -1.9971767663955688
163 -1.9971767663955688
164 -1.9971767663955688
165 -2.7765722274780273
166 -2.7765722274780273
167 -2.7765722274780273
168 -2.7765719890594482
169 -2.7765719890594482
170 -3.393583297729492
171 -3.393582344055176
172 -3.393583297729492
173 -3.393582582473755
174 -3.393582344055176
175 -3.041645050048828
176 -3.041645050048828
177 -3.041645050048828
178 -3.041645050048828
179 -3.041645050048828
180 -3.571617603302002
181 -3.571617603302002
182 -3.571617603302002
183 -3.571617603302002
184 -3.571617603302002
185 -1.1171329021453857
186 -1.1171329021453857
187 -1.1171329021453857
188 -1.1171329021453857
189 -1.1171329021453857
190 -2.188314437866211
191 -2.18831467628479
192 -2.188314437866211
193 -2.188314437866211
194 -2.188314437866211
195 -3.270184278488159
196 -3.270184278488159
197 -3.270184278488159
198 -3.270184278488159
199 -3.270184278488159
200 -3.440828323364258
201 -3.440828800201416
202 -3.440828323364258
203 -3.440828800201416
204 -3.440828323364258
205 -3.519533157348633
206 -3.519533157348633
207 -3.519533395767212
208 -3.519533157348633
209 -3.519533157348633
210 -2.121469497680664
211 -2.121469497680664
212 -2.121469497680664
213 -2.121469497680664
214 -2.121469497680664
215 -3.236339569091797
216 -3.236339569091797
217 -3.236339569091797
218 -3.236339569091797
219 -3.236339569091797
220 -1.9971767663955688
221 -1.9971767663955688
222 -1.9971767663955688
223 -1.9971767663955688
224 -1.9971767663955688
225 -2.7765722274780273
226 -2.7765722274780273
227 -2.7765722274780273
228 -2.7765719890594482
229 -2.7765722274780273
230 -3.393582582473755
231 -3.393583297729492
232 -3.393582582473755
233 -3.393582582473755
234 -3.393582582473755
235 -3.041645050048828
236 -3.041645050048828
237 -3.041645050048828
238 -3.0416452884674072
239 -3.041645050048828
240 -3.571617603302002
241 -3.571617603302002
242 -3.571617603302002
243 -3.571617603302002
244 -3.571617603302002
245 -1.1171329021453857
246 -1.1171329021453857
247 -1.1171329021453857
248 -1.1171329021453857
249 -1.1171329021453857
250 -2.18831467628479
251 -2.188314437866211
252 -2.188314437866211
253 -2.18831467628479
254 -2.188314437866211
255 -3.270184278488159
256 -3.270184278488159
257 -3.270184278488159
258 -3.270184278488159
259 -3.270184278488159
260 -3.440828323364258
261 -3.440828800201416
262 -3.440828800201416
263 -3.440828800201416
264 -3.440828800201416
265 -3.519533395767212
266 -3.519533157348633
267 -3.519533157348633
268 -3.519533395767212
269 -3.519533157348633
270 -2.121469497680664
271 -2.121469497680664
272 -2.121469497680664
273 -2.121469497680664
274 -2.121469497680664
275 -3.236339569091797
276 -3.236339569091797
277 -3.236339569091797
278 -3.236339569091797
279 -3.236339569091797
280 -1.9971767663955688
281 -1.9971767663955688
282 -1.9971767663955688
283 -1.9971767663955688
284 -1.9971767663955688
285 -2.7765722274780273
286 -2.7765722274780273
287 -2.7765722274780273
288 -2.7765722274780273
289 -2.7765722274780273
290 -3.393583297729492
291 -3.393582582473755
292 -3.393582582473755
293 -3.393582582473755
294 -3.393582344055176
295 -3.041645050048828
296 -3.041645050048828
297 -3.041645050048828
298 -3.041645050048828
299 -3.041645050048828
300 -3.571617603302002
301 -3.571617603302002
302 -3.571617603302002
303 -3.571617603302002
304 -3.571617603302002
305 -1.1171329021453857
306 -1.1171329021453857
307 -1.1171329021453857
308 -1.1171329021453857
309 -1.1171329021453857
310 -2.188314437866211
311 -2.18831467628479
312 -2.188314437866211
313 -2.188314437866211
314 -2.188314437866211
315 -3.270184278488159
316 -3.2701847553253174
317 -3.270184278488159
318 -3.270184278488159
319 -3.270184278488159
320 -3.440828323364258
321 -3.440828800201416
322 -3.440828323364258
323 -3.440828323364258
324 -3.440828323364258
325 -3.519533157348633
326 -3.519533157348633
327 -3.519533157348633
328 -3.519533157348633
329 -3.519533157348633
330 -2.121469497680664
331 -2.121469497680664
332 -2.121469497680664
333 -2.121469497680664
334 -2.121469497680664
335 -3.236339569091797
336 -3.236339569091797
337 -3.236339569091797
338 -3.236339569091797
339 -3.236339569091797
340 -1.9971767663955688
341 -1.9971767663955688
342 -1.9971767663955688
343 -1.9971767663955688
344 -1.9971767663955688
345 -2.7765722274780273
346 -2.7765719890594482
347 -2.7765722274780273
348 -2.7765719890594482
349 -2.7765719890594482
350 -3.393583059310913
351 -3.393583059310913
352 -3.393582344055176
353 -3.3935835361480713
354 -3.393583297729492
355 -3.041645050048828
356 -3.0416452884674072
357 -3.041645050048828
358 -3.041645050048828
359 -3.041645050048828
360 -3.571617603302002
361 -3.571617603302002
362 -3.571617603302002
363 -3.571617603302002
364 -3.571617603302002
365 -1.1171329021453857
366 -1.1171329021453857
367 -1.1171329021453857
368 -1.1171329021453857
369 -1.1171329021453857
370 -2.18831467628479
371 -2.188314437866211
372 -2.18831467628479
373 -2.188314437866211
374 -2.188314437866211
375 -3.270184278488159
376 -3.270184278488159
377 -3.270184278488159
378 -3.270184278488159
379 -3.270184278488159
380 -3.440828800201416
381 -3.440828800201416
382 -3.440828323364258
383 -3.440828323364258
384 -3.440828323364258
385 -3.519533157348633
386 -3.519533157348633
387 -3.519533157348633
388 -3.519533395767212
389 -3.519533157348633
390 -2.121469497680664
391 -2.121469497680664
392 -2.121469497680664
393 -2.121469497680664
394 -2.121469497680664
395 -3.236339569091797
396 -3.236339569091797
397 -3.236339569091797
398 -3.236339569091797
399 -3.236339569091797
400 -1.9971767663955688
401 -1.9971767663955688
402 -1.9971767663955688
403 -1.9971767663955688
404 -1.9971767663955688
405 -2.7765722274780273
406 -2.7765722274780273
407 -2.7765722274780273
408 -2.7765722274780273
409 -2.7765722274780273
410 -3.393582344055176
411 -3.393583297729492
412 -3.393583297729492
413 -3.393583059310913
414 -3.393582344055176
415 -3.041645050048828
416 -3.0416452884674072
417 -3.041645050048828
418 -3.041645050048828
419 -3.041645050048828
420 -3.571617603302002
421 -3.571617603302002
422 -3.571617603302002
423 -3.571617603302002
424 -3.571617603302002
425 -1.1171329021453857
426 -1.1171329021453857
427 -1.1171329021453857
428 -1.1171329021453857
429 -1.1171329021453857
430 -2.18831467628479
431 -2.188314437866211
432 -2.188314437866211
433 -2.188314437866211
434 -2.188314437866211
435 -3.270184278488159
436 -3.270184278488159
437 -3.2701847553253174
438 -3.270184278488159
439 -3.270184278488159
440 -3.440828323364258
441 -3.440828323364258
442 -3.440828800201416
443 -3.440828800201416
444 -3.440828800201416
445 -3.519533157348633
446 -3.519533157348633
447 -3.519533157348633
448 -3.519533157348633
449 -3.519533157348633
450 -2.121469497680664
451 -2.121469497680664
452 -2.121469497680664
453 -2.121469497680664
454 -2.121469497680664
455 -3.236339569091797
456 -3.236339569091797
457 -3.236339569091797
458 -3.236339569091797
459 -3.236339569091797
460 -1.9971767663955688
461 -1.9971767663955688
462 -1.9971767663955688
463 -1.9971767663955688
464 -1.9971767663955688
465 -2.7765722274780273
466 -2.7765722274780273
467 -2.7765722274780273
468 -2.7765719890594482
469 -2.7765722274780273
470 -3.393582582473755
471 -3.393583059310913
472 -3.393583059310913
473 -3.393582582473755
474 -3.393582582473755
475 -3.041645050048828
476 -3.041645050048828
477 -3.041645050048828
478 -3.041645050048828
479 -3.041645050048828
480 -3.571617603302002
481 -3.571617603302002
482 -3.571617603302002
483 -3.571617603302002
484 -3.571617603302002
485 -1.1171329021453857
486 -1.1171329021453857
487 -1.1171329021453857
488 -1.1171329021453857
489 -1.1171329021453857
490 -2.188314437866211
491 -2.188314437866211
492 -2.18831467628479
493 -2.188314437866211
494 -2.188314437866211
495 -3.270184278488159
496 -3.270184278488159
497 -3.270184278488159
498 -3.270184278488159
499 -3.270184278488159
500 -3.440828800201416
501 -3.440828323364258
502 -3.440828800201416
503 -3.440828800201416
504 -3.440828323364258
505 -3.519533157348633
506 -3.519533157348633
507 -3.519533157348633
508 -3.519533157348633
509 -3.519533157348633
510 -2.121469497680664
511 -2.121469497680664
512 -2.121469497680664
513 -2.121469497680664
514 -2.121469497680664
515 -3.236339569091797
516 -3.236339569091797
517 -3.236339569091797
518 -3.236339569091797
519 -3.236339569091797
520 -1.9971767663955688
521 -1.9971767663955688
522 -1.9971767663955688
523 -1.9971767663955688
524 -1.9971767663955688
525 -2.7765722274780273
526 -2.7765722274780273
527 -2.7765722274780273
528 -2.7765722274780273
529 -2.7765722274780273
530 -3.393583059310913
531 -3.393583059310913
532 -3.393582344055176
533 -3.393582344055176
534 -3.393582344055176
535 -3.041645050048828
536 -3.0416452884674072
537 -3.041645050048828
538 -3.041645050048828
539 -3.041645050048828
540 -3.571617603302002
541 -3.571617603302002
542 -3.571617603302002
543 -3.571617603302002
544 -3.571617603302002
545 -1.1171329021453857
546 -1.1171329021453857
547 -1.1171329021453857
548 -1.1171329021453857
549 -1.1171329021453857
550 -2.18831467628479
551 -2.188314437866211
552 -2.188314437866211
553 -2.188314437866211
554 -2.188314437866211
555 -3.2701847553253174
556 -3.270184278488159
557 -3.270184278488159
558 -3.270184278488159
559 -3.270184278488159
560 -3.440828800201416
561 -3.440828800201416
562 -3.440828800201416
563 -3.440828800201416
564 -3.440828323364258
565 -3.519533157348633
566 -3.519533157348633
567 -3.519533157348633
568 -3.519533157348633
569 -3.519533395767212
570 -2.121469497680664
571 -2.121469497680664
572 -2.121469497680664
573 -2.121469497680664
574 -2.121469497680664
575 -3.236339569091797
576 -3.236339569091797
577 -3.236339569091797
578 -3.236339569091797
579 -3.236339569091797
580 -1.9971767663955688
581 -1.9971767663955688
582 -1.9971767663955688
583 -1.9971767663955688
584 -1.9971767663955688
585 -2.7765722274780273
586 -2.7765722274780273
587 -2.7765722274780273
588 -2.7765722274780273
589 -2.7765722274780273
590 -3.393583297729492
591 -3.393583297729492
592 -3.393583297729492
593 -3.393582344055176
594 -3.393582344055176
595 -3.041645050048828
596 -3.041645050048828
597 -3.041645050048828
598 -3.041645050048828
599 -3.041645050048828
