0 -3.571617603302002
1 -3.571617603302002
2 -3.571617603302002
3 -3.571617603302002
4 -3.571617603302002
5 -3.165191650390625
6 -3.165191650390625
7 -3.1651909351348877
8 -3.165191650390625
9 -3.1651909351348877
10 -3.6633076667785645
11 -3.6633081436157227
12 -3.663308620452881
13 -3.6633076667785645
14 -3.663308620452881
15 -3.423229217529297
16 -3.423229217529297
17 -3.423229217529297
18 -3.423229694366455
19 -3.423229694366455
20 -3.5888278484344482
21 -3.588827610015869
22 -3.5888285636901855
23 -3.5888283252716064
24 -3.5888283252716064
25 -3.603055238723755
26 -3.6030566692352295
27 -3.603055715560913
28 -3.603055238723755
29 -3.603055238723755
30 -2.8210978507995605
31 -2.8210978507995605
32 -2.8210978507995605
33 -2.8210978507995605
34 -2.8210978507995605
35 -3.5070371627807617
36 -3.5070371627807617
37 -3.5070371627807617
38 -3.5070371627807617
39 -3.5070371627807617
40 -3.231524705886841
41 -3.231524705886841
42 -3.231524705886841
43 -3.231524705886841
44 -3.231524705886841
45 -3.4498496055603027
46 -3.4498496055603027
47 -3.4498496055603027
48 -3.449850082397461
49 -3.449850082397461
50 -3.6583101749420166
51 -3.658310890197754
52 -3.658310651779175
53 -3.658310651779175
54 -3.658310651779175
55 -3.6449668407440186
56 -3.6449668407440186
57 -3.6449666023254395
58 -3.6449666023254395
59 -3.6449663639068604
60 -3.571617603302002
61 -3.571617603302002
62 -3.571617603302002
63 -3.571617603302002
64 -3.571617603302002
65 -3.165191650390625
66 -3.165191650390625
67 -3.1651909351348877
68 -3.1651909351348877
69 -3.165191650390625
70 -3.6633081436157227
71 -3.6633081436157227
72 -3.6633081436157227
73 -3.663308620452881
74 -3.6633076667785645
75 -3.423229694366455
76 -3.423229694366455
77 -3.423229694366455
78 -3.423229694366455
79 -3.423229694366455
80 -3.588827610015869
81 -3.5888278484344482
82 -3.5888278484344482
83 -3.5888285636901855
84 -3.5888285636901855
85 -3.603055238723755
86 -3.603055000305176
87 -3.603055000305176
88 -3.603055000305176
89 -3.6030545234680176
90 -2.8210978507995605
91 -2.8210978507995605
92 -2.8210978507995605
93 -2.8210978507995605
94 -2.8210978507995605
95 -3.5070371627807617
96 -3.5070371627807617
97 -3.5070371627807617
98 -3.5070371627807617
99 -3.5070371627807617
100 -3.231524705886841
101 -3.231524705886841
102 -3.231524705886841
103 -3.231524705886841
104 -3.231524705886841
105 -3.4498496055603027
106 -3.4498496055603027
107 -3.4498496055603027
108 -3.4498496055603027
109 -3.4498496055603027
110 -3.658310651779175
111 -3.658310890197754
112 -3.658310890197754
113 -3.658310890197754
114 -3.658310651779175
115 -3.6449666023254395
116 -3.6449666023254395
117 -3.6449666023254395
118 -3.6449666023254395
119 -3.6449666023254395
120 -3.571617603302002
121 -3.571617603302002
122 -3.571617603302002
123 -3.571617603302002
124 -3.571617603302002
125 -3.165191650390625
126 -3.165191650390625
127 -3.1651909351348877
128 -3.165191650390625
129 -3.1651909351348877
130 -3.6633076667785645
131 -3.6633081436157227
132 -3.663308620452881
133 -3.6633076667785645
134 -3.6633076667785645
135 -3.423229217529297
136 -3.4232287406921387
137 -3.423229932785034
138 -3.4232287406921387
139 -3.423229217529297
140 -3.5888278484344482
141 -3.5888278484344482
142 -3.5888285636901855
143 -3.5888285636901855
144 -3.5888278484344482
145 -3.603055000305176
146 -3.603055715560913
147 -3.603055000305176
148 -3.6030561923980713
149 -3.603055238723755
150 -2.8210978507995605
151 -2.8210978507995605
152 -2.8210978507995605
153 -2.8210978507995605
154 -2.8210978507995605
155 -3.5070371627807617
156 -3.5070371627807617
157 -3.5070371627807617
158 -3.5070371627807617
159 -3.5070371627807617
160 -3.231524705886841
161 -3.231524705886841
162 -3.231524705886841
163 -3.231524705886841
164 -3.231524705886841
165 -3.4498496055603027
166 -3.4498496055603027
167 -3.4498496055603027
168 -3.449850082397461
169 -3.449850082397461
170 -3.658310651779175
171 -3.658310651779175
172 -3.658310651779175
173 -3.658310651779175
174 -3.658310651779175
175 -3.6449666023254395
176 -3.6449663639068604
177 -3.6449666023254395
178 -3.6449668407440186
179 -3.6449668407440186
180 -3.571617603302002
181 -3.571617603302002
182 -3.571617603302002
183 -3.571617603302002
184 -3.571617603302002
185 -3.1651909351348877
186 -3.1651909351348877
187 -3.1651909351348877
188 -3.1651909351348877
189 -3.1651909351348877
190 -3.6633081436157227
191 -3.663308620452881
192 -3.6633076667785645
193 -3.6633081436157227
194 -3.6633081436157227
195 -3.423229694366455
196 -3.423229217529297
197 -3.423229694366455
198 -3.4232287406921387
199 -3.423229694366455
200 -3.5888285636901855
201 -3.5888278484344482
202 -3.5888278484344482
203 -3.5888285636901855
204 -3.5888283252716064
205 -3.603055000305176
206 -3.6030561923980713
207 -3.603055000305176
208 -3.603055000305176
209 -3.6030545234680176
210 -2.8210978507995605
211 -2.8210978507995605
212 -2.8210978507995605
213 -2.8210978507995605
214 -2.8210978507995605
215 -3.5070371627807617
216 -3.5070371627807617
217 -3.5070371627807617
218 -3.5070371627807617
219 -3.5070371627807617
220 -3.231524705886841
221 -3.231524705886841
222 -3.231524705886841
223 -3.231524705886841
224 -3.231524705886841
225 -3.4498496055603027
226 -3.4498496055603027
227 -3.449850082397461
228 -3.449850082397461
229 -3.4498496055603027
230 -3.6583101749420166
231 -3.658310890197754
232 -3.658310651779175
233 -3.658310651779175
234 -3.658311128616333
235 -3.6449666023254395
236 -3.6449666023254395
237 -3.6449668407440186
238 -3.6449668407440186
239 -3.6449666023254395
240 -3.571617603302002
241 -3.571617603302002
242 -3.571617603302002
243 -3.571617603302002
244 -3.571617603302002
245 -3.1651909351348877
246 -3.1651909351348877
247 -3.1651909351348877
248 -3.1651909351348877
249 -3.1651909351348877
250 -3.6633081436157227
251 -3.6633076667785645
252 -3.6633076667785645
253 -3.6633081436157227
254 -3.6633076667785645
255 -3.4232287406921387
256 -3.423229694366455
257 -3.423229217529297
258 -3.423229932785034
259 -3.423229694366455
260 -3.5888285636901855
261 -3.5888278484344482
262 -3.5888278484344482
263 -3.5888283252716064
264 -3.5888278484344482
265 -3.603055238723755
266 -3.603055238723755
267 -3.603055238723755
268 -3.603055238723755
269 -3.603055238723755
270 -2.8210978507995605
271 -2.8210978507995605
272 -2.8210978507995605
273 -2.8210978507995605
274 -2.8210978507995605
275 -3.5070371627807617
276 -3.5070371627807617
277 -3.5070371627807617
278 -3.5070371627807617
279 -3.5070371627807617
280 -3.231524705886841
281 -3.231524705886841
282 -3.231524705886841
283 -3.231524705886841
284 -3.231524705886841
285 -3.4498496055603027
286 -3.4498496055603027
287 -3.4498496055603027
288 -3.4498496055603027
289 -3.4498496055603027
290 -3.658310651779175
291 -3.658310651779175
292 -3.658310651779175
293 -3.658310651779175
294 -3.658310890197754
295 -3.6449666023254395
296 -3.6449666023254395
297 -3.6449666023254395
298 -3.6449666023254395
299 -3.6449666023254395
300 -3.571617603302002
301 -3.571617603302002
302 -3.571617603302002
303 -3.571617603302002
304 -3.571617603302002
305 -3.1651909351348877
306 -3.1651909351348877
307 -3.1651909351348877
308 -3.1651909351348877
309 -3.1651909351348877
310 -3.6633079051971436
311 -3.663308620452881
312 -3.6633081436157227
313 -3.6633076667785645
314 -3.6633076667785645
315 -3.423229694366455
316 -3.4232287406921387
317 -3.4232287406921387
318 -3.423229694366455
319 -3.423229932785034
320 -3.588827610015869
321 -3.5888285636901855
322 -3.5888283252716064
323 -3.5888278484344482
324 -3.5888283252716064
325 -3.603055000305176
326 -3.603055000305176
327 -3.6030561923980713
328 -3.603055000305176
329 -3.6030561923980713
330 -2.8210978507995605
331 -2.8210978507995605
332 -2.8210978507995605
333 -2.8210978507995605
334 -2.8210978507995605
335 -3.5070371627807617
336 -3.5070371627807617
337 -3.5070371627807617
338 -3.5070371627807617
339 -3.5070371627807617
340 -3.231524705886841
341 -3.231524705886841
342 -3.231524705886841
343 -3.231524705886841
344 -3.231524705886841
345 -3.4498496055603027
346 -3.449850082397461
347 -3.4498496055603027
348 -3.449850082397461
349 -3.449850082397461
350 -3.6583101749420166
351 -3.658310890197754
352 -3.658310651779175
353 -3.658310890197754
354 -3.658310890197754
355 -3.6449666023254395
356 -3.6449668407440186
357 -3.6449668407440186
358 -3.6449670791625977
359 -3.6449666023254395
360 -3.571617603302002
361 -3.571617603302002
362 -3.571617603302002
363 -3.571617603302002
364 -3.571617603302002
365 -3.1651909351348877
366 -3.1651909351348877
367 -3.1651909351348877
368 -3.1651909351348877
369 -3.1651909351348877
370 -3.6633079051971436
371 -3.6633081436157227
372 -3.6633079051971436
373 -3.6633081436157227
374 -3.6633081436157227
375 -3.423229217529297
376 -3.423229694366455
377 -3.423229932785034
378 -3.423229694366455
379 -3.423229694366455
380 -3.5888278484344482
381 -3.5888278484344482
382 -3.5888285636901855
383 -3.5888278484344482
384 -3.5888283252716064
385 -3.6030561923980713
386 -3.603055715560913
387 -3.6030545234680176
388 -3.603055238723755
389 -3.603055715560913
390 -2.8210978507995605
391 -2.8210978507995605
392 -2.8210978507995605
393 -2.8210978507995605
394 -2.8210978507995605
395 -3.5070371627807617
396 -3.5070371627807617
397 -3.5070371627807617
398 -3.5070371627807617
399 -3.5070371627807617
400 -3.231524705886841
401 -3.231524705886841
402 -3.231524705886841
403 -3.231524705886841
404 -3.231524705886841
405 -3.449850082397461
406 -3.449850082397461
407 -3.4498496055603027
408 -3.4498496055603027
409 -3.4498496055603027
410 -3.658310651779175
411 -3.658310890197754
412 -3.658310651779175
413 -3.658310651779175
414 -3.658310651779175
415 -3.6449663639068604
416 -3.6449666023254395
417 -3.6449666023254395
418 -3.6449666023254395
419 -3.6449666023254395
420 -3.571617603302002
421 -3.571617603302002
422 -3.571617603302002
423 -3.571617603302002
424 -3.571617603302002
425 -3.1651909351348877
426 -3.1651909351348877
427 -3.1651909351348877
428 -3.1651909351348877
429 -3.1651909351348877
430 -3.6633081436157227
431 -3.6633079051971436
432 -3.6633079051971436
433 -3.6633076667785645
434 -3.6633081436157227
435 -3.423229217529297
436 -3.4232287406921387
437 -3.423229217529297
438 -3.4232287406921387
439 -3.423229217529297
440 -3.588827610015869
441 -3.5888278484344482
442 -3.5888285636901855
443 -3.5888283252716064
444 -3.5888278484344482
445 -3.603055000305176
446 -3.6030561923980713
447 -3.603055715560913
448 -3.603055238723755
449 -3.6030561923980713
450 -2.8210978507995605
451 -2.8210978507995605
452 -2.8210978507995605
453 -2.8210978507995605
454 -2.8210978507995605
455 -3.5070371627807617
456 -3.5070371627807617
457 -3.5070371627807617
458 -3.5070371627807617
459 -3.5070371627807617
460 -3.231524705886841
461 -3.231524705886841
462 -3.231524705886841
463 -3.231524705886841
464 -3.231524705886841
465 -3.449850082397461
466 -3.4498496055603027
467 -3.4498496055603027
468 -3.449850082397461
469 -3.449850082397461
470 -3.6583101749420166
471 -3.658310890197754
472 -3.658310651779175
473 -3.658310890197754
474 -3.658310651779175
475 -3.6449666023254395
476 -3.6449668407440186
477 -3.6449666023254395
478 -3.6449666023254395
479 -3.6449668407440186
480 -3.571617603302002
481 -3.571617603302002
482 -3.571617603302002
483 -3.571617603302002
484 -3.571617603302002
485 -3.1651909351348877
486 -3.1651909351348877
487 -3.1651909351348877
488 -3.1651909351348877
489 -3.1651909351348877
490 -3.6633076667785645
491 -3.6633076667785645
492 -3.663308620452881
493 -3.6633081436157227
494 -3.6633076667785645
495 -3.423229217529297
496 -3.423229932785034
497 -3.423229694366455
498 -3.423229694366455
499 -3.423229694366455
500 -3.5888288021087646
501 -3.5888288021087646
502 -3.5888283252716064
503 -3.5888283252716064
504 -3.588827610015869
505 -3.6030545234680176
506 -3.603055000305176
507 -3.603055238723755
508 -3.603055000305176
509 -3.6030566692352295
510 -2.8210978507995605
511 -2.8210978507995605
512 -2.8210978507995605
513 -2.8210978507995605
514 -2.8210978507995605
515 -3.5070371627807617
516 -3.5070371627807617
517 -3.5070371627807617
518 -3.5070371627807617
519 -3.5070371627807617
520 -3.231524705886841
521 -3.231524705886841
522 -3.231524705886841
523 -3.231524705886841
524 -3.231524705886841
525 -3.4498496055603027
526 -3.449850082397461
527 -3.4498496055603027
528 -3.4498496055603027
529 -3.4498496055603027
530 -3.658310890197754
531 -3.658310651779175
532 -3.658310651779175
533 -3.658310651779175
534 -3.658311128616333
535 -3.6449668407440186
536 -3.6449666023254395
537 -3.6449666023254395
538 -3.6449666023254395
539 -3.6449666023254395
540 -3.571617603302002
541 -3.571617603302002
542 -3.571617603302002
543 -3.571617603302002
544 -3.571617603302002
545 -3.1651909351348877
546 -3.1651909351348877
547 -3.1651909351348877
548 -3.1651909351348877
549 -3.1651909351348877
550 -3.6633079051971436
551 -3.6633076667785645
552 -3.6633079051971436
553 -3.6633081436157227
554 -3.6633076667785645
555 -3.423229694366455
556 -3.423229932785034
557 -3.423229694366455
558 -3.423229217529297
559 -3.423229217529297
560 -3.5888285636901855
561 -3.588827610015869
562 -3.5888278484344482
563 -3.588827610015869
564 -3.5888283252716064
565 -3.603055000305176
566 -3.603055238723755
567 -3.603055238723755
568 -3.6030561923980713
569 -3.6030561923980713
570 -2.8210978507995605
571 -2.8210978507995605
572 -2.8210978507995605
573 -2.8210978507995605
574 -2.8210978507995605
575 -3.5070371627807617
576 -3.5070371627807617
577 -3.5070371627807617
578 -3.5070371627807617
579 -3.5070371627807617
580 -3.231524705886841
581 -3.231524705886841
582 -3.231524705886841
583 -3.231524705886841
584 -3.231524705886841
585 -3.449850082397461
586 -3.4498496055603027
587 -3.4498496055603027
588 -3.4498496055603027
589 -3.4498496055603027
590 -3.658310651779175
591 -3.658310651779175
592 -3.658310651779175
593 -3.658310890197754
594 -3.658310890197754
595 -3.6449666023254395
596 -3.6449666023254395
597 -3.6449666023254395
598 -3.6449668407440186
599 -3.6449666023254395
