0 -6.073863758645733
1 -5.623380710649273
2 -5.342343175630531
3 -5.4516576362956775
4 -4.463224452384945
5 -5.420063341871152
6 -4.988015591491298
7 -5.861976888721071
8 -5.315953652837478
9 -5.364435899590212
10 -4.80561714474774
11 -5.134719521327733
12 -5.9571200577403784
13 -4.826501609600549
14 -5.663645558941067
15 -4.824732330696068
16 -5.872401080680818
17 -5.156845016598289
18 -5.25468898967011
19 -5.370118435336244
20 -6.31581431297771
21 -5.046080948903619
22 -5.982626243628812
23 -5.372848879391506
24 -5.5698656196131155
25 -5.797648510393749
26 -6.1907633209232005
27 -5.245320463628063
28 -5.480153246828873
29 -5.1294617040684605
30 -5.073957519086481
31 -6.225195791366811
32 -5.873088934170997
33 -5.706125902950066
34 -4.018759973505201
35 -5.794288569786219
36 -5.757935799836765
37 -5.703283056854595
38 -5.547527429176462
39 -4.970907835124713
40 -5.126663571338454
41 -6.427658008496557
42 -5.9511460803543565
43 -5.079134579652215
44 -5.961549851407157
45 -6.204543161177441
46 -5.050963073074418
47 -5.751125562957465
48 -5.73129912950317
49 -5.059600368008776
50 -5.475835663394336
51 -6.204481653046673
52 -5.1108884333394125
53 -6.240261562919378
54 -5.58132588504711
55 -4.9653681883012
56 -5.590751608902493
57 -5.98072666141048
58 -4.870485165714067
59 -5.276170053898469
60 -5.3057561410620675
61 -5.289963111222192
62 -5.0194776795017155
63 -6.093366684878718
64 -5.4454971064730096
65 -5.045314451724569
66 -4.82014336869472
67 -5.396683818909619
68 -5.203589413117293
69 -5.112826640874544
70 -5.345899073713106
71 -4.9233530297205546
72 -5.38557324120313
73 -4.658232075548974
74 -6.2612023504117325
75 -6.145221107679089
76 -5.9818103186669545
77 -6.134336919529687
78 -6.01303987617813
79 -4.2765489702908415
80 -6.046253478724289
81 -5.8578804102551345
82 -6.206530247246039
83 -6.6627022424955245
84 -5.738233082302848
85 -6.221729797728035
86 -5.327887542521684
87 -5.713400159241401
88 -6.222506638350896
89 -5.743743867455042
90 -5.968757980225078
91 -5.7731774633475865
92 -4.673831387338722
93 -6.234297533161236
94 -6.307388500936816
95 -6.08002616477835
96 -6.077905844127522
97 -5.984556347521109
98 -5.1514843260179415
99 -5.652000244177934
100 -5.2810951636541414
101 -5.487282381677701
102 -5.26340207904271
103 -5.448380210114428
104 -4.877618803080164
105 -5.5918904262371
106 -5.791451525353459
107 -5.876322629389783
108 -5.700948567077085
109 -6.0888564730225445
110 -5.281095163654142
111 -5.674563618844374
112 -5.54029710484427
113 -5.5973903668950955
114 -6.07601855213199
115 -6.437751769263261
116 -5.417516914370073
117 -5.3816017861044605
118 -6.049845295348061
119 -5.40450275002119
120 -5.3204937462998
121 -5.964150727691316
122 -6.302631406643628
123 -5.72464534664127
124 -5.339683262240825
125 -5.97535527175679
126 -4.265240996086802
127 -6.267018113639655
128 -5.848954354849071
129 -5.739285931619864
130 -5.748747535870231
131 -5.13389279859951
132 -5.4384369673156066
133 -6.280109339421401
134 -6.056313703098579
135 -5.640094109916588
136 -4.755894750792397
137 -5.699680645859874
138 -5.661220010867914
139 -5.743676849864691
140 -5.924697611453682
141 -5.57591241370374
142 -5.890637552861811
143 -5.826182118458675
144 -5.800280509753883
145 -6.217944283790682
146 -5.792790610755978
147 -5.842213591851707
148 -5.922914977828051
149 -5.680288896209859
150 -5.972702807472477
151 -6.1552910384495325
152 -5.288962032141279
153 -6.4126678252221785
154 -6.4133891569676855
155 -5.605497871398104
156 -4.951553659397576
157 -6.179291161939662
158 -6.469056524195083
159 -5.517084334967794
160 -5.846355947125886
161 -5.67376495318576
162 -5.281095163654143
163 -5.1865427817395195
164 -6.193827971407487
165 -5.743676577298728
166 -5.601796917819038
167 -5.112836942559793
168 -5.668723649906009
169 -5.541349055428686
170 -5.762332521349836
171 -4.8286342467787255
172 -5.884413960238235
173 -5.898974344626762
174 -5.359358957766304
175 -5.585471562687424
176 -5.561054984649062
177 -5.047801062482702
178 -5.409912824077015
179 -5.870667771219445
180 -5.016276138440383
181 -5.823112436550525
182 -5.612663150045168
183 -5.611211470738147
184 -5.844104335244716
185 -6.175431760142913
186 -6.258373006066811
187 -5.360628339795739
188 -5.0256708276051905
189 -6.5816605453729435
190 -5.840239970057078
191 -6.065260655517828
192 -6.352088081390439
193 -5.90206402749935
194 -6.040811442316721
195 -6.241004349392967
196 -5.096765717831127
197 -6.009635311747126
198 -6.163109736939304
199 -5.976495353847508
200 -5.976495353847507
201 -6.278805626338481
202 -6.324636968795658
203 -5.094240810424936
204 -6.172045438654846
205 -6.372635931546849
206 -6.135614669835738
207 -5.099637064045463
208 -5.430716022335147
209 -5.120891881364895
210 -5.629299085977299
211 -5.0229599659797906
212 -6.2831427644743885
213 -4.749864319700528
214 -5.945160675623565
215 -5.858741795091202
216 -5.613589136981495
217 -6.075170721072033
218 -6.033157512065095
219 -5.439126966762487
220 -6.1227202799788385
221 -5.539932731695354
222 -6.340341963875265
223 -5.754337280023464
224 -6.660658612265043
225 -4.182772160893898
226 -5.9797887217183
227 -5.933852108582048
228 -6.105328720458425
229 -6.730797136642168
230 -5.327724522898117
231 -6.496478810269721
232 -6.858550498323081
233 -6.570133157932756
234 -5.930397543619255
235 -5.560244113247105
236 -5.697520282416925
237 -5.80136949442949
238 -6.00260859215486
239 -6.069921574899534
240 -5.656144107964519
241 -6.381930453495721
242 -6.153671171528889
243 -5.741294431068721
244 -5.8316073420640615
245 -6.151013149110452
246 -5.53864455594584
247 -5.702907084313948
248 -5.106363092096731
249 -5.106363092096731
250 -5.121661061985883
251 -6.436445982231734
252 -5.506569040525235
253 -6.4394658298502945
254 -6.062608940522711
255 -5.947059503538593
256 -6.376221039331614
257 -5.82811840813237
258 -6.08560648966571
259 -5.779125091351361
260 -4.985945532676452
261 -5.965310664268053
262 -5.654748565627255
263 -6.39214535193047
264 -6.267480416109503
265 -6.280028349503271
266 -5.860003188104081
267 -5.4290378435235
268 -6.135931360853916
269 -6.0766598143584085
270 -4.914914437112275
271 -5.119952585670403
272 -6.5221919475746715
273 -6.431642130806755
274 -5.827013293015814
275 -5.471310948731038
276 -6.152155280318971
277 -5.6683621381641816
278 -5.952806171077526
279 -6.27331953582683
280 -5.583733366017622
281 -6.376497288701796
282 -6.088073466225082
283 -5.738566473855562
284 -6.177963733665094
285 -5.991636356193282
286 -5.989857204416627
287 -5.8586249718591885
288 -5.89625531687408
289 -6.54163324629508
290 -5.877604993578811
291 -5.56844842610753
292 -6.034775097542664
293 -6.605574846037605
294 -5.821893857114124
295 -5.82794500275111
296 -4.822406705855097
297 -6.336079843548759
298 -5.770817145246635
299 -6.344266996259534
300 -4.950172983352489
301 -5.534264388519529
302 -6.150244204264349
303 -5.442859167052433
304 -6.193701958008205
305 -5.231264955993601
306 -5.077947026430565
307 -6.082259674862205
308 -6.087995526090346
309 -4.838758755560868
310 -5.924170777600739
311 -6.045331289799975
312 -6.2956441224294055
313 -6.059634687237299
314 -6.665029390198542
315 -6.492239065565525
316 -5.1224874522846555
317 -6.463181398272783
318 -4.743758009888
319 -5.1160078155100015
320 -5.978187163755859
321 -5.471310948731038
322 -6.217166797648762
323 -5.6457652810517205
324 -5.994655299126492
325 -6.329993971199177
326 -6.292298244952583
327 -5.58707055708118
328 -5.825764840068296
329 -5.175371593649392
330 -6.0660554533530755
331 -5.471310948731038
332 -5.838057450232074
333 -6.138621577675085
334 -5.841858070864245
335 -5.726849136052768
336 -5.217345690349066
337 -5.994655299126493
338 -6.018378618933828
339 -6.749964899123373
340 -6.208401299920401
341 -6.1974541856886916
342 -6.023168861353667
343 -4.720948205929907
344 -6.074258526710119
345 -6.422074229982968
346 -6.205683414446388
347 -6.161262684440505
348 -5.0773484202968175
349 -5.917566323321952
350 -6.175039554710728
351 -5.124333939061393
352 -6.279024454983205
353 -6.997892064224964
354 -6.625164240002381
355 -5.514196091346786
356 -6.620810747463643
357 -5.709812265150382
358 -6.368482136409544
359 -6.297859001533801
360 -5.193402263298635
361 -6.2031740523094365
362 -6.8445392277400146
363 -6.33148265331731
364 -6.198603305407199
365 -6.723534215212957
366 -6.319954755616057
367 -6.803662382963139
368 -5.977797347198934
369 -6.84676761866276
370 -6.490325275523713
371 -6.526632865571351
372 -6.306745606184094
373 -6.406202470161143
374 -6.588432464240402
375 -6.122707260955862
376 -6.935755654148816
377 -6.181885934617792
378 -6.482209888546862
379 -6.255122502231559
380 -6.552306731922978
381 -6.414405024229986
382 -6.947770612149075
383 -6.366988297147214
384 -7.09619876143433
385 -5.97083520317323
386 -6.555056445624767
387 -7.463427064066103
388 -6.50426056828067
389 -6.53449979510028
390 -6.56879610499545
391 -6.8722587009777625
392 -7.0127708352394675
393 -6.512875656045293
394 -6.817853661025079
395 -7.029193964695236
396 -5.82350888146252
397 -6.2094385723474375
398 -7.004892584186494
399 -7.085333930320662
400 -6.933490284994721
401 -6.470331780721385
402 -6.853775602372498
403 -6.458163041974291
404 -6.634559672278747
405 -6.643003330504499
406 -7.065783027991215
407 -6.599953716344726
408 -6.498518023371418
409 -6.97070832349502
410 -7.063837727056291
411 -7.0687292438303695
412 -7.107917793373638
413 -6.53833574787154
414 -7.187430241255956
415 -7.397513097287816
416 -6.680299335694091
417 -6.3276435006247125
418 -6.920381875756781
419 -6.715439296433321
420 -6.523122812154983
421 -5.9258290852346684
422 -6.5355629548673475
423 -6.607375063252314
424 -7.029305098850531
425 -7.605624388947053
426 -6.75115420968034
427 -7.022025378004248
428 -6.257127018034622
429 -6.533805490912886
430 -6.764829939188608
431 -6.341936947452724
432 -7.2892120747325455
433 -6.455459795611486
434 -7.0904458472953396
435 -6.450007237059736
436 -6.72227312491896
437 -6.606347612651685
438 -6.942986980143118
439 -6.58599289285479
440 -6.620222118393543
441 -5.891633246486829
442 -6.896120612271332
443 -6.9080064698473995
444 -7.154649152026213
445 -6.697792099296475
446 -6.388698291550405
447 -7.288278088211615
448 -6.795453426624977
449 -6.907196426864233
450 -6.865075227586316
451 -7.577414936575944
452 -6.877885594610878
453 -7.318653519320159
454 -6.5928344800352265
455 -6.5628008866511065
456 -6.5284424636553675
457 -7.0144307451219845
458 -7.324767968628433
459 -7.181465814255713
460 -6.6222897534244884
461 -7.014023470378326
462 -6.736781710562227
463 -7.125503349256914
464 -6.649172871409168
465 -6.409441234072797
466 -6.576153040935741
467 -7.243875693817177
468 -7.7254637825191255
469 -6.686261923706886
470 -6.499816937521779
471 -6.3356442846440935
472 -7.279683881924831
473 -6.605344346656975
474 -7.018615739973302
475 -6.460343812251273
476 -7.064402004060006
477 -6.863977706316533
478 -6.845628899523611
479 -6.475932873538912
480 -7.172793186448903
481 -6.95959471096894
482 -6.616059947681959
483 -7.484778609228222
484 -6.856649388315266
485 -6.860419241215749
486 -6.638289003545153
487 -6.693156030286969
488 -6.804645868711254
489 -7.188766244861742
490 -6.573790871427214
491 -7.116650860884217
492 -6.648283259374748
493 -6.782707106289188
494 -7.428421056498287
495 -6.9635916642950475
496 -7.164401567759115
497 -6.830934605034482
498 -6.759993716633693
499 -7.63948460262532
500 -6.990613013635474
501 -6.749269364637324
502 -6.552540283494949
503 -6.806471918373024
504 -6.764151229212648
505 -7.160394318308945
506 -7.145069377069603
507 -7.095829882929411
508 -6.676912730835588
509 -7.296959192550866
510 -6.732119889516006
511 -6.629636082001021
512 -7.179155751054338
513 -7.085386910924554
514 -7.264363768720707
515 -7.2811220303227735
516 -6.703779034541976
517 -7.09596150305251
518 -7.520026621110642
519 -7.178765653832046
520 -7.081089241393237
521 -6.772787212667371
522 -7.576516386556642
523 -7.138676035175468
524 -6.6401247381755715
525 -7.0928395340144705
526 -6.532070875950826
527 -7.524780184250969
528 -6.49670991416793
529 -7.178049307995259
530 -7.631912659778041
531 -6.944790534823071
532 -7.247780501216339
533 -7.131892019747556
534 -7.153704510939981
535 -7.195258156265581
536 -6.32488062691412
537 -6.751191070310504
538 -7.107718628898941
539 -7.238721124367854
540 -6.871062229203104
541 -7.408831905320862
542 -6.983041525495654
543 -7.626032265398892
544 -6.527618897995979
545 -6.665449184836174
546 -6.751190434527626
547 -6.408137118200698
548 -7.445374821050429
549 -6.824715277334824
550 -7.024542859352079
551 -7.462475535298256
552 -6.029173047152255
553 -6.9642069516344405
554 -7.200570056544199
555 -6.913111593056844
556 -7.018038545707454
557 -7.122477822150568
558 -7.122055496005728
559 -7.07860304133843
560 -6.65985710178936
561 -6.9784717705859585
562 -6.6039477215779
563 -6.525559760527035
564 -6.709107376475579
565 -7.082529821900878
566 -6.751190434527627
567 -6.762031794745654
568 -6.783797787668381
569 -7.169703542437222
570 -7.075019726805863
571 -6.720523823951072
572 -6.93111649092508
573 -7.04388221490192
574 -7.056911456252728
575 -7.000591035328372
576 -6.962097715480013
577 -7.422657317610134
578 -6.952732788201987
579 -6.851948949860186
580 -7.0504517653444365
581 -7.594407747286181
582 -6.439980275443844
583 -7.201945428642869
584 -7.123792337929321
585 -6.751191070310504
586 -6.855363529355461
587 -6.959751801766547
588 -7.250575724132098
589 -6.584618715761638
590 -7.128815666101885
591 -6.544416761149314
592 -6.972290802067152
593 -6.9620089734508595
594 -7.03829832044994
595 -7.490353702453464
596 -7.599965169355987
597 -7.568519371363485
598 -7.125302971466289
599 -7.192465284917062
600 -7.150465251351787
601 -6.832669416232698
602 -6.9579862728542565
603 -6.646964443015112
604 -6.8832024225876225
605 -6.624092358520051
606 -6.751191070310504
607 -7.009733927511576
608 -7.150465251351786
609 -6.972290793362759
610 -6.287228267162244
611 -7.0572245434709515
612 -7.520361023644242
613 -6.492302241302731
614 -7.482384954110465
615 -6.9622071863647355
616 -7.068947003105811
617 -6.843483552894749
618 -5.888681852750126
619 -6.486635298432673
620 -7.203067779513312
621 -7.567104362328369
622 -7.159569656499891
623 -6.97229079336276
624 -6.656456843133504
625 -7.092839537232808
626 -6.615287332607544
627 -6.713445109031588
628 -6.992841767479239
629 -7.04062418916503
630 -7.76523745052123
631 -6.856465649722867
632 -6.756742474087589
633 -6.637280236523854
634 -6.988388852694449
635 -7.0789769865982395
636 -7.113925717951568
637 -7.422657317610134
638 -7.222254717496678
639 -7.253102772505159
640 -6.967851663097128
641 -6.731673621689403
642 -6.609253610519597
643 -7.4226573202964055
644 -6.885202349451394
645 -6.867255973653253
646 -6.94915175732399
647 -6.8626059403760875
648 -7.039697151978157
649 -7.159229990248338
650 -6.255693288687187
651 -6.975645085223731
652 -6.962483684367634
653 -6.780951285496734
654 -7.170860841938922
655 -7.196561682352649
656 -6.49043837653969
657 -7.080372388259209
658 -7.140268924139458
659 -7.541555075898329
660 -6.77652374890121
661 -7.1732753482494855
662 -7.012754100853986
663 -7.60223337841408
664 -7.422657320296405
665 -6.609801587874235
666 -7.12734242623818
667 -7.011022801633715
668 -7.140268924139452
669 -6.376254587734287
670 -7.140268924139458
671 -6.9093111747025455
672 -7.192274996370217
673 -6.968989584127595
674 -7.21743487177038
675 -6.1941814568806555
676 -6.793964223743376
677 -6.960226838480247
678 -7.144240052524384
679 -6.632401805202329
680 -6.727899522104901
681 -6.892406453871453
682 -6.2153350167556525
683 -7.0195420489059766
684 -7.079548276067725
685 -6.6842679503074125
686 -7.184078534165149
687 -7.058894516787785
688 -7.0733023263932
689 -6.53732833102548
690 -6.522239508504548
691 -6.8816924874928915
692 -5.54820450408247
693 -6.198630376968311
694 -6.9755536281270745
695 -7.570051990027623
696 -6.733395857945218
697 -7.108547154434693
698 -6.151832233599362
699 -7.721791687666851
700 -6.513089401212348
701 -7.712055656888875
702 -7.139132877214187
703 -7.1585870556843645
704 -7.23215916564484
705 -6.890877362467898
706 -7.000585978480108
707 -6.876657243785446
708 -6.935488413009367
709 -7.047084551403117
710 -6.878733346742126
711 -7.0399001914438495
712 -6.5660009413484985
713 -6.649903500508841
714 -7.083199667931102
715 -6.490847739509667
716 -6.625051692165383
717 -7.003492625079478
718 -6.511743014988997
719 -6.434507829590793
720 -6.639662229762688
721 -7.025892189467942
722 -6.973174000668145
723 -7.240582347124125
724 -6.898230746750138
725 -6.640374699111181
726 -6.952461898415237
727 -7.422657317610132
728 -6.848753619957272
729 -6.320174527227955
730 -7.2357778607521155
731 -6.859254860288018
732 -6.848535723221123
733 -6.873533120526809
734 -6.408739437277389
735 -7.18683725145632
736 -7.445950559563575
737 -6.847526443551913
738 -7.317022139778788
739 -6.848753619957272
740 -7.628131486844093
741 -6.683656991851663
742 -7.102584476361026
743 -6.865541257708418
744 -7.042883471834792
745 -6.467966099060963
746 -7.629104122754607
747 -7.140268924139456
748 -7.567484008957982
749 -7.399304644002004
750 -7.166685011964944
751 -6.981414772722505
752 -7.070967005741948
753 -6.823752825647234
754 -5.574185019010336
755 -6.631478584496151
756 -7.003308653623974
757 -5.134147905780622
758 -7.2946130044497925
759 -6.5962046844111475
760 -6.852609295906208
761 -7.003068059915958
762 -7.577198167409686
763 -7.017660674773133
764 -6.8139843017258945
765 -6.364423383732429
766 -6.882876278947109
767 -6.979188932909158
768 -6.840421710413733
769 -6.854511577862532
770 -7.0230676081047365
771 -6.959349203208904
772 -7.140268924139453
773 -6.747706104429593
774 -7.76751932311224
775 -7.525599310698485
776 -7.683101055960112
777 -6.759646450117844
778 -7.047084551403116
779 -7.76627771355983
780 -7.0868362399839135
781 -7.05831057675785
782 -7.20739927164885
783 -7.102332791760204
784 -6.824006369773234
785 -6.350318611378504
786 -6.984516174010575
787 -6.944373450394852
788 -7.424709381739254
789 -7.589830054667503
790 -6.132939869519855
791 -6.443656080293585
792 -7.003969514909964
793 -6.981414772722506
794 -6.7001944487879
795 -7.099982535830044
796 -6.969366898907526
797 -6.8683656427190884
798 -7.058798452841709
799 -7.628029718313009
800 -6.751191044520251
801 -7.183086822421199
802 -7.077176464535353
803 -4.319176520775906
804 -7.140268933170231
805 -6.305186776385167
806 -7.138334146167618
807 -6.5363348173187275
808 -7.486167519889041
809 -7.625582317346332
810 -7.4863401871373485
811 -6.825479894856033
812 -7.422657317610135
813 -7.703141029427251
814 -6.831583505185385
815 -6.726029946249947
816 -6.800974687884242
817 -7.052875810267175
818 -7.02968237597223
819 -6.946815928374668
820 -7.0958376652889
821 -7.171803505519548
822 -6.898138916982464
823 -7.740440795812638
824 -7.1648711251279416
825 -6.9942169154473826
826 -7.054903591179535
827 -7.207778048023531
828 -7.581668873640027
829 -7.044628450293781
830 -6.473182038861495
831 -6.512555537668761
832 -6.937504770920957
833 -6.968615248258577
834 -7.4226573202964055
835 -7.76751932311224
836 -6.953895171470049
837 -7.200772329534991
838 -7.4226573202964055
839 -7.140268924139456
840 -7.422657320296405
841 -7.052983421196797
842 -6.168258191166252
843 -7.103526009080098
844 -7.004379718689595
845 -7.103433446998953
846 -6.849258770348816
847 -7.299057928815155
848 -6.990755845942965
849 -6.917058485776969
850 -6.64432169892368
851 -7.756891963060948
852 -6.801561654601543
853 -7.141467437807144
854 -7.140268933170231
855 -7.109778367031296
856 -7.163710696376821
857 -7.039583545105875
858 -6.915377450586651
859 -7.016056095830167
860 -7.015300968106957
861 -6.864272969248794
862 -6.9755106465238015
863 -7.604635833223255
864 -6.942622541141179
865 -6.964722277800697
866 -7.092670290325533
867 -7.146658278724715
868 -6.664722685715539
869 -7.035900728240043
870 -7.00290529157147
871 -6.8454209673768895
872 -7.0965610381200355
873 -7.15515841113552
874 -6.848753619957271
875 -7.026899657911925
876 -6.825538501987487
877 -7.05331675818026
878 -7.1294095850906585
879 -7.258045723589301
880 -6.9755106465238015
881 -7.092670290325535
882 -7.133614856277318
883 -7.092670290325533
884 -6.581877047721261
885 -6.7162754850673645
886 -7.0535253850698
887 -7.3817600856389065
888 -6.966480892808551
889 -6.977052987368846
890 -6.966495605060129
891 -7.1517075561513375
892 -6.92329508179327
893 -6.93187751675345
894 -7.593219221061375
895 -7.236851791962992
896 -6.8487536199572725
897 -6.886543310511837
898 -7.178601653009516
899 -7.14561741836954
900 -7.055698782817397
901 -7.194378579579667
902 -6.876843359766617
903 -7.07325814062859
904 -7.460300669295073
905 -7.104446286635567
906 -7.239585162272964
907 -6.76609772166907
908 -7.074947158414447
909 -6.228082892066595
910 -7.337875537956671
911 -6.553367142261524
912 -7.096536090039424
913 -7.081046609760498
914 -7.030511591280263
915 -7.194935315241692
916 -7.112474783062299
917 -7.0170447613446925
918 -6.9755106465238015
919 -6.8101169542162205
920 -7.083218009546101
921 -7.7660023747396965
922 -6.81659098463827
923 -7.0697105937904885
924 -7.004530166762371
925 -6.975510646523801
926 -7.215978045606636
927 -6.9755106465238015
928 -7.213406166567687
929 -7.118652092885934
930 -5.669763935133265
931 -6.914814006161968
932 -6.872359855535997
933 -6.9755106465238015
934 -6.593262209297529
935 -7.129754921120839
936 -6.995642867493729
937 -6.878967845499715
938 -6.555265682124954
939 -6.612933597845093
940 -7.071348376215783
941 -7.020408230532316
942 -6.261941718376142
943 -6.908966638206354
944 -6.859975192737508
945 -6.9134263587356815
946 -7.032451582657804
947 -6.848753619957272
948 -6.768173396926347
949 -7.22686904973319
950 -6.882708301028425
951 -7.597515569435049
952 -6.24215669053886
953 -7.465118176380684
954 -7.141846636700073
955 -7.481447809537612
956 -6.978464769155315
957 -7.066739968344021
958 -7.0737270491070605
959 -7.140263672619368
960 -6.284762206969151
961 -7.057814317339251
962 -7.449741002104729
963 -6.830659163070564
964 -6.936630098672937
965 -6.347485641358479
966 -7.074146927244325
967 -7.251439396071926
968 -6.976771185147977
969 -7.02916033220004
970 -6.986511439923974
971 -7.402707251843096
972 -7.057803195588374
973 -7.736716497448529
974 -6.844979881470651
975 -6.796204209107608
976 -7.0928388524272465
977 -6.936827894482849
978 -7.37737855044566
979 -6.883129719543336
980 -7.092839537232806
981 -6.845905442530132
982 -7.2116862129813875
983 -6.603992007695681
984 -7.134912430736089
985 -7.079037247883668
986 -6.736917270815778
987 -7.536890716804124
988 -6.6255054315861095
989 -7.111628294145319
990 -7.05155499468351
991 -6.675082949600431
992 -7.62769112589909
993 -7.033344858574107
994 -7.43478723665721
995 -7.240035037626019
996 -6.882514533252056
997 -6.642392242644827
998 -6.972599323051611
999 -7.593986229252799
