0 -7.440500745783942
1 -6.910264854100632
2 -7.120740736996313
3 -7.109200266605547
4 -7.11294833418462
5 -7.848338448187306
6 -7.138552651872675
7 -7.1882143574438
8 -7.529877196024935
9 -7.193296603882025
10 -7.1187425529244495
11 -7.1871734932335665
12 -7.13398150689233
13 -7.1377871075561865
14 -7.186190161030023
15 -7.120725263625073
16 -7.943272979524017
17 -7.1207397622793005
18 -7.112957643190781
19 -7.239898108617105
20 -7.513786696675857
21 -7.193662063899299
22 -7.112079771910156
23 -7.473301573864841
24 -7.187379534758818
25 -7.190158436546889
26 -7.108934542809666
27 -6.991288017018962
28 -7.120735287901449
29 -7.120741897548325
30 -6.991855737193055
31 -7.108919955916722
32 -7.185464395428518
33 -7.187835278291391
34 -7.190131046907605
35 -7.434633644209787
36 -7.170692413999347
37 -7.188694095464803
38 -7.46756708923098
39 -7.195163372508827
40 -7.120752619143615
41 -7.108933865477112
42 -7.120747705470467
43 -6.922470904227203
44 -7.435744211236354
45 -7.120708730219595
46 -7.120708891679855
47 -7.188613879054823
48 -7.190257475184441
49 -6.991985282425243
50 -7.1935897282302
51 -6.874792709052318
52 -7.188796686610748
53 -7.847142306175705
54 -7.4687114671296975
55 -7.188815237969745
56 -7.422813996159243
57 -7.944351005488993
58 -7.254833400916881
59 -7.109113633495689
60 -7.188878896064048
61 -7.113021190290354
62 -7.140694836072913
63 -7.112014324474767
64 -7.108876106563888
65 -6.991759473150612
66 -7.11269535311346
67 -7.187166570998177
68 -7.186781452790616
69 -7.1188508304906
70 -7.193919957014484
71 -7.1080736801483155
72 -7.140762857928578
73 -7.183385619437762
74 -7.120744561487786
75 -7.52995586504667
76 -7.187210654204164
77 -7.529963140804224
78 -7.188686306893813
79 -7.185425669711285
80 -7.188423646386334
81 -7.11297521625697
82 -7.84746822468733
83 -7.847292247061801
84 -7.181321167933235
85 -7.185198329878218
86 -7.187093242278934
87 -7.108888075135854
88 -7.186232902865517
89 -7.184646511454443
90 -7.420105188670482
91 -7.477638889814987
92 -7.193103276290536
93 -7.334490634439235
94 -7.847082260389219
95 -7.283265851190957
96 -7.847855260575546
97 -7.190213855221743
98 -7.1880680609449845
99 -7.113000074412592
100 -7.11172520766896
101 -7.189033754271804
102 -7.193930251579922
103 -7.12075151584191
104 -7.140948199543733
105 -7.847158780692418
106 -7.846352934015709
107 -7.529800762490457
108 -7.513865670756434
109 -7.7525449508213
110 -7.1117261744462565
111 -7.1395688215497835
112 -7.477357266161074
113 -7.108889439699471
114 -7.108853482044416
115 -7.55505471065035
116 -6.992068939632208
117 -7.194143234223804
118 -7.849528516149242
119 -7.194044601884841
120 -7.195008224426434
121 -7.55514954646022
122 -7.1129553738521585
123 -7.187618573917647
124 -7.942873144736153
125 -7.108546027981233
126 -7.361656415014835
127 -7.747260369775094
128 -7.944176601601311
129 -7.473144636537152
130 -7.112998346845669
131 -6.6655580694996965
132 -7.84640466172933
133 -7.477452625324631
134 -7.195234120181272
135 -7.109038295676419
136 -7.186318171312654
137 -7.428338444891453
138 -7.18655823458134
139 -7.555172643202813
140 -7.472955398725614
141 -7.108893736816369
142 -7.1116899079875715
143 -7.4730687746662925
144 -7.944911399438084
145 -7.361597004129455
146 -7.555168133678574
147 -7.847146407484767
148 -7.36097134328197
149 -7.186396806498745
150 -7.4689615582763595
151 -7.186638723575672
152 -7.94153169902128
153 -7.135586907342174
154 -7.51386179634724
155 -7.188235101908092
156 -7.18767683471847
157 -7.18500072224149
158 -7.333885631502487
159 -7.421920011142265
160 -7.943460640704207
161 -7.188117121572279
162 -7.111722491162884
163 -7.112981685927728
164 -7.109025878912767
165 -7.555150177777159
166 -7.117210138269118
167 -7.112990416631803
168 -7.430981023398981
169 -7.137900288974225
170 -7.120742933879214
171 -7.120726011872503
172 -7.1086417964342745
173 -7.112986953009578
174 -7.18676177658313
175 -7.465334302935748
176 -7.188391505200073
177 -7.109052449682629
178 -7.193980494859383
179 -7.8468325831943275
180 -6.992174872480645
181 -7.94411096166182
182 -7.361977693992756
183 -7.4678169020016965
184 -7.194212136701185
185 -6.80186568131262
186 -7.1130017954128775
187 -6.907200023647428
188 -7.120734915843692
189 -7.357242026532279
190 -7.848056586597923
191 -7.473028998480621
192 -7.513816134635095
193 -7.849028206472412
194 -7.943131601600072
195 -7.944181183542181
196 -7.112989078762254
197 -7.1086468072277915
198 -7.108985182744849
199 -7.436602618559285
200 -7.436605455388517
201 -7.112049118640701
202 -7.108977974758243
203 -7.12072084869146
204 -7.942979001869158
205 -7.1129801018648005
206 -7.734654397493681
207 -7.120693450222947
208 -7.112922987008634
209 -7.120715604186141
210 -7.477668275803399
211 -7.19054611484481
212 -7.112916183309777
213 -7.138270967167705
214 -7.943427790738735
215 -7.477193214626879
216 -7.529772767276974
217 -7.469637754121465
218 -7.360544294511747
219 -6.895530469373042
220 -7.847534679682241
221 -7.487194813299312
222 -7.120734260281416
223 -7.468533293568491
224 -7.18850294501874
225 -7.108977155876839
226 -7.472058445747393
227 -7.944645159881933
228 -6.907275938497296
229 -7.404920727839847
230 -6.868535138030752
231 -7.943916611455518
232 -7.503452279156662
233 -7.405686728514895
234 -7.188527609297167
235 -7.477355835457495
236 -7.120731409134199
237 -7.112942222285117
238 -7.8488533457314
239 -7.10840339855985
240 -7.120718078963154
241 -7.487313778309009
242 -7.108941151176285
243 -7.513806031664546
244 -7.529976671770515
245 -7.18825126047316
246 -7.187995821252109
247 -7.109005264151922
248 -7.112885573648785
249 -7.11297354111833
250 -7.188600848939255
251 -7.120754279761381
252 -7.186274330218371
253 -7.334912426415037
254 -7.944296970321244
255 -7.187512513913412
256 -7.189841505150295
257 -7.482618720542349
258 -7.84747272394388
259 -7.941275348639246
260 -7.108663025925115
261 -7.295283882310748
262 -7.249549870803761
263 -7.188504585812627
264 -7.118796249325469
265 -7.482163785479056
266 -7.849172779386964
267 -7.18658999981163
268 -7.847223176985843
269 -7.849291012677874
270 -7.112983668604623
271 -7.112957456255493
272 -7.120725431637872
273 -7.334701062157079
274 -7.1890741524571915
275 -7.189914222286064
276 -7.108539359314684
277 -7.513758678618385
278 -7.181416827130177
279 -6.782032518083575
280 -7.4826170554059175
281 -7.139136489276982
282 -7.44462584229905
283 -7.490785988589395
284 -7.944629302066556
285 -7.467572137045038
286 -7.467764570357802
287 -7.752100794419078
288 -7.190904307351715
289 -7.475800209332373
290 -7.555083954726489
291 -7.120686308559461
292 -7.120736851574736
293 -7.84928637771903
294 -7.938645314588849
295 -7.188185064804089
296 -7.139968066756288
297 -7.944034273764376
298 -7.555163587220594
299 -7.112039956997218
300 -7.19054256879344
301 -7.195135731191044
302 -6.942681339717294
303 -7.120731672068559
304 -7.481859003885727
305 -7.195041225088275
306 -7.186995633246457
307 -7.473169517448961
308 -7.944158820039315
309 -7.2428144348585235
310 -7.467662203370957
311 -7.4219352690028195
312 -7.423187469157013
313 -7.847920101287168
314 -7.513822324463093
315 -7.1207482190124525
316 -7.120738641193512
317 -7.120738294063936
318 -7.194768766708429
319 -7.112938631509375
320 -7.469081753138247
321 -7.189914752258424
322 -7.472586272422749
323 -7.474767460979678
324 -7.46883092940072
325 -7.846923554673481
326 -7.112601327425597
327 -7.434601036192035
328 -7.181595680201237
329 -7.120724103082755
330 -7.468855432306249
331 -7.189914620045889
332 -7.140705305510386
333 -7.751709797953931
334 -7.185041251171561
335 -7.1822415575834455
336 -7.193278829331093
337 -7.468830179775472
338 -7.529978519662001
339 -7.185630603684875
340 -7.529930415584103
341 -7.847310188683576
342 -7.846591129715814
343 -7.10777913044555
344 -7.52986826666422
345 -7.84740314449057
346 -7.1884921259895505
347 -7.73478642211493
348 -7.139786464549853
349 -7.5298235483618745
350 -7.112932967781602
351 -7.1207501180890835
352 -7.529959690837991
353 -7.529899234034218
354 -7.188683555086293
355 -7.112954721711297
356 -7.943827326975118
357 -7.555171001031808
358 -7.941525035547481
359 -7.5299228248097565
360 -7.195054497279444
361 -7.188312187094684
362 -7.48222073368668
363 -7.5298864933971
364 -7.188824332852499
365 -7.944010114327686
366 -7.938908928370111
367 -7.473124669423735
368 -7.943294998805963
369 -7.849174740339261
370 -7.334868507951554
371 -7.487328768642669
372 -7.943879651403802
373 -7.939333418532006
374 -7.943606672484317
375 -7.487079670085033
376 -7.529953032842028
377 -7.120739343399374
378 -7.477312277555806
379 -7.847372297034954
380 -7.289278671137406
381 -7.470083237160587
382 -7.333645861143379
383 -7.529848619306335
384 -7.944111332178103
385 -7.848000648200842
386 -7.846525567902087
387 -7.944117299294008
388 -7.477348059750384
389 -7.4217329141945045
390 -7.55515988865358
391 -7.939331927959334
392 -7.395603001629098
393 -7.555162407305161
394 -7.477444540789726
395 -7.850244632450817
396 -7.482361515856312
397 -7.108939330998216
398 -7.482189663798704
399 -7.9435761658527495
400 -7.36041679113977
401 -7.189933601710012
402 -7.941779531295204
403 -7.47275467742715
404 -7.334818382003314
405 -7.5550764566871464
406 -7.513826344327076
407 -7.477592326686454
408 -7.184233714880322
409 -7.281600983534815
410 -7.513813419146907
411 -7.481238213199006
412 -7.51387222121518
413 -7.18854164057096
414 -7.9407913404200565
415 -7.944165855209054
416 -7.473296842337692
417 -7.752898736686571
418 -7.846571037744414
419 -7.473129529709261
420 -7.47008180764599
421 -7.431602753147818
422 -7.120748342355404
423 -7.120740387066614
424 -7.503501541962156
425 -7.753903544117229
426 -7.847116457760258
427 -7.555164898232846
428 -7.5551745764949105
429 -7.118856518497306
430 -7.555145613886773
431 -7.847785488296576
432 -7.940638871649145
433 -7.188395664976366
434 -7.943336582234951
435 -7.472720227842603
436 -7.480527214889295
437 -7.848910797769569
438 -7.944293691471645
439 -7.112999349888871
440 -7.113004295420477
441 -7.849467426815959
442 -7.487358810712852
443 -7.555138696496993
444 -7.555163887468463
445 -7.120693602902922
446 -7.529885337453261
447 -7.847880478555248
448 -7.423190447145751
449 -7.943596730748407
450 -7.847449227326709
451 -7.944221502242592
452 -7.1882497824461185
453 -7.846667228556213
454 -7.1207206851941764
455 -7.184745252086647
456 -7.1892844099967865
457 -7.529808121317412
458 -7.4734502608247695
459 -7.944345215988483
460 -7.473090446504639
461 -7.5138437207748545
462 -7.444500136113707
463 -7.52988693886063
464 -7.108938542501313
465 -7.423080987165803
466 -7.334029054839479
467 -7.943622476363391
468 -7.94020548446058
469 -7.1944278852217565
470 -7.133265780917962
471 -7.186831906902608
472 -7.944183237446704
473 -7.109004972546988
474 -7.357385173450344
475 -7.188039762091431
476 -7.55515595802099
477 -7.943899269289364
478 -7.529960823056104
479 -7.186524123007698
480 -7.467171263745306
481 -7.555058492440923
482 -7.487223147369073
483 -7.943867941254523
484 -7.187194557843983
485 -7.84910608482193
486 -7.193134718506319
487 -7.187745217890192
488 -7.468285417455679
489 -7.4671156064568605
490 -7.444633223719424
491 -7.480536721493743
492 -7.477568962314525
493 -7.18814458630681
494 -7.847950551909015
495 -7.8497985555917005
496 -7.4054502406611915
497 -7.529794042281338
498 -7.108941486201531
499 -7.84744168991955
500 -7.480584154867539
501 -7.187420186291828
502 -7.187741638263528
503 -7.480892700340378
504 -7.473017379850781
505 -7.477319792258155
506 -7.4445799762110765
507 -7.555158523605566
508 -7.8494587384412045
509 -7.944370305379649
510 -7.398525121481821
511 -7.943898145589277
512 -7.555099140568747
513 -7.555110857861689
514 -7.513846542481954
515 -7.8482886422890905
516 -7.44451820132155
517 -7.555137372318956
518 -7.846814863470677
519 -7.482605074888067
520 -7.186734107520475
521 -7.554977575400223
522 -7.753603676654655
523 -7.555007905972899
524 -7.188457320388268
525 -7.33701945694128
526 -7.943715216893081
527 -7.752317746976277
528 -7.132895899914245
529 -7.355125116924938
530 -7.9451497249511895
531 -7.467321246496404
532 -7.5299276288621835
533 -7.846978911385669
534 -7.318314357643455
535 -7.944312813799765
536 -7.9402038588660275
537 -7.185923608887351
538 -7.482650702173173
539 -7.321933091510206
540 -7.252146245250569
541 -7.8476320261538115
542 -7.187662323433442
543 -7.846864005985226
544 -7.3726410250279315
545 -7.1855181228008975
546 -7.185923751265444
547 -7.529944770465821
548 -7.753106963499806
549 -7.18824568620676
550 -7.555091594604043
551 -7.753697416196945
552 -7.847244253573268
553 -7.555165997843896
554 -7.5138521152866895
555 -7.18635043986259
556 -7.19223503632367
557 -7.336998611149621
558 -7.847531694491068
559 -7.263111723380303
560 -7.475985168416315
561 -7.1906521166566755
562 -7.120746004945738
563 -7.487305285692106
564 -7.185615357514624
565 -7.405654951412064
566 -7.185924598207997
567 -7.188530988688985
568 -7.188655173204033
569 -7.48216639235264
570 -7.752862775826603
571 -7.194315357245404
572 -7.752439535976051
573 -7.421897578944731
574 -7.846472767728486
575 -7.18665657178789
576 -7.529924410277867
577 -7.752876146958737
578 -7.5551443981259965
579 -7.406029762341524
580 -7.846915161051545
581 -7.752464556936843
582 -7.422571032157234
583 -7.318292743906331
584 -7.4426753824754615
585 -7.185923460775317
586 -7.3824096067609295
587 -7.422929218786429
588 -7.94466990611713
589 -7.186596942491729
590 -7.490803192243743
591 -7.108994643188261
592 -7.405783619123202
593 -7.4873723480204015
594 -7.529959186898687
595 -7.75325879398806
596 -7.7540423803488165
597 -7.752876163233869
598 -7.488848880878973
599 -7.322150335054932
600 -7.337005818299942
601 -7.5551362421671335
602 -7.442689130302919
603 -7.752280142209298
604 -7.513853160912924
605 -7.120728740383501
606 -7.185923998087968
607 -7.188017196226892
608 -7.337007053556121
609 -7.405783137707175
610 -7.487284223041724
611 -7.48884277170166
612 -7.848865616621917
613 -7.487343051226425
614 -7.752316943371277
615 -7.330848980788318
616 -7.421899777728451
617 -7.470358813879032
618 -7.1207414492440435
619 -7.295269463667956
620 -7.3824370775156645
621 -7.752903771747316
622 -7.487382868562797
623 -7.405783300666397
624 -6.873191537372869
625 -7.3370207807551
626 -7.185926550463786
627 -7.237801704175406
628 -7.1879660127563945
629 -7.421994695427671
630 -7.846674058004704
631 -7.487305631509147
632 -7.440678494585039
633 -7.189805338371531
634 -7.847200548052361
635 -7.324655613893765
636 -7.421916214546955
637 -7.752876157636442
638 -7.382425551190804
639 -7.945033771392265
640 -7.405843393074631
641 -7.187315933581572
642 -7.120750289130373
643 -7.752876112702246
644 -7.513793911702366
645 -7.192644506045778
646 -7.434436802635314
647 -7.18863945023973
648 -7.188556252716263
649 -7.477088215914272
650 -7.753622173335139
651 -7.187925142564798
652 -7.362330407364907
653 -7.188099479124609
654 -7.3278410773317475
655 -7.351362596530824
656 -7.490819217271967
657 -7.847404507605437
658 -7.3369923389785505
659 -7.753230621131291
660 -7.187751483566935
661 -7.279309243665339
662 -7.52992857711476
663 -7.846796172437009
664 -7.752876152779404
665 -7.529954027923945
666 -7.336983117765958
667 -7.847969919540287
668 -7.336990495076161
669 -7.555153732439305
670 -7.336992957032034
671 -7.192389933114413
672 -7.487346787626785
673 -7.423049507692775
674 -7.348018408721821
675 -7.239552013514786
676 -7.555162937567793
677 -7.188411280666287
678 -7.442706421366739
679 -7.108951468526293
680 -7.422754678940752
681 -7.847578003860556
682 -7.186290126890312
683 -7.185810908165943
684 -7.261461692700798
685 -7.1859914297729865
686 -7.847577980862725
687 -7.473251977095972
688 -7.259477200295578
689 -7.488840135984777
690 -7.187963514842775
691 -7.188855938168881
692 -7.529953851472373
693 -7.186313490291248
694 -7.513852531890617
695 -7.848085035347286
696 -7.133737938263494
697 -7.441884781934422
698 -7.295048673180765
699 -7.8497537399613835
700 -7.120733334413386
701 -7.848387589794847
702 -7.442703703954092
703 -7.442681414147103
704 -7.4227002719156765
705 -7.847355741285532
706 -7.187615475135858
707 -7.734262282002436
708 -7.847317888120724
709 -7.4873194827179885
710 -7.2953213942646284
711 -7.529830073745906
712 -7.555153161143525
713 -7.1207352377039905
714 -7.182542750913329
715 -7.421779220450033
716 -7.188805157888663
717 -7.184806779247459
718 -7.481987403434925
719 -7.188927275787051
720 -7.942686045229355
721 -7.490826252492447
722 -7.185273300262523
723 -7.470192262512004
724 -7.351551080889776
725 -7.490753472298967
726 -7.944486870910506
727 -7.75287615735131
728 -7.188055965421075
729 -7.189492364813492
730 -7.555171631091016
731 -7.513871762888116
732 -7.488822692669257
733 -7.846555129021617
734 -7.487361673650717
735 -7.529885434157156
736 -7.848611400078602
737 -7.4054493234979795
738 -7.848402809226921
739 -7.188055965421075
740 -7.846559250319417
741 -7.285358428639083
742 -7.9427485496663115
743 -7.337011403617539
744 -7.513860203142618
745 -7.279558155409241
746 -7.753050665037892
747 -7.336992371292275
748 -7.731407032076485
749 -7.8489121451823225
750 -7.752184445079283
751 -7.405868708630958
752 -7.4426996171636075
753 -7.248669619273072
754 -7.334439719915468
755 -7.529955090925437
756 -7.754045695532773
757 -7.555160440824149
758 -7.529849296827581
759 -7.529971013504699
760 -7.185971128754481
761 -7.187680126374231
762 -7.848048137781646
763 -7.529964378655219
764 -7.188555585637687
765 -7.5551423235525155
766 -7.295297602698223
767 -7.440380938194444
768 -7.434589879602768
769 -7.3370203438600194
770 -7.3823637177423675
771 -7.192670940609767
772 -7.336991092603221
773 -7.529965016856356
774 -7.847947839990237
775 -7.847029828878685
776 -7.848909944631118
777 -7.188384206878403
778 -7.487350514147345
779 -7.846692353676964
780 -7.753362289658324
781 -7.477638382692831
782 -7.529876752994081
783 -7.5138369283419015
784 -7.529961991176822
785 -7.3609937343437055
786 -7.187990264212693
787 -7.436532577758233
788 -7.848183394673519
789 -7.733255318169938
790 -7.108871200963733
791 -7.1885243600220905
792 -7.189265883121649
793 -7.405868436903471
794 -7.482633399335355
795 -7.944936512764496
796 -7.487295839504465
797 -7.324133300600271
798 -7.44270089342178
799 -7.84855853654611
800 -7.185923579029947
801 -7.487352707741398
802 -7.487385814728768
803 -7.753014951952962
804 -7.336991717270469
805 -7.187793807742273
806 -7.337008100371155
807 -7.337013623885265
808 -7.848182213470049
809 -7.753778641761545
810 -7.8487875094147945
811 -7.529976638028891
812 -7.752876108091656
813 -7.846531951676347
814 -7.7535007631973825
815 -7.118797323127001
816 -7.47314484969996
817 -7.529950526803007
818 -7.486768953486453
819 -7.185512740961056
820 -7.325072532307431
821 -7.3837188460214565
822 -7.18813631298626
823 -7.850012243690327
824 -7.513760790272532
825 -7.42265515028616
826 -7.943095040598298
827 -7.847086346388111
828 -7.752632119490709
829 -7.529826685461679
830 -7.382717737683778
831 -7.184629444930931
832 -7.436730569735599
833 -7.187414999400784
834 -7.752876763831139
835 -7.847947839854348
836 -7.487323126387875
837 -7.513862687779722
838 -7.752876131643876
839 -7.336991667057485
840 -7.752876152372536
841 -7.529977271944079
842 -7.186615593080604
843 -7.488841758384255
844 -7.513788329863304
845 -7.749961288339552
846 -7.42272529164655
847 -7.4226740190125655
848 -7.488842140545728
849 -7.188042897202287
850 -7.18483380204995
851 -7.941735043741953
852 -7.487299717883858
853 -7.3240772791290025
854 -7.336991645768424
855 -7.847552343779614
856 -7.337019575248227
857 -7.421976038391584
858 -7.188110890230802
859 -7.487382960642749
860 -7.295249043454099
861 -7.849451094509145
862 -7.405363336652457
863 -7.75137633671723
864 -7.436503504921862
865 -7.513836842773894
866 -7.3370128576249085
867 -7.355963410256208
868 -7.529936217539093
869 -7.337022033262307
870 -7.185126891696764
871 -7.555091960187485
872 -7.258336612921327
873 -7.847541778003857
874 -7.188055155702011
875 -7.442674218178785
876 -7.7531847328751935
877 -7.421831056907801
878 -7.442717714633009
879 -7.513860174796392
880 -7.405363870594896
881 -7.3370141538501095
882 -7.52987421423463
883 -7.337014782371059
884 -7.336977422566972
885 -7.188470640809201
886 -7.44458909336458
887 -7.751521157079291
888 -7.529945025962739
889 -7.513826383684737
890 -7.18730861158971
891 -7.442694840180582
892 -7.4396868264905684
893 -7.187870535127786
894 -7.847672295132057
895 -7.48734265658963
896 -7.18805510917543
897 -7.75286257043403
898 -7.361649347546962
899 -7.473134839038096
900 -7.337018260426432
901 -7.943701770401877
902 -7.382683000635133
903 -7.442697499982162
904 -7.846986540452986
905 -7.442674064013816
906 -7.487330488023111
907 -7.1906497803859395
908 -7.337009808767752
909 -7.112008116667397
910 -7.752270357000337
911 -7.194413620368658
912 -7.529899674882459
913 -7.262547340445469
914 -7.36161427811492
915 -7.848629049791992
916 -7.847939319039743
917 -7.188398078981709
918 -7.405363784270711
919 -7.188535498429697
920 -7.555072988259901
921 -7.846709945791587
922 -7.406134540892946
923 -7.320968960438983
924 -7.138640870256494
925 -7.405363500798959
926 -7.357568642071361
927 -7.405363848585421
928 -7.848846452019132
929 -7.847723319526754
930 -7.186121383261766
931 -7.421916272854321
932 -7.405259897619696
933 -7.405363939011152
934 -7.468566871748028
935 -7.336995475572831
936 -7.436677798209935
937 -7.237863882221899
938 -7.847339724439293
939 -6.834639325950978
940 -7.4366579042747745
941 -7.3370091508443
942 -7.187735919182697
943 -7.4224917421460495
944 -7.847906663035363
945 -7.55515001489406
946 -7.440620419025932
947 -7.18805549617539
948 -7.120730768182057
949 -7.555163959361264
950 -7.751968164687512
951 -7.849099425043746
952 -7.11298457319262
953 -7.7526906126717074
954 -7.469361959928364
955 -7.849570649753687
956 -7.436701521150899
957 -7.421957778295011
958 -7.262193706807586
959 -7.3370145672868246
960 -7.18862973952528
961 -7.529930574405456
962 -7.75150023049287
963 -7.337005182853659
964 -7.555156236525733
965 -7.108732956998433
966 -7.442673579590845
967 -7.847487196785459
968 -7.471715350163248
969 -7.355301193608096
970 -7.1858817437126845
971 -7.513803272789951
972 -7.52992942381291
973 -7.847646040669744
974 -7.847831348507538
975 -7.477522377939816
976 -7.337019945348751
977 -7.423057425161878
978 -7.846784184714266
979 -7.354644919052737
980 -7.33702081208011
981 -7.423175727765801
982 -7.944966635881943
983 -7.187041844470637
984 -7.442707301706398
985 -7.4693118795067965
986 -7.847866407775904
987 -7.747760425340562
988 -7.529813238184352
989 -7.513789301350322
990 -7.435734996319357
991 -7.529960170967283
992 -7.847229369124306
993 -7.847325109352549
994 -7.75376286565064
995 -7.383730517399987
996 -7.188113852983471
997 -7.189940274506092
998 -7.187740701883627
999 -7.7535782243146825
