0 -1.8600177764892578
1 -1.565735101699829
2 -1.8013386726379395
3 -2.777177333831787
4 -2.6176443099975586
5 -2.152986764907837
6 -2.3368988037109375
7 -2.6000418663024902
8 -1.176865816116333
9 -0.8253159523010254
10 -2.7135353088378906
11 -2.8448104858398438
12 -1.7082011699676514
13 -2.498049259185791
14 -2.6234216690063477
15 -1.398230791091919
16 -2.6173293590545654
17 -2.1845927238464355
18 -2.494882583618164
19 -2.0831997394561768
20 -1.6647224426269531
21 -2.9797375202178955
22 -2.5456717014312744
23 -2.7523343563079834
24 -2.262829542160034
25 -2.488144874572754
26 -2.618834972381592
27 -2.8959875106811523
28 -2.3059308528900146
29 -2.708608627319336
30 -2.246037006378174
31 -1.915581226348877
32 -1.0739398002624512
33 1.0208320617675781
34 1.0634636878967285
35 -1.5192413330078125
36 -2.7446393966674805
37 -2.0999650955200195
38 -2.4086551666259766
39 -1.8950228691101074
40 -2.2893500328063965
41 -2.1071836948394775
42 -2.5000905990600586
43 -2.3276047706604004
44 -2.6875476837158203
45 -2.6828386783599854
46 -3.226832866668701
47 -2.7547309398651123
48 -2.4940078258514404
49 -2.959462881088257
50 -2.871295213699341
51 -3.050957679748535
52 -2.6573963165283203
53 -2.4692611694335938
54 -2.7981815338134766
55 -2.8174021244049072
56 -3.006847381591797
57 -2.7799830436706543
58 -2.9202890396118164
59 -2.691394567489624
60 -1.715709924697876
61 -2.6216907501220703
62 -2.3620200157165527
63 -1.741877794265747
64 -3.2101075649261475
65 -2.0648081302642822
66 -2.0447335243225098
67 -2.4305925369262695
68 -1.487138271331787
69 -1.2583744525909424
70 -2.394423007965088
71 -3.404789924621582
72 -2.03190279006958
73 -1.807629108428955
74 -3.442788600921631
75 -2.647167444229126
76 -1.973414421081543
77 -2.403564691543579
78 -2.5016250610351562
79 -2.787630081176758
80 -2.952519178390503
81 -3.187232494354248
82 -3.043541431427002
83 -3.070610523223877
84 -2.8117573261260986
85 -2.3545238971710205
86 -2.8041861057281494
87 -2.2334766387939453
88 -2.5443038940429688
89 -2.896547555923462
90 -1.8812906742095947
91 -0.9746384620666504
92 -0.2965714931488037
93 -2.7907707691192627
94 -1.249251127243042
95 0.36687326431274414
96 -3.147090435028076
97 -2.684238910675049
98 -2.2683627605438232
99 -2.32936954498291
100 -2.556593418121338
101 -2.0461795330047607
102 -3.2110259532928467
103 -2.518893003463745
104 -2.241887092590332
105 -2.667001962661743
106 -2.151516914367676
107 -2.3324880599975586
108 -2.848452568054199
109 -3.131443738937378
110 -2.8553969860076904
111 -2.136470317840576
112 -2.2957944869995117
113 -2.5179097652435303
114 -2.8467698097229004
115 -3.0279552936553955
116 -2.1390578746795654
117 -2.6022109985351562
118 -2.6048476696014404
119 -2.6220741271972656
120 -3.130747079849243
121 -2.222081422805786
122 -2.136655807495117
123 -1.8618141412734985
124 -2.073134660720825
125 -2.5068702697753906
126 -2.3326220512390137
127 -1.9154409170150757
128 -1.7636752128601074
129 -2.7440388202667236
130 -2.306345224380493
131 -1.9583051204681396
132 -2.5112690925598145
133 -2.2661590576171875
134 -2.913081169128418
135 -2.317399024963379
136 -2.8100709915161133
137 -2.866856098175049
138 -3.0644173622131348
139 -2.649125337600708
140 -2.7347278594970703
141 -2.785670757293701
142 -2.6269681453704834
143 -2.528068780899048
144 -2.098219871520996
145 -2.5010581016540527
146 -2.8405117988586426
147 -2.766691207885742
148 -0.24570131301879883
149 -1.8801755905151367
150 -0.538421630859375
151 -2.6022374629974365
152 -2.0124399662017822
153 -3.2755041122436523
154 -2.0483429431915283
155 -2.9128358364105225
156 -1.2985453605651855
157 -3.2757840156555176
158 -2.972970962524414
159 -1.0692763328552246
160 -1.835893988609314
161 -2.232475996017456
162 -2.656282901763916
163 -2.905031204223633
164 -2.806196689605713
165 -1.2762362957000732
166 -3.193024158477783
167 -2.8198113441467285
168 -3.052180528640747
169 -2.571484088897705
170 -3.0570068359375
171 -2.483397960662842
172 -2.0490639209747314
173 -2.597376823425293
174 -2.6226556301116943
175 -2.543437957763672
176 -1.8808424472808838
177 -2.7729482650756836
178 -0.5758755207061768
179 -1.4612135887145996
180 -2.0024209022521973
181 -1.9571235179901123
182 -3.025841236114502
183 -2.870821952819824
184 -1.8710675239562988
185 -2.2539830207824707
186 -2.437371253967285
187 -1.6251583099365234
188 -2.5159692764282227
189 -1.99503755569458
190 -2.4654085636138916
191 -1.2731969356536865
192 -1.7452116012573242
193 -2.1018130779266357
194 -2.701490879058838
195 -2.608238458633423
196 -2.585721254348755
197 -2.3484272956848145
198 -2.7331249713897705
199 -2.654575824737549
200 -2.852428913116455
201 -2.0469624996185303
202 -2.5317461490631104
203 -2.632253646850586
204 -2.3437955379486084
205 -2.5383872985839844
206 -2.517948865890503
207 -3.1165361404418945
208 1.9744763374328613
209 -2.1391327381134033
210 -2.4176478385925293
211 -0.929807186126709
212 -3.3255724906921387
213 -2.4370017051696777
214 -3.279050588607788
215 -2.5721137523651123
216 -2.345743179321289
217 -1.9854272603988647
218 -2.153587818145752
219 -2.2902960777282715
220 -2.3353652954101562
221 -1.8153862953186035
222 -2.9223263263702393
223 -1.905848503112793
224 -1.3324058055877686
225 -2.9659810066223145
226 -2.0668764114379883
227 -2.9280576705932617
228 -2.5726161003112793
229 -3.0390427112579346
230 -3.2266108989715576
231 -2.881074905395508
232 -3.1682541370391846
233 -2.416860580444336
234 -2.542189598083496
235 -2.673713445663452
236 -2.8100390434265137
237 -1.647386074066162
238 -2.434835433959961
239 -1.3526742458343506
240 -1.6751368045806885
241 -1.582364797592163
242 -2.3249073028564453
243 -2.4130916595458984
244 -1.9741989374160767
245 -1.863397240638733
246 -2.3116817474365234
247 -3.011178493499756
248 -2.144970417022705
249 -2.774979591369629
250 -2.6155481338500977
251 -2.191782236099243
252 -2.5692389011383057
253 -2.455578327178955
254 -3.0554280281066895
255 -2.434724807739258
256 -2.6978518962860107
257 -2.835683822631836
258 -3.1667587757110596
259 -1.8984270095825195
260 -2.5881075859069824
261 -2.590430736541748
262 -2.7108521461486816
263 -2.874950408935547
264 -2.496530532836914
265 -2.0647647380828857
266 -2.6012630462646484
267 -2.8045692443847656
268 -2.131943702697754
269 -0.36697936058044434
270 -2.1069109439849854
271 -2.532583713531494
272 -1.0790433883666992
273 -2.946678400039673
274 -1.8772010803222656
275 -3.0922348499298096
276 -2.3959689140319824
277 -1.6890674829483032
278 -1.353869080543518
279 -1.8478913307189941
280 -3.0989017486572266
281 -2.294017791748047
282 -2.8594164848327637
283 -1.4795799255371094
284 -2.0387697219848633
285 -2.775113582611084
286 -2.765395164489746
287 -2.7176029682159424
288 -2.787827253341675
289 -2.220276117324829
290 -2.7049758434295654
291 -2.9657649993896484
292 -2.943464517593384
293 -2.720330238342285
294 -2.816831111907959
295 -2.3714749813079834
296 -1.232654094696045
297 -1.6408228874206543
298 -2.0614869594573975
299 -2.1671528816223145
300 -1.6021549701690674
301 -2.8122451305389404
302 -1.8702644109725952
303 -1.2813725471496582
304 -2.42254638671875
305 -1.1121900081634521
306 -2.09487247467041
307 -1.5948927402496338
308 -3.2190933227539062
309 -2.77789568901062
310 -2.3004062175750732
311 -2.088066816329956
312 -2.0359859466552734
313 -2.757219076156616
314 -2.58376407623291
315 -3.01770281791687
316 -1.779386281967163
317 -2.963074207305908
318 -2.5769481658935547
319 -2.946112871170044
320 -2.96708083152771
321 -2.977381706237793
322 -3.0455284118652344
323 -2.381582260131836
324 -2.6903882026672363
325 -2.842346668243408
326 -1.5586025714874268
327 -0.9267451763153076
328 -1.1702532768249512
329 -1.1010172367095947
330 -1.0932285785675049
331 -0.7332973480224609
332 -2.9007930755615234
333 -3.0198893547058105
334 -3.4422976970672607
335 -2.7159154415130615
336 -2.281055212020874
337 -2.6994571685791016
338 -1.8267472982406616
339 -1.7757987976074219
340 -1.8696541786193848
341 -2.814709186553955
342 -2.970818042755127
343 -2.6933164596557617
344 -2.1686758995056152
345 -2.796013832092285
346 -2.647555351257324
347 -1.995734691619873
348 -2.3024511337280273
349 -2.3655834197998047
350 -3.086888074874878
351 -2.5222115516662598
352 -2.2892274856567383
353 -2.2273457050323486
354 -3.1823132038116455
355 -2.0003840923309326
356 -1.8189513683319092
357 -2.9612245559692383
358 -2.6890759468078613
359 -1.3693487644195557
360 -1.7531838417053223
361 -2.2630865573883057
362 -2.1242971420288086
363 -1.7015624046325684
364 -2.333373546600342
365 -2.3322315216064453
366 -2.8779125213623047
367 -2.2058627605438232
368 -1.1000447273254395
369 -2.4561238288879395
370 -2.571655750274658
371 -2.6856958866119385
372 -2.828401803970337
373 -2.831319808959961
374 -2.2550923824310303
375 -2.5087084770202637
376 -2.351842164993286
377 -2.216564416885376
378 -2.7164740562438965
379 -2.5760979652404785
380 -1.8671185970306396
381 -2.2399587631225586
382 -2.243927240371704
383 -2.6605896949768066
384 -2.665616750717163
385 -2.3772034645080566
386 1.3113837242126465
387 -2.1136112213134766
388 0.5986695289611816
389 -1.5552003383636475
390 -2.126906394958496
391 -2.6709678173065186
392 -2.896328926086426
393 -2.2274417877197266
394 -0.8330812454223633
395 -1.8189692497253418
396 -2.3468523025512695
397 -2.3634042739868164
398 -2.899350166320801
399 -2.328248977661133
400 -2.800532102584839
401 -2.849447727203369
402 -2.653268337249756
403 -2.6425695419311523
404 -1.8468745946884155
405 -1.6348609924316406
406 -2.2220425605773926
407 -2.8398444652557373
408 -2.4269051551818848
409 -2.982152223587036
410 -2.901702880859375
411 -2.301126480102539
412 -2.7711877822875977
413 -2.449850559234619
414 -2.993655204772949
415 -2.8958990573883057
416 -2.29376482963562
417 -2.5311644077301025
418 -3.3558342456817627
419 -2.1226119995117188
420 -1.19999098777771
421 -2.355475425720215
422 -2.541327476501465
423 -1.9731249809265137
424 -2.770575523376465
425 -2.6458544731140137
426 -2.712677478790283
427 -2.142073631286621
428 -2.4642534255981445
429 -2.3764634132385254
430 -2.5073986053466797
431 -2.0372767448425293
432 -2.762568473815918
433 -2.683298110961914
434 -2.5789308547973633
435 -2.8679215908050537
436 -2.3750011920928955
437 -2.841154098510742
438 -1.492807388305664
439 -2.054497480392456
440 -2.8902900218963623
441 -2.55389404296875
442 -3.104605197906494
443 -2.654146909713745
444 -2.8570961952209473
445 -2.7257347106933594
446 -2.028703212738037
447 -1.9215927124023438
448 -2.373631477355957
449 -1.7737512588500977
450 -1.0395877361297607
451 -3.0009608268737793
452 -2.4647040367126465
453 -2.3592655658721924
454 -3.425363779067993
455 -1.7703806161880493
456 -2.560945987701416
457 -2.749675750732422
458 -2.378089427947998
459 -2.6375837326049805
460 -2.7602365016937256
461 -2.794290065765381
462 -1.9197800159454346
463 -2.1640517711639404
464 -2.7169342041015625
465 -2.985163927078247
466 -2.450033664703369
467 -2.2016875743865967
468 -2.479452133178711
469 -2.772462844848633
470 -2.750075101852417
471 -2.2525696754455566
472 -2.9472742080688477
473 -3.2178187370300293
474 -2.8039770126342773
475 -0.7205886840820312
476 -1.7479767799377441
477 -3.489100456237793
478 -2.964405059814453
479 -2.875626564025879
480 -2.572686195373535
481 -2.853374481201172
482 -2.197633743286133
483 -1.564989686012268
484 -2.656050682067871
485 -2.6668498516082764
486 -2.3706445693969727
487 -2.222085952758789
488 -2.9476048946380615
489 -1.6807725429534912
490 -2.424724578857422
491 -2.2562198638916016
492 -2.2097151279449463
493 -2.828921318054199
494 -2.402895927429199
495 -2.8838021755218506
496 -2.5069479942321777
497 -2.041799545288086
498 -2.6864395141601562
499 -2.9772415161132812
500 -2.9897308349609375
501 -2.9336071014404297
502 -1.9282442331314087
503 -2.7881202697753906
504 -2.7439141273498535
505 -1.962385892868042
506 -2.6822707653045654
507 -1.0717437267303467
508 -1.8620076179504395
509 -3.1717963218688965
510 -1.002025842666626
511 -1.4764909744262695
512 -3.263472318649292
513 -2.0157480239868164
514 -2.477849006652832
515 -2.2742998600006104
516 -2.1419107913970947
517 -3.0021512508392334
518 -2.461676597595215
519 -2.012721061706543
520 -1.7498985528945923
521 -2.5530853271484375
522 -1.985067367553711
523 -2.237420082092285
524 -3.0959670543670654
525 -2.6055335998535156
526 -3.045328140258789
527 -3.046302080154419
528 -2.970118284225464
529 -2.665627956390381
530 -2.1670055389404297
531 -2.9955954551696777
532 -2.8124966621398926
533 -3.24401593208313
534 -1.2583048343658447
535 -1.438560962677002
536 -1.6670355796813965
537 -1.3256206512451172
538 -2.9728312492370605
539 -2.835535764694214
540 -1.373003363609314
541 -2.602513313293457
542 -1.9526724815368652
543 -2.1879851818084717
544 -2.822293281555176
545 -1.2147719860076904
546 -1.6468758583068848
547 -2.15218448638916
548 -2.0629005432128906
549 -1.833430528640747
550 -2.5648245811462402
551 -2.359464406967163
552 -2.2944955825805664
553 -2.620288610458374
554 -2.196920394897461
555 -2.454817295074463
556 -2.82151460647583
557 -2.11623215675354
558 -2.724727153778076
559 -2.496105670928955
560 -3.0548105239868164
561 -2.9531266689300537
562 -3.0012693405151367
563 -3.1181182861328125
564 -2.1083173751831055
565 1.58134126663208
566 -1.7396903038024902
567 0.4047884941101074
568 -1.7293548583984375
569 -2.9084324836730957
570 -1.0427072048187256
571 -2.864635467529297
572 -2.1464009284973145
573 -1.3515291213989258
574 -2.7354748249053955
575 -2.523225784301758
576 -2.4199914932250977
577 -2.8320932388305664
578 -0.6844010353088379
579 -2.2769365310668945
580 -2.9041333198547363
581 -2.6469643115997314
582 -2.589047431945801
583 -1.7607975006103516
584 -3.1460132598876953
585 -3.1136386394500732
586 -2.9071121215820312
587 -2.5935287475585938
588 -3.062864303588867
589 -2.9527275562286377
590 -2.4145917892456055
591 -2.514666795730591
592 -3.0353171825408936
593 -2.7684731483459473
