0 -3.571535110473633
1 -3.5715324878692627
2 -3.571549892425537
3 -3.5715255737304688
4 -3.571564197540283
5 -3.1651430130004883
6 -3.165189743041992
7 -3.1651127338409424
8 -3.16528582572937
9 -3.165196657180786
10 -3.662905693054199
11 -3.663256883621216
12 -3.663259267807007
13 -3.6631088256835938
14 -3.663172483444214
15 -3.4232304096221924
16 -3.4232895374298096
17 -3.4232616424560547
18 -3.4232184886932373
19 -3.423215866088867
20 -3.601717472076416
21 -3.5888798236846924
22 -3.601764678955078
23 -3.5888919830322266
24 -3.5708775520324707
25 -3.6208486557006836
26 -3.601893424987793
27 -3.6022305488586426
28 -3.621109962463379
29 -3.621029853820801
30 -2.821104049682617
31 -2.821110963821411
32 -2.8211164474487305
33 -2.821101188659668
34 -2.8211231231689453
35 -3.5070202350616455
36 -3.5070371627807617
37 -3.5069756507873535
38 -3.506960391998291
39 -3.506934642791748
40 -3.4777276515960693
41 -3.47760272026062
42 -3.477736234664917
43 -3.477544069290161
44 -3.4774467945098877
45 -3.410400867462158
46 -3.4498393535614014
47 -3.4100499153137207
48 -3.4100615978240967
49 -3.4107937812805176
50 -3.657688856124878
51 -3.5853354930877686
52 -3.658656358718872
53 -3.657000780105591
54 -3.655872344970703
55 -3.6462697982788086
56 -3.644996166229248
57 -3.6496496200561523
58 -3.634732961654663
59 -3.647261619567871
60 -3.5715670585632324
61 -3.5715808868408203
62 -3.571600914001465
63 -3.5715343952178955
64 -3.5715718269348145
65 -3.165158271789551
66 -3.165238618850708
67 -3.165146589279175
68 -3.1653003692626953
69 -3.1653358936309814
70 -3.663057327270508
71 -3.6631574630737305
72 -3.6632730960845947
73 -3.6631107330322266
74 -3.6631758213043213
75 -3.4051125049591064
76 -3.423229694366455
77 -3.423278331756592
78 -3.2762198448181152
79 -3.4232261180877686
80 -3.5708718299865723
81 -3.601792812347412
82 -3.601529836654663
83 -3.601757049560547
84 -3.588576555252075
85 -3.6210107803344727
86 -3.6209194660186768
87 -3.6010966300964355
88 -3.6208009719848633
89 -3.620607614517212
90 -2.821110248565674
91 -2.8211002349853516
92 -2.821113348007202
93 -3.50700044631958
94 -3.50699520111084
95 -3.5070013999938965
96 -3.506998062133789
97 -3.506995677947998
98 -3.4777743816375732
99 -3.477651834487915
100 -3.4774866104125977
101 -3.4775187969207764
102 -3.477597236633301
103 -3.449820041656494
104 -3.4498214721679688
105 -3.4102234840393066
106 -3.449822187423706
107 -3.4098961353302
108 -3.6552114486694336
109 -3.6558847427368164
110 -3.6584596633911133
111 -3.6586475372314453
112 -3.65826678276062
113 -3.6477510929107666
114 -3.6473889350891113
115 -3.647528886795044
116 -3.6488122940063477
117 -3.6477274894714355
118 -3.571573257446289
119 -3.5715417861938477
120 -3.5716137886047363
121 -3.571563243865967
122 -3.5715582370758057
123 -3.1651413440704346
124 -3.165323257446289
125 -3.1652755737304688
126 -3.165203809738159
127 -3.1653130054473877
128 -3.663116693496704
129 -3.663001537322998
130 -3.6630804538726807
131 -3.662942409515381
132 -3.663261890411377
133 -3.4231598377227783
134 -3.4232380390167236
135 -3.423300266265869
136 -3.4232285022735596
137 -3.4232075214385986
138 -3.601715087890625
139 -3.588590145111084
140 -3.6018388271331787
141 -3.583298921585083
142 -3.601560354232788
143 -3.620960235595703
144 -3.6027746200561523
145 -3.621048927307129
146 -3.6210615634918213
147 -3.6207945346832275
148 -2.821108341217041
149 -2.8211112022399902
150 -2.821107864379883
151 -2.821110725402832
152 -2.821113348007202
153 -3.507021903991699
154 -3.506920576095581
155 -3.506990432739258
156 -3.5069468021392822
157 -3.507056474685669
158 -3.4775779247283936
159 -3.4776690006256104
160 -3.477513313293457
161 -3.4776008129119873
162 -3.477679491043091
163 -3.449594020843506
164 -3.41017484664917
165 -3.449718952178955
166 -3.449810028076172
167 -3.4496517181396484
168 -3.658360719680786
169 -3.6558754444122314
170 -3.6574716567993164
171 -3.654954195022583
172 -3.6556575298309326
173 -3.648421287536621
174 -3.6483840942382812
175 -3.6477389335632324
176 -3.6475582122802734
177 -3.6335861682891846
178 -3.571603298187256
179 -3.571516275405884
180 -3.5715200901031494
181 -3.5715222358703613
182 -3.5716018676757812
183 -3.1653051376342773
184 -3.165228843688965
185 -3.165334701538086
186 -3.165332794189453
187 -3.1653048992156982
188 -3.6630704402923584
189 -3.6632533073425293
190 -3.6630046367645264
191 -3.663064479827881
192 -3.663234233856201
193 -3.423274517059326
194 -3.423222064971924
195 -3.4232566356658936
196 -3.423210859298706
197 -3.4231879711151123
198 -3.601759433746338
199 -3.595912218093872
200 -3.588860034942627
201 -3.6015498638153076
202 -3.5885510444641113
203 -3.621150493621826
204 -3.603736400604248
205 -3.6050381660461426
206 -3.6208181381225586
207 -3.6211018562316895
208 -2.8211169242858887
209 -2.821108341217041
210 -2.8211123943328857
211 -2.821115255355835
212 -3.5069644451141357
213 -3.5070433616638184
214 -3.5069944858551025
215 -3.5069568157196045
216 -3.506958246231079
217 -3.4775421619415283
218 -3.4776194095611572
219 -3.4776532649993896
220 -3.477801561355591
221 -3.4775969982147217
222 -3.4497218132019043
223 -3.449789524078369
224 -3.4498207569122314
225 -3.4497761726379395
226 -3.409869432449341
227 -3.6583375930786133
228 -3.657946825027466
229 -3.5847747325897217
230 -3.657252550125122
231 -3.658367872238159
232 -3.646064281463623
233 -3.6489455699920654
234 -3.6475815773010254
235 -3.64776611328125
236 -3.64849591255188
237 -3.5715787410736084
238 -3.5715370178222656
239 -3.5715456008911133
240 -3.571601390838623
241 -3.5715389251708984
242 -3.1652917861938477
243 -3.165264129638672
244 -3.1653125286102295
245 -3.1653201580047607
246 -3.1653144359588623
247 -3.6631500720977783
248 -3.6632702350616455
249 -3.6631550788879395
250 -3.6632494926452637
251 -3.6628456115722656
252 -3.4232864379882812
253 -3.423247814178467
254 -3.423293352127075
255 -3.4232306480407715
256 -3.4231293201446533
257 -3.6017215251922607
258 -3.5888874530792236
259 -3.6009325981140137
260 -3.6017510890960693
261 -3.5704779624938965
262 -3.6015195846557617
263 -3.6210038661956787
264 -3.6207873821258545
265 -3.621065855026245
266 -3.6211938858032227
267 -2.8211145401000977
268 -2.821107864379883
269 -2.8211169242858887
270 -2.8211073875427246
271 -3.507061243057251
272 -3.506920337677002
273 -3.5070080757141113
274 -3.5070254802703857
275 -3.507021427154541
276 -3.477663278579712
277 -3.4776649475097656
278 -3.4775803089141846
279 -3.477630853652954
280 -3.4776813983917236
281 -3.449612855911255
282 -3.4498305320739746
283 -3.4102509021759033
284 -3.4100661277770996
285 -3.4100921154022217
286 -3.657648801803589
287 -3.6558685302734375
288 -3.658508062362671
289 -3.657088041305542
290 -3.658611297607422
291 -3.6487245559692383
292 -3.6329262256622314
293 -3.6475882530212402
294 -3.649083137512207
295 -3.6489462852478027
296 -3.57155179977417
297 -3.571530342102051
298 -3.5715250968933105
299 -3.571554183959961
300 -3.5715746879577637
301 -3.1653201580047607
302 -3.165309190750122
303 -3.1652400493621826
304 -3.1653366088867188
305 -3.1653366088867188
306 -3.6631832122802734
307 -3.662985324859619
308 -3.663064479827881
309 -3.6629576683044434
310 -3.663051128387451
311 -3.423205614089966
312 -3.423194169998169
313 -3.423189163208008
314 -3.4232630729675293
315 -3.4232468605041504
316 -3.6018049716949463
317 -3.601702928543091
318 -3.5886175632476807
319 -3.5885517597198486
320 -3.5888266563415527
321 -3.6004655361175537
322 -3.6210899353027344
323 -3.6208713054656982
324 -3.602062702178955
325 -3.6209347248077393
326 -2.8211135864257812
327 -2.821110725402832
328 -2.8211050033569336
329 -2.8211121559143066
330 -2.8211007118225098
331 -3.50699520111084
332 -3.5070109367370605
333 -3.5069739818573
334 -3.5070793628692627
335 -3.506992816925049
336 -3.477572202682495
337 -3.477663040161133
338 -3.477560043334961
339 -3.477607011795044
340 -3.477553129196167
341 -3.4498062133789062
342 -3.449841022491455
343 -3.4498114585876465
344 -3.3229968547821045
345 -3.284358263015747
346 -3.6566383838653564
347 -3.6586601734161377
348 -3.657799482345581
349 -3.6562278270721436
350 -3.6584177017211914
351 -3.647184133529663
352 -3.651064872741699
353 -3.6471328735351562
354 -3.6497392654418945
355 -3.648030996322632
356 -3.571526050567627
357 -3.5715725421905518
358 -3.571549415588379
359 -3.571563243865967
360 -3.5715889930725098
361 -3.1651268005371094
362 -3.1652610301971436
363 -3.165125608444214
364 -3.16515851020813
365 -3.165220260620117
366 -3.662808656692505
367 -3.6630570888519287
368 -3.66312837600708
369 -3.6631360054016113
370 -3.6631484031677246
371 -3.4232401847839355
372 -3.4232490062713623
373 -3.4232935905456543
374 -3.423222303390503
375 -3.423264741897583
376 -3.6018126010894775
377 -3.6018335819244385
378 -3.601741313934326
379 -3.588627338409424
380 -3.5888590812683105
381 -3.620105743408203
382 -3.6208486557006836
383 -3.6039793491363525
384 -3.6212263107299805
385 -3.6212146282196045
386 -2.8211112022399902
387 -2.82112193107605
388 -2.821106433868408
389 -2.821113109588623
390 -2.821103811264038
391 -3.5069470405578613
392 -3.5069966316223145
393 -3.507009506225586
394 -3.5069706439971924
395 -3.5070760250091553
396 -3.4776432514190674
397 -3.477492094039917
398 -3.4775149822235107
399 -3.477726936340332
400 -3.477494478225708
401 -3.449798107147217
402 -3.4495880603790283
403 -3.4497857093811035
404 -3.4498257637023926
405 -3.4497694969177246
406 -3.657780408859253
407 -3.658701181411743
408 -3.6571743488311768
409 -3.658879041671753
410 -3.6549489498138428
411 -3.648756504058838
412 -3.648085594177246
413 -3.648261547088623
414 -3.646306276321411
415 -3.648939609527588
416 -3.5716118812561035
417 -3.5715231895446777
418 -3.5715739727020264
419 -3.5716142654418945
420 -3.5716166496276855
421 -3.1653201580047607
422 -3.165287971496582
423 -3.165144681930542
424 -3.1651771068573
425 -3.1653048992156982
426 -3.6633245944976807
427 -3.6631455421447754
428 -3.6632437705993652
429 -3.6631155014038086
430 -3.6629438400268555
431 -3.4232735633850098
432 -3.423234462738037
433 -3.423253297805786
434 -3.423241138458252
435 -3.423205614089966
436 -3.588871717453003
437 -3.5957701206207275
438 -3.6018874645233154
439 -3.588876247406006
440 -3.588683843612671
441 -3.6209728717803955
442 -3.6209309101104736
443 -3.6020023822784424
444 -3.6209864616394043
445 -3.6210529804229736
446 -2.8211026191711426
447 -2.8211183547973633
448 -2.8211116790771484
449 -2.8211069107055664
450 -3.507009744644165
451 -3.5070114135742188
452 -3.507021427154541
453 -3.506924629211426
454 -3.5070478916168213
455 -3.47745418548584
456 -3.4775755405426025
457 -3.4776315689086914
458 -3.477745771408081
459 -3.4776155948638916
460 -3.409968852996826
461 -3.41046404838562
462 -3.4100677967071533
463 -3.4496216773986816
464 -3.4099888801574707
465 -3.658263921737671
466 -3.658599615097046
467 -3.6580817699432373
468 -3.6586849689483643
469 -3.6565825939178467
470 -3.6499176025390625
471 -3.6464145183563232
472 -3.6489200592041016
473 -3.6491525173187256
474 -3.648135185241699
475 -3.5716116428375244
476 -3.571568489074707
477 -3.5715315341949463
478 -3.571572780609131
479 -3.571537971496582
480 -3.1653261184692383
481 -3.165224075317383
482 -3.1653316020965576
483 -3.165297269821167
484 -3.1653051376342773
485 -3.6630406379699707
486 -3.6631951332092285
487 -3.6632301807403564
488 -3.6632237434387207
489 -3.6631391048431396
490 -3.4232113361358643
491 -3.423226833343506
492 -3.4232285022735596
493 -3.4052319526672363
494 -3.423224687576294
495 -3.588837146759033
496 -3.588768720626831
497 -3.6017136573791504
498 -3.6017513275146484
499 -3.5887789726257324
500 -3.6210107803344727
501 -3.621290445327759
502 -3.621084451675415
503 -3.62111496925354
504 -3.620976686477661
505 -2.8211002349853516
506 -2.821122646331787
507 -2.8211097717285156
508 -2.8211159706115723
509 -3.506997585296631
510 -3.507042407989502
511 -3.5069258213043213
512 -3.5070199966430664
513 -3.5070817470550537
514 -3.4775116443634033
515 -3.477764129638672
516 -3.477560043334961
517 -3.477534294128418
518 -3.47745418548584
519 -3.4497780799865723
520 -3.4496562480926514
521 -3.4495816230773926
522 -3.4099040031433105
523 -3.449556350708008
524 -3.6568710803985596
525 -3.655431032180786
526 -3.6563186645507812
527 -3.6586809158325195
528 -3.6557586193084717
529 -3.6480226516723633
530 -3.6508922576904297
531 -3.6453733444213867
532 -3.6337890625
533 -3.646991014480591
534 -3.571611166000366
535 -3.5715227127075195
536 -3.571554660797119
537 -3.5715529918670654
538 -3.5715603828430176
539 -3.1653223037719727
540 -3.1653354167938232
541 -3.1652042865753174
542 -3.1653225421905518
543 -3.1653358936309814
544 -3.6633291244506836
545 -3.6632375717163086
546 -3.663235664367676
547 -3.663362741470337
548 -3.663147449493408
549 -3.4231605529785156
550 -3.42327618598938
551 -3.423182725906372
552 -3.4232609272003174
553 -3.4232113361358643
554 -3.5703799724578857
555 -3.6014606952667236
556 -3.5708820819854736
557 -3.6018662452697754
558 -3.6016087532043457
559 -3.60200834274292
560 -3.5859460830688477
561 -3.620652914047241
562 -3.6211700439453125
563 -3.604121685028076
564 -2.8211069107055664
565 -2.8211236000061035
566 -2.8211092948913574
567 -2.82110857963562
568 -2.8211004734039307
569 -3.5069878101348877
570 -3.5069820880889893
571 -3.5070009231567383
572 -3.5069518089294434
573 -3.507054090499878
574 -3.477678060531616
575 -3.4777581691741943
576 -3.4777190685272217
577 -3.4774551391601562
578 -3.4776363372802734
579 -3.4498019218444824
580 -3.449740171432495
581 -3.410046100616455
582 -3.410243272781372
583 -3.449720859527588
584 -3.658768653869629
585 -3.6566781997680664
586 -3.6552841663360596
587 -3.6585922241210938
588 -3.654679298400879
589 -3.6502487659454346
590 -3.6459760665893555
591 -3.6476120948791504
592 -3.649113893508911
593 -3.6478028297424316
