0 -6.630631673333333
1 -6.514837983333333
2 -6.51483348
3 -6.452726671666667
4 -6.514785726666666
5 -6.8920091516666675
6 -6.590823768333333
7 -6.630311231666666
8 -6.773089586666667
9 -6.835060856666666
10 -6.813179608333333
11 -7.375330008333333
12 -6.854825456666667
13 -7.256936111666666
14 -6.790060958333332
15 -6.9080662649999995
16 -6.898060423333334
17 -7.501026076666666
18 -6.835330443333333
19 -6.717955855
20 -6.93146109
21 -6.719020176666667
22 -6.891892221666667
23 -6.694931541666667
24 -6.854279333333333
25 -6.909014866666666
26 -6.7465136716666665
27 -7.254370093333333
28 -7.499598548333334
29 -6.7433234266666675
30 -6.897808783333333
31 -6.8145240933333335
32 -7.498934798333334
33 -6.898171896666667
34 -7.499721936666666
35 -6.742719918333332
36 -6.813029543333333
37 -6.835233463333334
38 -6.892091851666667
39 -6.828822573333333
40 -6.893291250000001
41 -6.897737551666666
42 -7.499437156666667
43 -6.8189665533333335
44 -6.931587298333333
45 -6.822630161666666
46 -6.851148098333334
47 -7.498331104999999
48 -6.897826613333333
49 -6.822810841666667
50 -6.908079843333333
51 -7.4982123866666655
52 -7.3787894099999995
53 -7.378897818333333
54 -6.743053105
55 -6.835233465000001
56 -7.497351709999999
57 -6.842447338333334
58 -6.892577571666667
59 -6.8914310516666655
60 -6.745718756666665
61 -6.7444766183333345
62 -7.4990853
63 -6.929999726666666
64 -6.7433234266666675
65 -6.891706586666667
66 -6.790012016666668
67 -6.931650248333334
68 -7.499605093333333
69 -7.499054771666667
70 -7.375745213333334
71 -6.8977376066666665
72 -6.821273045000001
73 -6.898147175000001
74 -6.856167288333334
75 -6.908762156666666
76 -6.745775461666667
77 -6.743323425000001
78 -6.746518623333333
79 -7.374864493333334
80 -6.835248936666666
81 -6.930061405
82 -7.500325661666667
83 -6.590958373333334
84 -6.8922473716666675
85 -6.897826613333333
86 -6.897826613333333
87 -7.498090736666668
88 -7.491716036666666
89 -6.908731836666667
90 -6.891309308333334
91 -6.931628955
92 -6.754671658333334
93 -6.907504385
94 -6.908818053333333
95 -6.893230515
96 -7.372521588333334
97 -6.889977458333334
98 -7.256619086666666
99 -7.500996956666667
100 -7.50101264
101 -7.5017978266666665
102 -6.514840808333333
103 -6.868193106666666
104 -6.856499669999999
105 -7.378467186666666
106 -6.892216605000001
107 -6.897630833333333
108 -7.499458435
109 -6.8976854833333325
110 -6.907579671666666
111 -6.742928446666666
112 -6.896920221666668
113 -6.790000233333333
114 -6.868339039999999
115 -6.743323425000001
116 -6.89758131
117 -6.8353086083333325
118 -6.897826613333333
119 -7.499491081666666
120 -6.832984223333334
121 -6.931558843333334
122 -6.835287713333334
123 -6.743434118333334
124 -6.891857843333333
125 -6.742428620000001
126 -6.931616861666668
127 -6.894050449999999
128 -7.498019553333332
129 -7.3749052100000005
130 -6.068274621666667
131 -6.907568983333334
132 -6.7462497966666675
133 -6.7896687133333335
134 -7.500186938333332
135 -7.4993042516666675
136 -6.907941553333334
137 -6.700654096666667
138 -6.897826613333333
139 -7.373130678333333
140 -6.892945348333332
141 -6.892871680000002
142 -7.498769644999999
143 -6.908098549999999
144 -7.375888704999999
145 -6.854556211666666
146 -6.833014423333332
147 -6.7430775433333325
148 -6.8938351849999995
149 -6.7429245799999995
150 -6.7425290250000005
151 -6.8152467083333335
152 -7.497867041666667
153 -7.4976514016666655
154 -7.497691015000001
155 -7.374695268333333
156 -7.374733376666668
157 -6.577035565
158 -6.835274429999999
159 -6.8933655883333325
160 -6.897907873333334
161 -6.815450170000001
162 -6.5879982283333325
163 -6.813068046666667
164 -6.8961583666666675
165 -6.892002081666667
166 -7.378751375
167 -6.743067115
168 -7.372568363333333
169 -6.850304215
170 -6.742274255000001
171 -6.890634519999999
172 -7.497988391666667
173 -6.8213207716666675
174 -6.835411130000001
175 -6.8200312
176 -7.50117772
177 -6.69923081
178 -6.746231653333333
179 -6.907792118333333
180 -6.90868601
181 -6.893632189999999
182 -6.743139485
183 -6.833401095
184 -7.499718943333334
185 -7.497993001666667
186 -6.931618486666667
187 -6.854806065000001
188 -6.835138495000002
189 -6.908831071666666
190 -7.497951124999999
191 -6.931590643333333
192 -6.894925981666667
193 -7.498821383333333
194 -6.442732851666666
195 -6.835050783333333
196 -6.741400601666666
197 -6.581950689999999
198 -6.894217126666667
199 -7.500438716666667
