0 -5.2242498699999995
1 -5.074231541666667
2 -4.75485017
3 -4.764168825
4 -5.464963406666667
5 -6.365530709999999
6 -5.522485728333334
7 -5.427055783333334
8 -5.814680268333333
9 -6.34074463
10 -6.504212535000001
11 -5.846668113333333
12 -6.377607628333333
13 -6.311535213333333
14 -6.174434516666666
15 -6.558328458333334
16 -6.522615115000001
17 -6.750436991666667
18 -6.585016086666666
19 -5.962210890000001
20 -6.406602146666667
21 -6.3980447
22 -6.62575742
23 -6.303162019999999
24 -5.879840025
25 -6.5949406716666665
26 -5.917992253333334
27 -6.469179178333334
28 -7.128144915000001
29 -6.441746259999999
30 -6.631122996666666
31 -5.4017311
32 -7.38867935
33 -6.578265446666666
34 -7.472756025
35 -6.495317301666668
36 -5.992347734999999
37 -6.585017578333333
38 -6.539335216666667
39 -6.437209738333333
40 -6.3988790416666665
41 -6.597105063333334
42 -6.635058895
43 -6.137742530000001
44 -6.301082488333335
45 -6.056679885
46 -6.242987289999999
47 -6.828901091666666
48 -6.71330682
49 -5.976313076666667
50 -6.356791631666667
51 -6.8661134
52 -6.502746111666667
53 -6.586613803333333
54 -5.593587768333333
55 -6.585017578333333
56 -7.476944141666666
57 -6.110339336666667
58 -6.593474475
59 -6.476996521666667
60 -6.309276231666666
61 -5.962611108333333
62 -7.468513678333333
63 -6.514611906666666
64 -6.441746259999999
65 -6.445837148333333
66 -6.654702598333333
67 -6.528019126666667
68 -7.123793241666667
69 -6.550790501666668
70 -6.200614943333334
71 -6.710135336666666
72 -6.604465331666667
73 -6.71330836
74 -6.196331968333333
75 -6.298966566666667
76 -6.458129461666668
77 -6.441746259999999
78 -6.348091586666666
79 -6.2741177383333335
80 -6.5850186766666665
81 -6.282994485
82 -7.061994948333335
83 -5.853600045
84 -6.349696025
85 -6.71330682
86 -6.71330682
87 -4.473687271666666
88 -7.365439841666666
89 -5.645978396666667
90 -5.539483096666667
91 -6.491200868333333
92 -6.536726435000001
93 -6.670283951666666
94 -4.9214780283333335
95 -6.524561923333334
96 -6.734803611666666
97 -6.208446106666666
98 -6.398336146666668
99 -7.39990061
100 -7.314658261666666
101 -7.472286695
102 -6.079354833333333
103 -6.494831703333335
104 -6.194363233333333
105 -6.357812128333333
106 -6.713688745000002
107 -6.858347411666666
108 -7.097894888333333
109 -6.712890396666666
110 -6.427445596666668
111 -6.536341883333333
112 -6.067722338333333
113 -6.058102833333333
114 -6.078134973333334
115 -6.441746259999999
116 -6.710517288333333
117 -6.336719418333334
118 -6.71330682
119 -7.482964488333334
120 -6.754518221666667
121 -6.3896273
122 -6.5369513999999995
123 -6.3130289033333336
124 -6.584129263333334
125 -6.548128974999998
126 -6.396063553333334
127 -4.59035034
128 -5.612968846666668
129 -6.671971758333334
130 -5.834104715
131 -6.681987156666666
132 -6.051334036666667
133 -6.275359268333333
134 -7.243147738333332
135 -7.369533968333333
136 -6.657404916666667
137 -5.928565405
138 -6.71330682
139 -7.267844198333333
140 -6.426389329999999
141 -5.730001941666665
142 -7.103208281666666
143 -6.613614388333333
144 -6.922225730000001
145 -6.400025351666667
146 -6.754518221666667
147 -5.906825985
148 -6.426389329999999
149 -5.441953646666666
150 -6.258484836666665
151 -6.273328706666667
152 -6.875454206666666
153 -7.35277503
154 -7.462781896666666
155 -6.318344178333334
156 -7.096400686666667
157 -5.889134046666666
158 -6.541098663333333
159 -6.181374013333333
160 -6.547498283333334
161 -6.261195046666667
162 -5.702326113333334
163 -5.774068333333333
164 -6.853247065000001
165 -6.5442884150000005
166 -5.339579296666668
167 -6.360254011666666
168 -6.981088013333334
169 -6.192030268333333
170 -6.169600918333334
171 -6.609029133333333
172 -6.741200056666667
173 -6.627672218333333
174 -6.588905601666667
175 -6.491275515000001
176 -7.305993365
177 -6.136442453333333
178 -6.372795471666667
179 -5.965195734999999
180 -6.487953484999999
181 -6.3364251733333345
182 -6.430153196666666
183 -6.471987051666666
184 -7.472756468333333
185 -6.698732075
186 -6.087013568333332
187 -6.175983118333334
188 -6.300488205000001
189 -5.906552061666667
190 -5.764247553333333
191 -6.176928756666666
192 -6.521004479999999
193 -6.648348008333333
194 -6.024218091666667
195 -6.57683699
196 -6.467122401666667
197 -6.039486995000001
198 -6.398328443333334
199 -6.591608975000001
