0 -7.990004403250558
1 -8.054564339773995
2 -7.9893646240234375
3 -8.088342939104352
4 -8.003126961844307
5 -8.127306256975446
6 -7.802434648786273
7 -7.851561410086496
8 -8.043304443359375
9 -8.146607535226005
10 -7.926811218261719
11 -8.062183925083705
12 -8.065972464425224
13 -8.064915248325892
14 -7.908809116908482
15 -8.272884913853236
16 -8.04447501046317
17 -7.912205287388393
18 -7.962403433663504
19 -8.112112862723214
20 -7.905147007533482
21 -7.947218758719308
22 -7.9041562761579245
23 -8.109403337751116
24 -7.893171037946429
25 -8.102462768554688
26 -7.996270315987723
27 -7.879125322614398
28 -8.044117518833705
29 -8.14145006452288
30 -7.965173993791852
31 -7.955793108258929
32 -7.917354038783482
33 -7.9386171613420755
34 -7.911431448800223
35 -8.023413521902901
36 -8.051786150251116
37 -8.08479745047433
38 -8.048510960170201
39 -8.067781720842634
40 -7.962586539132254
41 -7.861846923828125
42 -8.08902086530413
43 -8.183845520019531
44 -8.038651602608818
45 -8.085129874093193
46 -7.959790910993304
47 -7.980771745954241
48 -8.116112845284599
49 -7.861619131905692
50 -8.018341064453125
51 -8.008801051548549
52 -7.877507890973773
53 -7.977363586425781
54 -8.013220650809151
55 -8.05703626360212
56 -7.9687619890485495
57 -8.067278180803571
58 -7.937926156180246
59 -8.11276136125837
60 -7.86760493687221
61 -8.127718244280134
62 -8.158266339983259
63 -7.93207768031529
64 -7.897681100027902
65 -7.944529942103794
66 -7.983622959681919
67 -7.953775678362165
68 -7.998826163155692
69 -7.982089451381138
70 -8.089634486607142
71 -8.011160714285714
72 -8.050382341657366
73 -7.926353454589844
74 -7.918642316545759
75 -7.968396868024554
76 -8.104840959821429
77 -7.795237949916294
78 -7.973139081682477
79 -7.878113882882254
80 -7.958518981933594
81 -8.01621573311942
82 -7.948958260672433
83 -8.031855991908483
84 -8.08158438546317
85 -7.995255606515067
86 -8.061189923967634
87 -7.9136199951171875
88 -7.997250148228237
89 -7.989082336425781
90 -8.075926644461495
91 -7.875497000558036
92 -7.955901009695871
93 -8.09589603969029
94 -7.932261875697544
95 -8.105560302734375
96 -8.210220336914062
97 -8.144397190638951
98 -7.971225193568638
99 -8.100567408970424
100 -7.9835390363420755
101 -8.002159118652344
102 -7.993430001395089
103 -8.041639055524554
104 -7.972200666155134
105 -8.077061244419642
106 -8.048473903111049
107 -7.9982485089983255
108 -7.954559326171875
109 -7.933247157505581
110 -7.984394618443081
111 -7.9737668718610495
112 -7.937141418457031
113 -8.003016880580358
114 -7.984994070870536
115 -7.925917489188058
116 -8.089202880859375
117 -7.9654726300920755
118 -7.8803253173828125
119 -7.929176330566406
120 -7.969631740025112
121 -8.057015555245536
122 -7.984598432268415
123 -7.845659528459821
124 -7.948126656668527
125 -7.947190420968192
126 -8.002163478306361
127 -8.162669590541295
128 -8.039006914411273
129 -8.225265502929688
130 -7.8658872331891745
131 -7.874620710100446
132 -8.084813799176898
133 -7.903223310198102
134 -8.045682634626116
135 -8.002943856375557
136 -8.049388340541295
137 -8.039180210658483
138 -8.134205409458705
139 -7.915916442871094
140 -7.9632143293108255
141 -8.013422284807477
142 -7.963820321219308
143 -8.041115897042411
144 -8.068251473563057
145 -7.907941545758929
146 -8.066307067871094
147 -7.940523420061384
148 -8.061374119349889
149 -8.022506713867188
150 -7.99024418422154
151 -8.123853410993304
152 -8.0181884765625
153 -8.047101702008929
154 -8.004081726074219
155 -7.953679765973773
156 -8.05652836390904
157 -7.931586129324777
158 -8.017179216657366
159 -7.86217280796596
160 -8.008431570870536
161 -8.091724940708705
162 -7.921694074358259
163 -7.997205461774554
164 -7.9582399640764505
165 -7.8854522705078125
166 -7.979341779436384
167 -8.004265921456474
168 -8.14347403390067
169 -7.923833574567523
170 -8.040483747209821
171 -7.889527457101004
172 -8.000441414969307
173 -8.043726239885602
174 -8.032217843191964
175 -7.627710614885602
176 -7.627710614885602
177 -7.637932913643973
178 -7.714716230119977
179 -7.694868905203683
180 -7.936317443847656
181 -7.984825134277344
182 -8.104661124093193
183 -7.734137398856027
184 -8.043450491768974
185 -7.921756199428013
186 -7.9613037109375
187 -7.9955629621233255
188 -8.045046125139509
189 -8.156644548688616
190 -8.133105686732701
191 -7.954424176897321
192 -8.090457371303014
193 -7.872246878487723
194 -7.912088666643415
195 -8.006787981305804
196 -8.054033551897321
197 -7.919076102120536
198 -8.030931745256696
199 -8.067825317382812
