0 -8.211248125348773
1 -8.247877938406807
2 -8.240167890276227
3 -8.272537231445312
4 -8.26778084891183
5 -8.274442400251116
6 -8.205156598772321
7 -8.309427533830915
8 -8.269962855747767
9 -8.321962629045759
10 -8.16106196812221
11 -8.248237609863281
12 -8.22842298235212
13 -8.255468096051898
14 -8.22046879359654
15 -8.3349609375
16 -8.230675833565849
17 -8.256348746163505
18 -8.308816092354911
19 -8.258354187011719
20 -8.237540108816964
21 -8.214141845703125
22 -8.244052342006139
23 -8.248937334333148
24 -8.229042053222656
25 -8.309744698660714
26 -8.313058035714286
27 -8.219387599400111
28 -8.247256687709264
29 -8.32865469796317
30 -8.206968035016741
31 -8.178530011858259
32 -8.275108337402344
33 -8.231868198939733
34 -8.221609933035714
35 -8.240675789969307
36 -8.250066484723773
37 -8.334943498883929
38 -8.332533700125557
39 -8.248861040387835
40 -8.228712899344307
41 -8.165569850376674
42 -8.198675973074776
43 -8.334955487932477
44 -8.24835205078125
45 -8.255871364048549
46 -8.230857849121094
47 -8.332615443638392
48 -8.308661324637276
49 -8.241995675223214
50 -8.232616969517299
51 -8.195939200265068
52 -8.246202741350446
53 -8.334959847586495
54 -8.251366751534599
55 -8.24166979108538
56 -8.234801156180245
57 -8.26349857875279
58 -8.185531616210938
59 -8.237024579729352
60 -8.239324297223773
61 -8.249250139508929
62 -8.332492283412389
63 -8.257752554757255
64 -8.261751447405134
65 -8.163192749023438
66 -8.332533700125557
67 -8.236856733049665
68 -8.211022513253349
69 -8.255328587123326
70 -8.321924482073102
71 -8.258711678641182
72 -8.328719002859932
73 -8.33495112827846
74 -8.146942138671875
75 -8.235414777483259
76 -8.267133440290179
77 -8.176046098981585
78 -8.265143258231026
79 -8.237845284598214
80 -8.212206159319196
81 -8.282272338867188
82 -8.234551565987724
83 -8.235844203404017
84 -8.256467546735491
85 -8.293164934430804
86 -8.18723624093192
87 -8.235731942313057
88 -8.321958269391741
89 -8.23799569266183
90 -8.268165588378906
91 -8.215182713099889
92 -8.255487714494977
93 -8.24777112688337
94 -8.256628853934151
95 -8.262639726911273
96 -8.334981645856585
97 -8.285057067871094
98 -8.260719299316406
99 -8.31004878452846
100 -8.236010960170201
101 -8.257122584751674
102 -8.317022051130023
103 -8.27318355015346
104 -8.218106951032366
105 -8.23255375453404
106 -8.227398463657924
107 -8.243246895926339
108 -8.252796718052455
109 -8.25302015032087
110 -8.250342232840401
111 -8.327317374093193
112 -8.328734261648995
113 -8.272574288504464
114 -8.243740626743861
115 -8.222773960658483
116 -8.33495112827846
117 -8.196610586983818
118 -8.174068995884486
119 -8.172694614955358
120 -8.224541800362724
121 -8.258041381835938
122 -8.280499049595424
123 -8.066773550851005
124 -8.178078787667411
125 -8.17844717843192
126 -8.33253914969308
127 -8.334989275251116
128 -8.273006984165736
129 -8.334963117327009
130 -8.166361127580915
131 -8.205953325544085
132 -8.240158081054688
133 -8.242942810058594
134 -8.321947370256696
135 -8.24229976109096
136 -8.332498822893415
137 -8.237347194126674
138 -8.256717136928014
139 -8.209963117327009
140 -8.236621311732701
141 -8.268050057547432
142 -8.243804931640625
143 -8.231772286551339
144 -8.21254403250558
145 -8.188636779785156
146 -8.269823346819196
147 -8.225183759416852
148 -8.233516148158483
149 -8.310721261160714
150 -8.227028982979911
151 -8.248648507254464
152 -8.327490670340401
153 -8.334965297154017
154 -8.250906808035714
155 -8.22764151436942
156 -8.260613577706474
157 -8.215714590890068
158 -8.240832737513951
159 -8.219353812081474
160 -8.235081263950892
161 -8.310077122279576
162 -8.149286542619977
163 -8.247074672154017
164 -8.266941615513392
165 -8.21270751953125
166 -8.193129403250557
167 -8.199159894670759
168 -8.334898812430245
169 -8.304849897112165
170 -8.278679983956474
171 -8.235884530203682
172 -8.251411437988281
173 -8.280614580426898
174 -8.317098345075335
175 -8.160072326660156
176 -8.160073416573661
177 -8.217003958565849
178 -8.174904959542411
179 -8.139766148158483
180 -8.187496730259486
181 -8.227463858468193
182 -8.304715837751116
183 -8.213059561593193
184 -8.27146475655692
185 -8.172045026506696
186 -8.221559797014509
187 -8.225543430873326
188 -8.212572370256696
189 -8.321842738560267
190 -8.259241376604352
191 -8.216082981654576
192 -8.254510062081474
193 -8.233391898018974
194 -8.318826947893415
195 -8.253088814871651
196 -8.24188232421875
197 -8.239254542759486
198 -8.254115513392858
199 -8.232210431780134
