0 -4.5956220626831055
1 -4.679971694946289
2 -4.623441219329834
3 -4.649346828460693
4 -4.632045745849609
5 -4.670790195465088
6 -4.595610618591309
7 -4.5616021156311035
8 -4.609049320220947
9 -4.634866237640381
10 -4.602276802062988
11 -4.619351387023926
12 -4.633825302124023
13 -4.648488521575928
14 -4.618300914764404
15 -4.609208583831787
16 -4.654184341430664
17 -4.578025817871094
18 -4.576982021331787
19 -4.559630870819092
20 -4.624166488647461
21 -4.5812087059021
22 -4.668483734130859
23 -4.624262809753418
24 -4.62277889251709
25 -4.611757755279541
26 -4.645442008972168
27 -4.616442680358887
28 -4.591235160827637
29 -4.597173690795898
30 -4.562884330749512
31 -4.611713886260986
32 -4.5696845054626465
33 -4.633973598480225
34 -4.626081466674805
35 -4.6633501052856445
36 -4.640775680541992
37 -4.588865280151367
38 -4.6066999435424805
39 -4.635015487670898
40 -4.63316535949707
41 -4.610598087310791
42 -4.6395344734191895
43 -4.648473262786865
44 -4.548761367797852
45 -4.61850643157959
46 -4.622298240661621
47 -4.595815658569336
48 -4.57366418838501
49 -4.611195087432861
50 -4.627880096435547
51 -4.58070182800293
52 -4.613899230957031
53 -4.6659064292907715
54 -4.626671314239502
55 -4.624822616577148
56 -4.632415294647217
57 -4.580654144287109
58 -4.606032371520996
59 -4.584737300872803
60 -4.6379241943359375
61 -4.689720153808594
62 -4.656778812408447
63 -4.5652174949646
64 -4.603761672973633
65 -4.629303455352783
66 -4.585798263549805
67 -4.582335472106934
68 -4.628549098968506
69 -4.630738735198975
70 -4.639299392700195
71 -4.6309309005737305
72 -4.635238170623779
73 -4.615138053894043
74 -4.612260341644287
75 -4.59591007232666
76 -4.629037857055664
77 -4.663883686065674
78 -4.61924934387207
79 -4.559943199157715
80 -4.65276575088501
81 -4.603843688964844
82 -4.623384952545166
83 -4.583050727844238
84 -4.6008172035217285
85 -4.610075950622559
86 -4.575677394866943
87 -4.582667350769043
88 -4.598940849304199
89 -4.634700775146484
90 -4.643942832946777
91 -4.608111381530762
92 -4.597202301025391
93 -4.6164469718933105
94 -4.6247968673706055
95 -4.613227367401123
96 -4.599533557891846
97 -4.63668155670166
98 -4.687225818634033
99 -4.601696014404297
100 -4.6339826583862305
101 -4.6163129806518555
102 -4.584897041320801
103 -4.571759223937988
104 -4.615918159484863
105 -4.575818061828613
106 -4.595155715942383
107 -4.62374210357666
108 -4.646348476409912
109 -4.640202045440674
110 -4.613222122192383
111 -4.639004707336426
112 -4.568674087524414
113 -4.541654586791992
114 -4.656368255615234
115 -4.577007293701172
116 -4.599355220794678
117 -4.61664342880249
118 -4.613574028015137
119 -4.603014945983887
120 -4.646653652191162
121 -4.617586612701416
122 -4.633893013000488
123 -4.577132225036621
124 -4.582796096801758
125 -4.600987434387207
126 -4.56696891784668
127 -4.598030090332031
128 -4.620066165924072
129 -4.605574607849121
130 -4.606708526611328
131 -4.607454299926758
132 -4.619099140167236
133 -4.543492317199707
134 -4.60957670211792
135 -4.5901618003845215
136 -4.640020847320557
137 -4.603360176086426
138 -4.62229061126709
139 -4.530533790588379
140 -4.602200508117676
141 -4.618755340576172
142 -4.570905685424805
143 -4.60302734375
144 -4.630216598510742
145 -4.671660900115967
146 -4.57857608795166
147 -4.585179328918457
148 -4.610850811004639
149 -4.665721416473389
150 -4.617429733276367
151 -4.6091203689575195
152 -4.6044087409973145
153 -4.605637550354004
154 -4.611159801483154
155 -4.616722583770752
156 -4.6388258934021
157 -4.604785442352295
158 -4.678025722503662
159 -4.656745433807373
160 -4.565781116485596
161 -4.559436798095703
162 -4.60488748550415
163 -4.625007152557373
164 -4.537115097045898
165 -4.635894775390625
166 -4.6093244552612305
167 -4.614246368408203
168 -4.593583106994629
169 -4.6059465408325195
170 -4.559774875640869
171 -4.6230244636535645
172 -4.662413120269775
173 -4.609983921051025
174 -4.647983551025391
175 -4.641355514526367
176 -4.603537559509277
177 -4.55416202545166
178 -4.6509623527526855
179 -4.6022539138793945
180 -4.629326820373535
181 -4.579064846038818
182 -4.628938674926758
183 -4.582674980163574
184 -4.627377033233643
185 -4.651015281677246
186 -4.612005710601807
187 -4.624288082122803
188 -4.582295894622803
189 -4.614509582519531
190 -4.62950325012207
191 -4.620427131652832
192 -4.608905792236328
193 -4.604590892791748
194 -4.636280536651611
195 -4.645467758178711
196 -4.560517311096191
197 -4.59212589263916
198 -4.627979278564453
199 -4.606513977050781
