0 -4.814244747161865
1 -4.823812007904053
2 -4.820173263549805
3 -4.817286491394043
4 -4.817251205444336
5 -4.8206562995910645
6 -4.815650939941406
7 -4.814924240112305
8 -4.815793514251709
9 -4.817964553833008
10 -4.814456462860107
11 -4.812826156616211
12 -4.814695835113525
13 -4.82381534576416
14 -4.81924295425415
15 -4.820364952087402
16 -4.817437171936035
17 -4.812931060791016
18 -4.819676876068115
19 -4.8151092529296875
20 -4.817201137542725
21 -4.820066928863525
22 -4.817822456359863
23 -4.819701194763184
24 -4.819448471069336
25 -4.812736988067627
26 -4.813015937805176
27 -4.815920829772949
28 -4.81479549407959
29 -4.816902160644531
30 -4.819923400878906
31 -4.815268516540527
32 -4.81532096862793
33 -4.814698219299316
34 -4.821411609649658
35 -4.811868667602539
36 -4.81651496887207
37 -4.820946216583252
38 -4.81876802444458
39 -4.820839881896973
40 -4.811401844024658
41 -4.816150665283203
42 -4.82156229019165
43 -4.813525199890137
44 -4.811394691467285
45 -4.811277389526367
46 -4.820073127746582
47 -4.819891929626465
48 -4.821103096008301
49 -4.8179931640625
50 -4.810725212097168
51 -4.817634582519531
52 -4.813652038574219
53 -4.821927547454834
54 -4.8225908279418945
55 -4.821700572967529
56 -4.82184362411499
57 -4.814478874206543
58 -4.818877696990967
59 -4.819546699523926
60 -4.81694221496582
61 -4.8160858154296875
62 -4.81417179107666
63 -4.815151691436768
64 -4.81643009185791
65 -4.817596912384033
66 -4.810181140899658
67 -4.814241886138916
68 -4.817988395690918
69 -4.817241191864014
70 -4.820468425750732
71 -4.817573070526123
72 -4.816988945007324
73 -4.8153300285339355
74 -4.817661285400391
75 -4.817588806152344
76 -4.805805683135986
77 -4.813790798187256
78 -4.811875820159912
79 -4.810388088226318
80 -4.817741394042969
81 -4.817043781280518
82 -4.81800651550293
83 -4.8163580894470215
84 -4.818838119506836
85 -4.815896987915039
86 -4.811807632446289
87 -4.818282604217529
88 -4.817954063415527
89 -4.813378810882568
90 -4.812512397766113
91 -4.815913677215576
92 -4.822352886199951
93 -4.810553073883057
94 -4.811675548553467
95 -4.816098213195801
96 -4.8195929527282715
97 -4.812893390655518
98 -4.80710506439209
99 -4.818766117095947
100 -4.822415351867676
101 -4.818237781524658
102 -4.818938255310059
103 -4.816588401794434
104 -4.812897682189941
105 -4.8103508949279785
106 -4.822760105133057
107 -4.811809539794922
108 -4.8170671463012695
109 -4.814513206481934
110 -4.817110538482666
111 -4.816769599914551
112 -4.8158721923828125
113 -4.816433906555176
114 -4.813876628875732
115 -4.8148674964904785
116 -4.817899227142334
117 -4.814713001251221
118 -4.8121514320373535
119 -4.809805870056152
120 -4.819083213806152
121 -4.813122272491455
122 -4.817776203155518
123 -4.816731929779053
124 -4.816000461578369
125 -4.820353984832764
126 -4.811053276062012
127 -4.816832542419434
128 -4.818883419036865
129 -4.8164873123168945
130 -4.817989826202393
131 -4.8168559074401855
132 -4.814275741577148
133 -4.811635971069336
134 -4.817241668701172
135 -4.821938991546631
136 -4.818150043487549
137 -4.813060760498047
138 -4.818179607391357
139 -4.81595516204834
140 -4.812901496887207
141 -4.811185836791992
142 -4.817049026489258
143 -4.81471586227417
144 -4.816622257232666
145 -4.812601089477539
146 -4.8181257247924805
147 -4.818411827087402
148 -4.810122966766357
149 -4.821284770965576
150 -4.806962490081787
151 -4.8106889724731445
152 -4.814699649810791
153 -4.821776866912842
154 -4.821129322052002
155 -4.821967124938965
156 -4.812751770019531
157 -4.820847511291504
158 -4.814603328704834
159 -4.818070411682129
160 -4.817429542541504
161 -4.815021991729736
162 -4.815497398376465
163 -4.817475318908691
164 -4.819612503051758
165 -4.815465927124023
166 -4.813634872436523
167 -4.815654277801514
168 -4.819393634796143
169 -4.817617893218994
170 -4.821071147918701
171 -4.819061279296875
172 -4.811176300048828
173 -4.812132835388184
174 -4.816639423370361
175 -4.818964958190918
176 -4.815587520599365
177 -4.820470809936523
178 -4.811868190765381
179 -4.813105583190918
180 -4.812697887420654
181 -4.8152594566345215
182 -4.819202423095703
183 -4.812774181365967
184 -4.818440914154053
185 -4.811118125915527
186 -4.815392017364502
187 -4.815607070922852
188 -4.819247245788574
189 -4.823075294494629
190 -4.816794395446777
191 -4.818200588226318
192 -4.823297023773193
193 -4.816825866699219
194 -4.8193182945251465
195 -4.817660808563232
196 -4.811799049377441
197 -4.813321590423584
198 -4.819656848907471
199 -4.81798791885376
