0 -3.283351421356201
1 -3.283351421356201
2 -3.283351421356201
3 -3.283351421356201
4 -3.283351421356201
5 -1.8348690271377563
6 -1.1531341075897217
7 -1.8348699808120728
8 -2.343230724334717
9 -1.8348699808120728
10 -2.004093647003174
11 -2.9469947814941406
12 -3.182554244995117
13 -3.182554244995117
14 -3.1825544834136963
15 -2.720646619796753
16 -2.720646381378174
17 -2.5072526931762695
18 -2.720646619796753
19 -3.0695877075195312
20 -3.0729079246520996
21 -2.8331234455108643
22 -2.8331236839294434
23 -3.0369741916656494
24 -1.1990888118743896
25 -2.9556612968444824
26 -2.7949423789978027
27 -3.0907936096191406
28 -2.7893571853637695
29 -3.0907938480377197
30 -2.0223984718322754
31 -2.0223984718322754
32 -2.0223984718322754
33 -2.0223984718322754
34 -2.0223984718322754
35 -2.360546112060547
36 -2.360546112060547
37 -2.468803644180298
38 -2.360546112060547
39 -2.360546112060547
40 -2.081556797027588
41 -2.444246292114258
42 -2.444246292114258
43 -1.6340984106063843
44 -2.444246292114258
45 -3.367095470428467
46 -2.105048656463623
47 -2.6246962547302246
48 -3.367095470428467
49 -3.367095470428467
50 -2.1727771759033203
51 -3.1440227031707764
52 -2.7589809894561768
53 -2.676640272140503
54 -3.1440227031707764
55 -2.168760061264038
56 -3.2803964614868164
57 -3.1687519550323486
58 -2.810013771057129
59 -3.0098767280578613
60 -3.4110076427459717
61 -2.128370523452759
62 -3.571617603302002
63 -3.571617603302002
64 -3.0402891635894775
65 -2.4349923133850098
66 -2.4349923133850098
67 -2.4349923133850098
68 -1.9162087440490723
69 -2.4349923133850098
70 -2.4361987113952637
71 -2.7058138847351074
72 -2.7058138847351074
73 -2.7058138847351074
74 -2.7058138847351074
75 -3.1020774841308594
76 -3.1020774841308594
77 -3.1020774841308594
78 -2.5059895515441895
79 -3.1020774841308594
80 -2.456970691680908
81 -2.950129985809326
82 -2.5004653930664062
83 -2.7732350826263428
84 -2.9409236907958984
85 -3.225680351257324
86 -2.9655065536499023
87 -2.9459125995635986
88 -2.6502015590667725
89 -2.9387974739074707
90 -2.8172802925109863
91 -1.6354150772094727
92 -2.8172802925109863
93 -2.8172802925109863
94 -2.8172802925109863
95 -3.5061752796173096
96 -3.5061752796173096
97 -3.5061752796173096
98 -3.5061752796173096
99 -3.5061752796173096
100 -2.5553860664367676
101 -2.5553855895996094
102 -2.5553860664367676
103 -2.5553860664367676
104 -2.5553855895996094
105 -2.9139671325683594
106 -3.367095470428467
107 -3.367095947265625
108 -2.940277338027954
109 -3.367095470428467
110 -2.936282157897949
111 -3.012052536010742
112 -3.1440227031707764
113 -2.823012113571167
114 -3.1440227031707764
115 -3.0619797706604004
116 -2.9405369758605957
117 -3.0619797706604004
118 -2.7047948837280273
119 -2.0966413021087646
120 -3.571617603302002
121 -3.571617603302002
122 -3.571617603302002
123 -3.571617603302002
124 -3.571617603302002
125 -2.0242345333099365
126 -2.4349923133850098
127 -1.9936577081680298
128 -2.4349923133850098
129 -1.6836551427841187
130 -1.8270621299743652
131 -2.7058136463165283
132 -2.7058138847351074
133 -2.7058136463165283
134 -2.7058138847351074
135 -2.651543140411377
136 -3.0810537338256836
137 -2.6951050758361816
138 -2.900009870529175
139 -2.899587392807007
140 -2.4615845680236816
141 -2.5945229530334473
142 -2.5650997161865234
143 -3.098559617996216
144 -3.0536434650421143
145 -2.9170525074005127
146 -2.7257227897644043
147 -2.5608463287353516
148 -2.4409611225128174
149 -2.8291845321655273
150 -2.8172812461853027
151 -2.8172812461853027
152 -2.8172812461853027
153 -2.8172812461853027
154 -2.8172812461853027
155 -3.5061752796173096
156 -2.5208749771118164
157 -3.5061752796173096
158 -3.5061752796173096
159 -3.5061752796173096
160 -2.5324668884277344
161 -2.532466411590576
162 -2.5324668884277344
163 -2.5324668884277344
164 -2.0549075603485107
165 -3.3894896507263184
166 -3.3894896507263184
167 -3.1051881313323975
168 -3.3894896507263184
169 -2.861269950866699
170 -2.7284021377563477
171 -2.291675567626953
172 -3.102200746536255
173 -3.1440227031707764
174 -3.0020837783813477
175 -2.7272908687591553
176 -2.8305258750915527
177 -2.705944061279297
178 -3.0156428813934326
179 -3.071676254272461
180 -3.571617603302002
181 -3.571617603302002
182 -3.571617603302002
183 -3.571617603302002
184 -3.571617603302002
185 -1.1664109230041504
186 -2.310365676879883
187 -2.279519557952881
188 -2.279519557952881
189 -1.8067623376846313
190 -2.7058138847351074
191 -2.7058136463165283
192 -1.991960048675537
193 -2.7058136463165283
194 -2.7058136463165283
195 -2.8744444847106934
196 -2.786355495452881
197 -2.5436038970947266
198 -3.056579351425171
199 -2.6838936805725098
200 -3.183300495147705
201 -2.87947416305542
202 -2.0241081714630127
203 -2.982205867767334
204 -2.204360008239746
205 -3.0401196479797363
206 -2.8826069831848145
207 -3.179419755935669
208 -2.8291850090026855
209 -3.1280369758605957
210 -2.8172812461853027
211 -0.8105602264404297
212 -2.8172812461853027
213 -2.8172812461853027
214 -2.8172812461853027
215 -3.5061752796173096
216 -3.5061752796173096
217 -3.5061752796173096
218 -3.5061752796173096
219 -3.5061752796173096
220 -2.532465934753418
221 -2.532466411590576
222 -2.532466411590576
223 -2.532465934753418
224 -2.532466411590576
225 -3.3894896507263184
226 -3.3894896507263184
227 -2.986144542694092
228 -2.6032252311706543
229 -2.464566707611084
230 -3.1439504623413086
231 -3.4128620624542236
232 -3.1108951568603516
233 -3.4128620624542236
234 -3.4128620624542236
235 -3.1802890300750732
236 -3.0619797706604004
237 -2.60744571685791
238 -2.5468366146087646
239 -3.015643358230591
240 -3.571617603302002
241 -2.1063013076782227
242 -3.571617603302002
243 -3.571617603302002
244 -3.571617603302002
245 -2.2795183658599854
246 -2.097095251083374
247 -2.2795183658599854
248 -2.2795186042785645
249 -2.3968753814697266
250 -2.2266883850097656
251 -2.079885959625244
252 -2.7058138847351074
253 -2.7058138847351074
254 -2.7058138847351074
255 -3.1083359718322754
256 -3.1083359718322754
257 -3.0116634368896484
258 -2.6059391498565674
259 -3.065749168395996
260 -2.9260659217834473
261 -2.805692434310913
262 -2.5663084983825684
263 -2.841179370880127
264 -3.0798487663269043
265 -2.5870981216430664
266 -2.6459238529205322
267 -2.7710061073303223
268 -2.8291850090026855
269 -2.6819770336151123
270 -2.8172812461853027
271 -2.8172812461853027
272 -2.8172812461853027
273 -2.6333389282226562
274 -2.8172812461853027
275 -3.5061752796173096
276 -3.5061752796173096
277 -1.1597626209259033
278 -3.5061752796173096
279 -3.5061752796173096
280 -2.5393781661987305
281 -1.987378716468811
282 -2.5393781661987305
283 -2.40256404876709
284 -2.5393781661987305
285 -3.367095947265625
286 -3.367095947265625
287 -3.3622803688049316
288 -2.537734031677246
289 -3.367095470428467
290 -3.0414726734161377
291 -3.102200746536255
292 -2.29551362991333
293 -2.643436908721924
294 -2.281303882598877
295 -2.8071346282958984
296 -2.17311954498291
297 -2.676513910293579
298 -3.0156431198120117
299 -3.01564359664917
300 -3.571617603302002
301 -3.571617603302002
302 -3.571617603302002
303 -3.571617603302002
304 -3.571617603302002
305 -2.1887593269348145
306 -2.1887593269348145
307 -1.0497031211853027
308 -2.1887595653533936
309 -2.1887595653533936
310 -2.7058138847351074
311 -2.7058138847351074
312 -2.7058138847351074
313 -2.4724230766296387
314 -1.6299595832824707
315 -2.8744444847106934
316 -2.8744444847106934
317 -2.9807982444763184
318 -2.0277490615844727
319 -2.8744444847106934
320 -2.8910908699035645
321 -2.996385335922241
322 -2.8794732093811035
323 -2.8794734477996826
324 -3.0798487663269043
325 -2.8291850090026855
326 -2.999697685241699
327 -2.812256336212158
328 -3.092170000076294
329 -2.9337916374206543
330 -2.8172812461853027
331 -2.8172812461853027
332 -0.16770172119140625
333 -2.8172812461853027
334 -2.376713991165161
335 -3.123542308807373
336 -3.5061750411987305
337 -3.5061750411987305
338 -3.5061750411987305
339 -3.5061750411987305
340 -2.336561679840088
341 -2.532466411590576
342 -2.532466411590576
343 -2.532466411590576
344 -1.1080775260925293
345 -3.367095947265625
346 -2.9066836833953857
347 -3.367095947265625
348 -1.819239616394043
349 -3.367095947265625
350 -2.8083486557006836
351 -2.4381284713745117
352 -3.4128620624542236
353 -2.2595808506011963
354 -3.4128620624542236
355 -3.0619800090789795
356 -3.01564359664917
357 -3.0619800090789795
358 -2.9222512245178223
359 -2.990642547607422
360 -3.571617603302002
361 -3.571617603302002
362 -3.571617603302002
363 -3.571617603302002
364 -1.990797996520996
365 -2.1887593269348145
366 -2.849074125289917
367 -2.413691997528076
368 -1.664650559425354
369 -2.1887593269348145
370 -2.7058138847351074
371 -1.8555169105529785
372 -2.7058136463165283
373 -2.9082603454589844
374 -2.7058136463165283
375 -2.8744444847106934
376 -2.944958448410034
377 -3.055431604385376
378 -2.8744444847106934
379 -2.8744444847106934
380 -2.8366856575012207
381 -2.8366856575012207
382 -2.931438446044922
383 -2.3387234210968018
384 -3.0798487663269043
385 -2.609516143798828
386 -3.056978702545166
387 -3.0623021125793457
388 -3.177006244659424
389 -2.8791260719299316
390 -2.8172812461853027
391 -0.5285027027130127
392 -2.8172812461853027
393 -2.8172812461853027
394 -1.3627142906188965
395 -3.5061752796173096
396 -3.5061752796173096
397 -3.5061752796173096
398 -2.3748459815979004
399 -3.5061752796173096
400 -2.532466411590576
401 -2.0409915447235107
402 -2.480313777923584
403 -2.532466411590576
404 -2.532466411590576
405 -3.383448362350464
406 -2.9261980056762695
407 -2.8912901878356934
408 -3.367095470428467
409 -2.616494655609131
410 -3.026362657546997
411 -3.4128620624542236
412 -3.4128620624542236
413 -3.4128620624542236
414 -2.741954803466797
415 -2.370161533355713
416 -2.8601744174957275
417 -3.01564359664917
418 -2.563168525695801
419 -3.0619800090789795
420 -3.571617603302002
421 -3.3956692218780518
422 -3.571617603302002
423 -3.228104829788208
424 -3.571617603302002
425 -2.279517889022827
426 -2.279517889022827
427 -2.528611183166504
428 -2.279517889022827
429 -2.279517889022827
430 -2.7058138847351074
431 -2.7058138847351074
432 -2.7058138847351074
433 -2.0010762214660645
434 -2.7058138847351074
435 -2.5624446868896484
436 -2.7258858680725098
437 -2.562243938446045
438 -3.1083359718322754
439 -2.867187261581421
440 -2.887847423553467
441 -3.1191391944885254
442 -2.9738399982452393
443 -2.62427020072937
444 -3.049898624420166
445 -2.7043209075927734
446 -2.2670845985412598
447 -2.7677056789398193
448 -2.7676992416381836
449 -2.898747682571411
450 -2.8172812461853027
451 0.5766243934631348
452 -2.8172812461853027
453 -2.8172812461853027
454 -2.8172812461853027
455 -3.5061752796173096
456 -3.5061752796173096
457 -3.5061752796173096
458 -3.5061752796173096
459 -3.5061752796173096
460 -2.5553855895996094
461 -2.5553860664367676
462 -2.5553855895996094
463 -2.2485733032226562
464 -2.5553860664367676
465 -2.3211822509765625
466 -2.8810296058654785
467 -3.37127947807312
468 -3.37127947807312
469 -2.575955390930176
470 -2.9681236743927
471 -3.4128620624542236
472 -3.4128620624542236
473 -2.4065351486206055
474 -3.4128620624542236
475 -3.0156428813934326
476 -2.701681137084961
477 -2.517158031463623
478 -3.0156428813934326
479 -3.0619804859161377
480 -3.571617603302002
481 -3.571617603302002
482 -3.571617603302002
483 -3.306832790374756
484 -3.571617603302002
485 -1.2756130695343018
486 -1.6338582038879395
487 -2.279517889022827
488 -2.279517889022827
489 -2.279517889022827
490 -2.648505210876465
491 -2.648505210876465
492 -2.648505210876465
493 -2.648505210876465
494 -2.3955774307250977
495 -3.105684757232666
496 -2.1400868892669678
497 -3.105684757232666
498 -2.0512545108795166
499 -3.105684995651245
500 -2.448579788208008
501 -3.0594773292541504
502 -3.1053242683410645
503 -3.0594773292541504
504 -2.629701614379883
505 -2.8229665756225586
506 -2.701425552368164
507 -2.8140242099761963
508 -2.258687734603882
509 -2.9618542194366455
510 -2.8172812461853027
511 -2.8172812461853027
512 -1.8453459739685059
513 -2.8172812461853027
514 -2.8172812461853027
515 -3.5061752796173096
516 -3.5061752796173096
517 -3.5061752796173096
518 -3.5061752796173096
519 -3.5061752796173096
520 -2.4297523498535156
521 -2.0562472343444824
522 -2.532466411590576
523 -2.532466411590576
524 -2.532466411590576
525 -3.37127947807312
526 -2.0059897899627686
527 -3.37127947807312
528 -2.548703193664551
529 -1.353182315826416
530 -3.4128620624542236
531 -3.4128620624542236
532 -3.4128620624542236
533 -3.002549409866333
534 -2.9587066173553467
535 -2.503314256668091
536 -2.944260597229004
537 -3.1346335411071777
538 -3.0619797706604004
539 -2.5570590496063232
540 -3.571617603302002
541 -3.571617603302002
542 -3.571617603302002
543 -3.571617603302002
544 -3.571617603302002
545 -2.338350296020508
546 -0.9580161571502686
547 -2.309068202972412
548 -2.338350296020508
549 -2.338350296020508
550 -1.9254045486450195
551 -2.705813407897949
552 -2.7058136463165283
553 -1.8572735786437988
554 -2.705813407897949
555 -3.0487914085388184
556 -3.0487911701202393
557 -2.5747270584106445
558 -3.0487914085388184
559 -2.009974479675293
560 -2.9487597942352295
561 -2.56170916557312
562 -2.764667272567749
563 -2.8058838844299316
564 -2.856400966644287
565 -2.9779093265533447
566 -3.008298635482788
567 -3.0123589038848877
568 -3.0123589038848877
569 -3.081263542175293
570 -0.6506285667419434
571 -2.8172810077667236
572 -2.8172810077667236
573 -2.8172810077667236
574 -2.8172810077667236
575 -3.5061750411987305
576 -3.5061750411987305
577 -3.5061750411987305
578 -3.5061750411987305
579 -3.5061750411987305
580 -1.5504041910171509
581 -2.5393781661987305
582 -2.5393781661987305
583 -3.068953275680542
584 -2.5393781661987305
585 -3.37127947807312
586 -3.37127947807312
587 -3.37127947807312
588 -1.7427978515625
589 -2.748257637023926
590 -3.182408571243286
591 -2.964359998703003
592 -2.1920559406280518
593 -3.182408571243286
594 -2.956982374191284
595 -2.4719786643981934
596 -3.1670682430267334
597 -3.171496868133545
598 -3.171496868133545
599 -2.9010438919067383
