0 -3.5716137886047363
1 -3.5716137886047363
2 -3.5716137886047363
3 -3.5716137886047363
4 -3.5716137886047363
5 -3.165332555770874
6 -3.1653289794921875
7 -3.165332794189453
8 -3.165297269821167
9 -3.165332794189453
10 -3.663177013397217
11 -3.6630332469940186
12 -3.6631481647491455
13 -3.6631481647491455
14 -3.6631476879119873
15 -3.276163101196289
16 -3.2761635780334473
17 -3.4231197834014893
18 -3.2761638164520264
19 -3.2761058807373047
20 -3.60187029838562
21 -3.6010875701904297
22 -3.6010875701904297
23 -3.6018764972686768
24 -3.6016287803649902
25 -3.621189594268799
26 -3.6209394931793213
27 -3.620917320251465
28 -3.6210484504699707
29 -3.620917320251465
30 -2.8210983276367188
31 -2.8210983276367188
32 -2.8210983276367188
33 -2.8210983276367188
34 -2.8210983276367188
35 -3.506993293762207
36 -3.506993293762207
37 -3.5069875717163086
38 -3.506993293762207
39 -3.506993293762207
40 -3.4774649143218994
41 -3.231865882873535
42 -3.231865882873535
43 -3.477736711502075
44 -3.231865882873535
45 -3.4498062133789062
46 -3.4498066902160645
47 -3.4104793071746826
48 -3.4498062133789062
49 -3.4498062133789062
50 -3.657893180847168
51 -3.6548197269439697
52 -3.6551430225372314
53 -3.65718936920166
54 -3.6548197269439697
55 -3.6471006870269775
56 -3.648995876312256
57 -3.648881435394287
58 -3.647697925567627
59 -3.6467630863189697
60 -3.5716042518615723
61 -3.5715296268463135
62 -3.571617603302002
63 -3.571617603302002
64 -3.571540117263794
65 -3.165156364440918
66 -3.165156364440918
67 -3.165156364440918
68 -3.1653261184692383
69 -3.165156364440918
70 -3.6632211208343506
71 -3.6631717681884766
72 -3.6631715297698975
73 -3.6631717681884766
74 -3.6631717681884766
75 -3.4231605529785156
76 -3.4231605529785156
77 -3.4231605529785156
78 -3.423241138458252
79 -3.4231598377227783
80 -3.5707149505615234
81 -3.570875644683838
82 -3.6014983654022217
83 -3.5888097286224365
84 -3.588711977005005
85 -3.621250629425049
86 -3.6210217475891113
87 -3.6211254596710205
88 -3.620438575744629
89 -3.620880126953125
90 -2.821103096008301
91 -2.8211140632629395
92 -2.821103096008301
93 -2.821103096008301
94 -2.821103096008301
95 -3.5070414543151855
96 -3.5070414543151855
97 -3.5070414543151855
98 -3.5070414543151855
99 -3.5070414543151855
100 -3.2312381267547607
101 -3.23123836517334
102 -3.2312381267547607
103 -3.2312381267547607
104 -3.23123836517334
105 -3.4497523307800293
106 -3.4498062133789062
107 -3.4498062133789062
108 -3.4498448371887207
109 -3.4498062133789062
110 -3.6561901569366455
111 -3.6584386825561523
112 -3.6548197269439697
113 -3.6561996936798096
114 -3.654820203781128
115 -3.6466848850250244
116 -3.645765542984009
117 -3.6466846466064453
118 -3.648052453994751
119 -3.6488428115844727
120 -3.571617603302002
121 -3.571617603302002
122 -3.571617603302002
123 -3.571617603302002
124 -3.571617603302002
125 -3.1652774810791016
126 -3.165156364440918
127 -3.1652424335479736
128 -3.165156364440918
129 -3.165231704711914
130 -3.6633074283599854
131 -3.6631715297698975
132 -3.6631717681884766
133 -3.6631717681884766
134 -3.6631717681884766
135 -3.423205614089966
136 -3.4231579303741455
137 -3.423147201538086
138 -3.423189640045166
139 -3.423213243484497
140 -3.588620662689209
141 -3.570857286453247
142 -3.6008553504943848
143 -3.570817232131958
144 -3.601635217666626
145 -3.6211047172546387
146 -3.62096905708313
147 -3.62097430229187
148 -3.6207640171051025
149 -3.620936870574951
150 -2.82110333442688
151 -2.82110333442688
152 -2.82110333442688
153 -2.82110333442688
154 -2.82110333442688
155 -3.5070414543151855
156 -3.506938934326172
157 -3.5070414543151855
158 -3.5070414543151855
159 -3.5070414543151855
160 -3.477698564529419
161 -3.477698564529419
162 -3.477698564529419
163 -3.477698564529419
164 -3.4775073528289795
165 -3.449769973754883
166 -3.4497694969177246
167 -3.449730396270752
168 -3.449769973754883
169 -3.449735641479492
170 -3.658399820327759
171 -3.6581485271453857
172 -3.6553680896759033
173 -3.654820203781128
174 -3.6566460132598877
175 -3.6431336402893066
176 -3.645993709564209
177 -3.6480813026428223
178 -3.647480010986328
179 -3.637270927429199
180 -3.571617603302002
181 -3.571617603302002
182 -3.571617603302002
183 -3.571617603302002
184 -3.571617603302002
185 -3.1652650833129883
186 -3.1651430130004883
187 -3.1651411056518555
188 -3.1651411056518555
189 -3.1651694774627686
190 -3.6631712913513184
191 -3.6631715297698975
192 -3.663254737854004
193 -3.6631717681884766
194 -3.6631715297698975
195 -3.4231696128845215
196 -3.4232394695281982
197 -3.4232401847839355
198 -3.4232964515686035
199 -3.423215389251709
200 -3.6017963886260986
201 -3.570767641067505
202 -3.6016173362731934
203 -3.5709877014160156
204 -3.57029390335083
205 -3.6211302280426025
206 -3.621033191680908
207 -3.621039867401123
208 -3.620936393737793
209 -3.620821237564087
210 -2.82110333442688
211 -2.8211190700531006
212 -2.82110333442688
213 -2.82110333442688
214 -2.82110333442688
215 -3.5070414543151855
216 -3.5070414543151855
217 -3.5070414543151855
218 -3.5070414543151855
219 -3.5070414543151855
220 -3.477698564529419
221 -3.47769832611084
222 -3.47769832611084
223 -3.477698564529419
224 -3.47769832611084
225 -3.4497694969177246
226 -3.4497694969177246
227 -3.4100570678710938
228 -3.449798107147217
229 -3.4111335277557373
230 -3.655219316482544
231 -3.656658887863159
232 -3.6581881046295166
233 -3.656658887863159
234 -3.656658887863159
235 -3.6465368270874023
236 -3.6466848850250244
237 -3.644548177719116
238 -3.6476590633392334
239 -3.647479772567749
240 -3.571617603302002
241 -3.571614980697632
242 -3.571617603302002
243 -3.571617603302002
244 -3.571617603302002
245 -3.1651408672332764
246 -3.165262222290039
247 -3.1651408672332764
248 -3.1651411056518555
249 -3.165313720703125
250 -3.663008689880371
251 -3.663486957550049
252 -3.6631720066070557
253 -3.6631722450256348
254 -3.6631715297698975
255 -3.4232242107391357
256 -3.4232239723205566
257 -3.423170566558838
258 -3.4232280254364014
259 -3.4232544898986816
260 -3.596163511276245
261 -3.588776111602783
262 -3.601043224334717
263 -3.588667631149292
264 -3.5706684589385986
265 -3.62097430229187
266 -3.6208736896514893
267 -3.6211025714874268
268 -3.620936870574951
269 -3.6207950115203857
270 -2.82110333442688
271 -2.82110333442688
272 -2.82110333442688
273 -2.8211023807525635
274 -2.82110333442688
275 -3.5070414543151855
276 -3.5070414543151855
277 -3.506985664367676
278 -3.5070414543151855
279 -3.5070414543151855
280 -3.4776666164398193
281 -3.4776411056518555
282 -3.4776666164398193
283 -3.4776384830474854
284 -3.4776666164398193
285 -3.4498062133789062
286 -3.4498066902160645
287 -3.449798107147217
288 -3.4497227668762207
289 -3.449805736541748
290 -3.6566321849823
291 -3.6553680896759033
292 -3.656695604324341
293 -3.657658338546753
294 -3.6588079929351807
295 -3.6476306915283203
296 -3.6485066413879395
297 -3.6471405029296875
298 -3.647480010986328
299 -3.647479772567749
300 -3.571617603302002
301 -3.571617603302002
302 -3.571617603302002
303 -3.571617603302002
304 -3.571617603302002
305 -3.165320634841919
306 -3.165320634841919
307 -3.16532039642334
308 -3.1653213500976562
309 -3.1653213500976562
310 -3.6631717681884766
311 -3.6631717681884766
312 -3.6631717681884766
313 -3.6629862785339355
314 -3.6630663871765137
315 -3.423168897628784
316 -3.423170566558838
317 -3.423243999481201
318 -3.423276424407959
319 -3.4231696128845215
320 -3.5887413024902344
321 -3.5705952644348145
322 -3.5707671642303467
323 -3.570767641067505
324 -3.5706684589385986
325 -3.620936870574951
326 -3.620965003967285
327 -3.6208581924438477
328 -3.620931386947632
329 -3.6206905841827393
330 -2.82110333442688
331 -2.82110333442688
332 -2.821115016937256
333 -2.82110333442688
334 -2.821119785308838
335 -3.50699782371521
336 -3.5070412158966064
337 -3.5070412158966064
338 -3.5070412158966064
339 -3.5070412158966064
340 -3.4775044918060303
341 -3.477698564529419
342 -3.477698564529419
343 -3.477698564529419
344 -3.4775750637054443
345 -3.449805736541748
346 -3.4498085975646973
347 -3.4498062133789062
348 -3.409883975982666
349 -3.4498066902160645
350 -3.6561877727508545
351 -3.657867670059204
352 -3.656658887863159
353 -3.658707857131958
354 -3.656658411026001
355 -3.6466848850250244
356 -3.647480010986328
357 -3.6466848850250244
358 -3.6492185592651367
359 -3.647305727005005
360 -3.571617603302002
361 -3.571617603302002
362 -3.571617603302002
363 -3.571617603302002
364 -3.571516990661621
365 -3.1653213500976562
366 -3.1653013229370117
367 -3.1651620864868164
368 -3.165318727493286
369 -3.1653213500976562
370 -3.6631712913513184
371 -3.6631221771240234
372 -3.6631712913513184
373 -3.663257598876953
374 -3.6631712913513184
375 -3.423168897628784
376 -3.4232399463653564
377 -3.4232451915740967
378 -3.4231700897216797
379 -3.4231700897216797
380 -3.5710291862487793
381 -3.5710296630859375
382 -3.570868968963623
383 -3.6016881465911865
384 -3.5706684589385986
385 -3.6213276386260986
386 -3.6206469535827637
387 -3.620818614959717
388 -3.6210429668426514
389 -3.620967388153076
390 -2.82110333442688
391 -2.8211140632629395
392 -2.82110333442688
393 -2.82110333442688
394 -2.821113348007202
395 -3.5070414543151855
396 -3.5070414543151855
397 -3.5070414543151855
398 -3.5069947242736816
399 -3.5070414543151855
400 -3.477698564529419
401 -3.477572202682495
402 -3.4777307510375977
403 -3.477698564529419
404 -3.477698564529419
405 -3.4498207569122314
406 -3.4497787952423096
407 -3.449697971343994
408 -3.449805736541748
409 -3.4498066902160645
410 -3.6545283794403076
411 -3.656658172607422
412 -3.656658172607422
413 -3.656658887863159
414 -3.6555206775665283
415 -3.6487112045288086
416 -3.6481146812438965
417 -3.647480010986328
418 -3.648568630218506
419 -3.6466851234436035
420 -3.571617603302002
421 -3.5715909004211426
422 -3.571617603302002
423 -3.571559429168701
424 -3.571617603302002
425 -3.1651411056518555
426 -3.1651408672332764
427 -3.1653292179107666
428 -3.1651411056518555
429 -3.1651411056518555
430 -3.6631712913513184
431 -3.6631715297698975
432 -3.6631715297698975
433 -3.663003921508789
434 -3.6631712913513184
435 -3.4231574535369873
436 -3.4232475757598877
437 -3.4217238426208496
438 -3.4232230186462402
439 -3.4232735633850098
440 -3.600031614303589
441 -3.6016666889190674
442 -3.5887303352355957
443 -3.5706677436828613
444 -3.6013870239257812
445 -3.620795249938965
446 -3.6209497451782227
447 -3.5983030796051025
448 -3.6033430099487305
449 -3.6210010051727295
450 -2.82110333442688
451 -2.8211138248443604
452 -2.82110333442688
453 -2.82110333442688
454 -2.82110333442688
455 -3.5070414543151855
456 -3.5070414543151855
457 -3.5070414543151855
458 -3.5070414543151855
459 -3.5070414543151855
460 -3.231238603591919
461 -3.23123836517334
462 -3.231238603591919
463 -3.477633476257324
464 -3.23123836517334
465 -3.4099457263946533
466 -3.4100303649902344
467 -3.449674129486084
468 -3.449674129486084
469 -3.449799060821533
470 -3.6564767360687256
471 -3.656658411026001
472 -3.656658411026001
473 -3.6582019329071045
474 -3.656658172607422
475 -3.647480010986328
476 -3.6487975120544434
477 -3.6490638256073
478 -3.647480010986328
479 -3.6466848850250244
480 -3.571617603302002
481 -3.571617603302002
482 -3.571617603302002
483 -3.571545362472534
484 -3.571617603302002
485 -3.1653270721435547
486 -3.165310859680176
487 -3.1651411056518555
488 -3.1651411056518555
489 -3.1651411056518555
490 -3.6629953384399414
491 -3.6629960536956787
492 -3.6629958152770996
493 -3.6629958152770996
494 -3.663254976272583
495 -3.4232513904571533
496 -3.4232687950134277
497 -3.4232516288757324
498 -3.4232521057128906
499 -3.4232516288757324
500 -3.5709846019744873
501 -3.5709493160247803
502 -3.571028232574463
503 -3.5708789825439453
504 -3.601691722869873
505 -3.6211776733398438
506 -3.620858907699585
507 -3.6209754943847656
508 -3.621147632598877
509 -3.620844602584839
510 -2.82110333442688
511 -2.82110333442688
512 -2.8211090564727783
513 -2.82110333442688
514 -2.82110333442688
515 -3.5070414543151855
516 -3.5070414543151855
517 -3.5070414543151855
518 -3.5070414543151855
519 -3.5070414543151855
520 -3.4777629375457764
521 -3.4776251316070557
522 -3.47769832611084
523 -3.477698564529419
524 -3.477698564529419
525 -3.4496750831604004
526 -3.4498164653778076
527 -3.449674606323242
528 -3.449784517288208
529 -3.4497547149658203
530 -3.656658411026001
531 -3.656658887863159
532 -3.656658411026001
533 -3.6562249660491943
534 -3.6546812057495117
535 -3.647864818572998
536 -3.6441597938537598
537 -3.644735097885132
538 -3.6466848850250244
539 -3.64900803565979
540 -3.571617603302002
541 -3.571617603302002
542 -3.571617603302002
543 -3.571617603302002
544 -3.571617603302002
545 -3.165144920349121
546 -3.165318727493286
547 -3.1651580333709717
548 -3.165144920349121
549 -3.165144920349121
550 -3.663188934326172
551 -3.6631712913513184
552 -3.6631715297698975
553 -3.6632943153381348
554 -3.6631717681884766
555 -3.4231815338134766
556 -3.4231815338134766
557 -3.4232680797576904
558 -3.4231820106506348
559 -3.4231650829315186
560 -3.5705387592315674
561 -3.588575839996338
562 -3.570863962173462
563 -3.5707223415374756
564 -3.6017704010009766
565 -3.60227632522583
566 -3.6208834648132324
567 -3.6209611892700195
568 -3.6209607124328613
569 -3.6208114624023438
570 -2.821113109588623
571 -2.82110333442688
572 -2.82110333442688
573 -2.82110333442688
574 -2.82110333442688
575 -3.5070414543151855
576 -3.5070414543151855
577 -3.5070414543151855
578 -3.5070414543151855
579 -3.5070414543151855
580 -3.477663993835449
581 -3.4776666164398193
582 -3.4776666164398193
583 -3.4775588512420654
584 -3.4776666164398193
585 -3.449674606323242
586 -3.4496750831604004
587 -3.449674606323242
588 -3.4494686126708984
589 -3.409959316253662
590 -3.657940626144409
591 -3.658121109008789
592 -3.658146619796753
593 -3.657940626144409
594 -3.6573245525360107
595 -3.6457371711730957
596 -3.6477222442626953
597 -3.6439359188079834
598 -3.6439359188079834
599 -3.6474788188934326
