0 -4.914972305297852
1 -4.91649169921875
2 -4.861606216430664
3 -4.855623626708985
4 -4.855409240722656
5 -4.878281784057617
6 -4.887422943115235
7 -4.901992416381836
8 -4.903535079956055
9 -4.882128524780273
10 -4.88164176940918
11 -4.8969158172607425
12 -4.906864929199219
13 -4.877632522583008
14 -4.893371963500977
15 -4.897794342041015
16 -4.886429214477539
17 -4.866251373291016
18 -4.885772705078125
19 -4.9011882781982425
20 -4.888833236694336
21 -4.894488906860351
22 -4.880154418945312
23 -4.885638046264648
24 -4.879172515869141
25 -4.891361236572266
26 -4.875225067138672
27 -4.890724945068359
28 -4.888699722290039
29 -4.874675369262695
30 -4.895965194702148
31 -4.894282531738281
32 -4.899742507934571
33 -4.876846694946289
34 -4.892966842651367
35 -4.892748641967773
36 -4.889076232910156
37 -4.89398307800293
38 -4.882550811767578
39 -4.888446426391601
40 -4.880241775512696
41 -4.903352355957031
42 -4.894754409790039
43 -4.909047317504883
44 -4.894018173217773
45 -4.893288421630859
46 -4.890397262573242
47 -4.893740463256836
48 -4.8951068878173825
49 -4.89024658203125
50 -4.901031875610352
51 -4.903420257568359
52 -4.8731342315673825
53 -4.903898620605469
54 -4.886251831054688
55 -4.88873291015625
56 -4.885586929321289
57 -4.87108268737793
58 -4.880144500732422
59 -4.922010040283203
60 -4.907477569580078
61 -4.889593887329101
62 -4.885894012451172
63 -4.880735397338867
64 -4.888919830322266
65 -4.872313690185547
66 -4.868569564819336
67 -4.880554962158203
68 -4.90867805480957
69 -4.872788619995117
70 -4.88622932434082
71 -4.899290466308594
72 -4.899893951416016
73 -4.90754508972168
74 -4.8909660339355465
75 -4.89494514465332
76 -4.8738037109375
77 -4.900898361206055
78 -4.894425964355468
79 -4.879955673217774
80 -4.8811180114746096
81 -4.879557418823242
82 -4.885642242431641
83 -4.911777496337891
84 -4.902692794799805
85 -4.882935333251953
86 -4.888240814208984
87 -4.899281692504883
88 -4.887091827392578
89 -4.892605972290039
90 -4.870666885375977
91 -4.899197769165039
92 -4.9049327850341795
93 -4.874461364746094
94 -4.870742416381836
95 -4.862278747558594
96 -4.873507308959961
97 -4.887075424194336
98 -4.899689865112305
99 -4.901652145385742
100 -4.891659545898437
101 -4.892141723632813
102 -4.864310455322266
103 -4.8948486328125
104 -4.918062591552735
105 -4.865977478027344
106 -4.908528900146484
107 -4.8898876190185545
108 -4.8711189270019535
109 -4.873516845703125
110 -4.874154663085937
111 -4.885936737060547
112 -4.904039764404297
113 -4.886112213134766
114 -4.8923194885253904
115 -4.8799591064453125
116 -4.891947937011719
117 -4.871723937988281
118 -4.872768402099609
119 -4.888679122924804
120 -4.889215469360352
121 -4.877410888671875
122 -4.867169952392578
123 -4.8661354064941404
124 -4.88546142578125
125 -4.88348503112793
126 -4.886756515502929
127 -4.883444976806641
128 -4.8866729736328125
129 -4.870816802978515
130 -4.884921264648438
131 -4.8856159210205075
132 -4.879690933227539
133 -4.902304840087891
134 -4.890494918823242
135 -4.911536407470703
136 -4.87796630859375
137 -4.909608840942383
138 -4.921651840209961
139 -4.886025238037109
140 -4.892271041870117
141 -4.884712982177734
142 -4.937671661376953
143 -4.889350509643554
144 -4.86771240234375
145 -4.887294769287109
146 -4.871640396118164
147 -4.874458694458008
148 -4.878175354003906
149 -4.879819107055664
150 -4.883909606933594
151 -4.8896228790283205
152 -4.887221908569336
153 -4.893557357788086
154 -4.873178482055664
155 -4.896877670288086
156 -4.886516189575195
157 -4.868564224243164
158 -4.912376022338867
159 -4.884773635864258
160 -4.899208831787109
161 -4.871421051025391
162 -4.885197448730469
163 -4.8793495178222654
164 -4.920566558837891
165 -4.9044189453125
166 -4.88873519897461
167 -4.893503189086914
168 -4.867198944091797
169 -4.884555816650391
170 -4.875222015380859
171 -4.884209823608399
172 -4.8826038360595705
173 -4.901235961914063
174 -4.913423538208008
175 -4.87219009399414
176 -4.875072860717774
177 -4.888148498535156
178 -4.906456756591797
179 -4.901366424560547
180 -4.87957649230957
181 -4.908529663085938
182 -4.879862213134766
183 -4.8976593017578125
184 -4.882303237915039
185 -4.880528259277344
186 -4.938621902465821
187 -4.8662464141845705
188 -4.882993698120117
189 -4.886720275878906
190 -4.880290222167969
191 -4.882056427001953
192 -4.924828338623047
193 -4.874137496948242
194 -4.906658554077149
195 -4.894911193847657
196 -4.90538330078125
197 -4.906739044189453
198 -4.890327835083008
199 -4.881915664672851
