0 -4.892371749877929
1 -4.892713928222657
2 -4.893969345092773
3 -4.892410659790039
4 -4.885489654541016
5 -4.880382537841797
6 -4.886587524414063
7 -4.897747421264649
8 -4.884235382080078
9 -4.8736114501953125
10 -4.897976303100586
11 -4.897956466674804
12 -4.889896011352539
13 -4.899240493774414
14 -4.885926055908203
15 -4.898932647705078
16 -4.882561492919922
17 -4.882404327392578
18 -4.8937633514404295
19 -4.895514297485351
20 -4.8871315002441404
21 -4.935735702514648
22 -4.9392333984375
23 -4.9195304870605465
24 -4.879905700683594
25 -4.8972320556640625
26 -4.876262664794922
27 -4.934062576293945
28 -4.877353668212891
29 -4.8742210388183596
30 -4.885659027099609
31 -4.875914764404297
32 -4.881922912597656
33 -4.872168350219726
34 -4.894500732421875
35 -4.907310104370117
36 -4.903678512573242
37 -4.877535629272461
38 -4.886422348022461
39 -4.917547988891601
40 -4.899030685424805
41 -4.885170745849609
42 -4.899833679199219
43 -4.860873031616211
44 -4.903158950805664
45 -4.873727416992187
46 -4.89507827758789
47 -4.894173812866211
48 -4.8868858337402346
49 -4.866171264648438
50 -4.908797836303711
51 -4.872895050048828
52 -4.897588729858398
53 -4.891408538818359
54 -4.908685684204102
55 -4.8811592102050785
56 -4.891572952270508
57 -4.870394515991211
58 -4.873142242431641
59 -4.88681640625
60 -4.88037338256836
61 -4.895449829101563
62 -4.867766952514648
63 -4.88775749206543
64 -4.883250045776367
65 -4.913613510131836
66 -4.8963165283203125
67 -4.894668960571289
68 -4.882198333740234
69 -4.891944122314453
70 -4.897732925415039
71 -4.894157791137696
72 -4.885440826416016
73 -4.901673889160156
74 -4.867926406860351
75 -4.885734176635742
76 -4.886377334594727
77 -4.862668991088867
78 -4.905873870849609
79 -4.899520492553711
80 -4.893075942993164
81 -4.875702667236328
82 -4.911352920532226
83 -4.890272521972657
84 -4.914028930664062
85 -4.90098762512207
86 -4.888053512573242
87 -4.891127395629883
88 -4.902160263061523
89 -4.889749908447266
90 -4.911334228515625
91 -4.93359489440918
92 -4.908364486694336
93 -4.885536193847656
94 -4.9048408508300785
95 -4.880678939819336
96 -4.888761138916015
97 -4.86876106262207
98 -4.865935134887695
99 -4.881979751586914
100 -4.892882919311523
101 -4.878707504272461
102 -4.892662811279297
103 -4.8935791015625
104 -4.875597763061523
105 -4.891857147216797
106 -4.911919403076172
107 -4.8902587890625
108 -4.905826187133789
109 -4.875465393066406
110 -4.867167663574219
111 -4.892404556274414
112 -4.910921859741211
113 -4.904913330078125
114 -4.906503677368164
115 -4.872130966186523
116 -4.889480972290039
117 -4.939094543457031
118 -4.903044891357422
119 -4.901234436035156
120 -4.881025695800782
121 -4.890032577514648
122 -4.876983642578125
123 -4.914052200317383
124 -4.901569366455078
125 -4.902473831176758
126 -4.877939605712891
127 -4.911484146118164
128 -4.876676940917969
129 -4.9161376953125
130 -4.896474075317383
131 -4.882731246948242
132 -4.900879669189453
133 -4.876748657226562
134 -4.881283187866211
135 -4.894747161865235
136 -4.889570999145508
137 -4.882366180419922
138 -4.8818317413330075
139 -4.886869812011719
140 -4.912806701660156
141 -4.892625045776367
142 -4.895225524902344
143 -4.8820137023925785
144 -4.876503753662109
145 -4.908568572998047
146 -4.869214630126953
147 -4.876805114746094
148 -4.875705718994141
149 -4.896786880493164
150 -4.882164764404297
151 -4.894950103759766
152 -4.876414489746094
153 -4.900737762451172
154 -4.889858627319336
155 -4.91349983215332
156 -4.914147567749024
157 -4.867034149169922
158 -4.897857284545898
159 -4.896824645996094
160 -4.894277572631836
161 -4.893449401855468
162 -4.90748405456543
163 -4.894324493408203
164 -4.875144577026367
165 -4.923470687866211
166 -4.912421035766601
167 -4.90186882019043
168 -4.900611877441406
169 -4.902243804931641
170 -4.894386291503906
171 -4.900614547729492
172 -4.891094207763672
173 -4.908406066894531
174 -4.876385879516602
175 -4.869625473022461
176 -4.888676452636719
177 -4.939900588989258
178 -4.873465728759766
179 -4.884017562866211
180 -4.881379699707031
181 -4.886985778808594
182 -4.8778736114501955
183 -4.926348114013672
184 -4.8824726104736325
185 -4.879624557495117
186 -4.8989002227783205
187 -4.879523849487304
188 -4.903970718383789
189 -4.902916336059571
190 -4.886096954345703
191 -4.8866325378417965
192 -4.904378890991211
193 -4.898558807373047
194 -4.875339508056641
195 -4.872895812988281
196 -4.905134201049805
197 -4.886091995239258
198 -4.884415817260742
199 -4.887173080444336
