0 -4.622377014160156
1 -4.588809967041016
2 -4.648663711547852
3 -4.671936798095703
4 -4.6439697265625
5 -4.613243484497071
6 -4.643223571777344
7 -4.627421951293945
8 -4.656226730346679
9 -4.622659683227539
10 -4.668479156494141
11 -4.702302169799805
12 -4.668379592895508
13 -4.598847961425781
14 -4.665578842163086
15 -4.680354309082031
16 -4.655314254760742
17 -4.630391693115234
18 -4.640064239501953
19 -4.679017639160156
20 -4.634325790405273
21 -4.689107513427734
22 -4.647451400756836
23 -4.651937866210938
24 -4.621939468383789
25 -4.610005950927734
26 -4.593526458740234
27 -4.6425422668457035
28 -4.6370491027832035
29 -4.6752666473388675
30 -4.6445270538330075
31 -4.625241470336914
32 -4.631764984130859
33 -4.6146503448486325
34 -4.706907653808594
35 -4.664506912231445
36 -4.647085571289063
37 -4.674614715576172
38 -4.626140594482422
39 -4.627607727050782
40 -4.712363815307617
41 -4.62340087890625
42 -4.65990982055664
43 -4.630290603637695
44 -4.628434753417968
45 -4.6279560089111325
46 -4.601611709594726
47 -4.617290878295899
48 -4.597888565063476
49 -4.659269714355469
50 -4.611898040771484
51 -4.615221405029297
52 -4.621736526489258
53 -4.589363861083984
54 -4.655473327636718
55 -4.663145446777344
56 -4.649997711181641
57 -4.604068756103516
58 -4.656887435913086
59 -4.668084716796875
60 -4.6513511657714846
61 -4.61944351196289
62 -4.636695480346679
63 -4.666125869750976
64 -4.628532409667969
65 -4.660243988037109
66 -4.6720935821533205
67 -4.668624496459961
68 -4.6329387664794925
69 -4.657001495361328
70 -4.611432647705078
71 -4.698846054077149
72 -4.590904998779297
73 -4.636632919311523
74 -4.639486312866211
75 -4.642469024658203
76 -4.580775451660156
77 -4.695872116088867
78 -4.613974380493164
79 -4.634420394897461
80 -4.620132827758789
81 -4.681913757324219
82 -4.629391860961914
83 -4.637795257568359
84 -4.739007186889649
85 -4.625543594360352
86 -4.65730094909668
87 -4.671490097045899
88 -4.643800354003906
89 -4.670677947998047
90 -4.659256362915039
91 -4.5616455078125
92 -4.714052963256836
93 -4.661036682128906
94 -4.6900390625
95 -4.675626754760742
96 -4.645185470581055
97 -4.632901763916015
98 -4.627064514160156
99 -4.65177001953125
100 -4.7045234680175785
101 -4.6645042419433596
102 -4.611427307128906
103 -4.662585830688476
104 -4.660552597045898
105 -4.650374221801758
106 -4.6489112854003904
107 -4.624846267700195
108 -4.661339569091797
109 -4.643207550048828
110 -4.587842559814453
111 -4.619121932983399
112 -4.679001235961914
113 -4.585225677490234
114 -4.7068737030029295
115 -4.652005004882812
116 -4.657101821899414
117 -4.641506195068359
118 -4.637329864501953
119 -4.718068313598633
120 -4.627268981933594
121 -4.650048065185547
122 -4.677654266357422
123 -4.695681381225586
124 -4.61829948425293
125 -4.641497421264648
126 -4.582143020629883
127 -4.632888412475586
128 -4.626318740844726
129 -4.669668197631836
130 -4.694675064086914
131 -4.64005126953125
132 -4.617447280883789
133 -4.643115615844726
134 -4.670267105102539
135 -4.628914260864258
136 -4.639638137817383
137 -4.65367431640625
138 -4.626307678222656
139 -4.643912506103516
140 -4.642752838134766
141 -4.651664352416992
142 -4.6479331970214846
143 -4.588913345336914
144 -4.5748950958251955
145 -4.6693073272705075
146 -4.62476692199707
147 -4.645658493041992
148 -4.7270362854003904
149 -4.639453125
150 -4.615994262695312
151 -4.602882003784179
152 -4.650357437133789
153 -4.679303741455078
154 -4.645774459838867
155 -4.644532012939453
156 -4.629671859741211
157 -4.639518737792969
158 -4.647946166992187
159 -4.695531845092773
160 -4.669195938110351
161 -4.638323593139648
162 -4.657972717285157
163 -4.646892166137695
164 -4.633791732788086
165 -4.667025375366211
166 -4.607654190063476
167 -4.6473854064941404
168 -4.685255813598633
169 -4.7085929870605465
170 -4.630500411987304
171 -4.650338745117187
172 -4.69239501953125
173 -4.668859481811523
174 -4.668560409545899
175 -4.657945251464843
176 -4.660673141479492
177 -4.668288040161133
178 -4.625508117675781
179 -4.663152694702148
180 -4.664220809936523
181 -4.694993591308593
182 -4.660014724731445
183 -4.704602432250977
184 -4.588368606567383
185 -4.627361297607422
186 -4.6430408477783205
187 -4.664569091796875
188 -4.621369552612305
189 -4.636993026733398
190 -4.61375846862793
191 -4.67201042175293
192 -4.620501327514648
193 -4.660935974121093
194 -4.5380706787109375
195 -4.642374420166016
196 -4.6946563720703125
197 -4.6388916015625
198 -4.606150817871094
199 -4.649152374267578
