0 -4.453202819824218
1 -4.504172134399414
2 -4.6408546447753904
3 -4.63459587097168
4 -4.516173934936523
5 -4.410512161254883
6 -4.46300163269043
7 -4.431527709960937
8 -4.49969711303711
9 -4.420805740356445
10 -4.448611450195313
11 -4.494855117797852
12 -4.481899261474609
13 -4.3776897430419925
14 -4.401117324829102
15 -4.39771842956543
16 -4.445943450927734
17 -4.453267288208008
18 -4.384496688842773
19 -4.586454391479492
20 -4.469540023803711
21 -4.387693786621094
22 -4.513351058959961
23 -4.444543838500977
24 -4.505443572998047
25 -4.516176986694336
26 -4.416852951049805
27 -4.47453498840332
28 -4.559367370605469
29 -4.396646499633789
30 -4.580905914306641
31 -4.507269668579101
32 -4.5136566162109375
33 -4.45918083190918
34 -4.515206909179687
35 -4.500501251220703
36 -4.404730606079101
37 -4.470790863037109
38 -4.483791351318359
39 -4.404285049438476
40 -4.394823837280273
41 -4.490650177001953
42 -4.474962615966797
43 -4.441206359863282
44 -4.408433151245117
45 -4.515719604492188
46 -4.5389141082763675
47 -4.490047454833984
48 -4.468499755859375
49 -4.524095153808593
50 -4.5234222412109375
51 -4.376375579833985
52 -4.411101913452148
53 -4.50413703918457
54 -4.383007431030274
55 -4.448178482055664
56 -4.4815418243408205
57 -4.369570541381836
58 -4.369534301757812
59 -4.5478675842285154
60 -4.416166687011719
61 -4.479610824584961
62 -4.451063537597657
63 -4.44030532836914
64 -4.497214126586914
65 -4.4202110290527346
66 -4.5455974578857425
67 -4.487796020507813
68 -4.369594955444336
69 -4.456621932983398
70 -4.389879989624023
71 -4.4011962890625
72 -4.438508605957031
73 -4.507590103149414
74 -4.4116260528564455
75 -4.422320556640625
76 -4.511064529418945
77 -4.627801513671875
78 -4.386912536621094
79 -4.49513053894043
80 -4.504476928710938
81 -4.472342681884766
82 -4.599071502685547
83 -4.461201858520508
84 -4.400399780273437
85 -4.559006118774414
86 -4.433550643920898
87 -4.3803668975830075
88 -4.529462814331055
89 -4.557731246948242
90 -4.378111267089844
91 -4.4428760528564455
92 -4.59844970703125
93 -4.469930648803711
94 -4.501279830932617
95 -4.423347854614258
96 -4.4697105407714846
97 -4.463986206054687
98 -4.523093032836914
99 -4.462126541137695
100 -4.473728942871094
101 -4.391287994384766
102 -4.543589782714844
103 -4.436207962036133
104 -4.419996643066407
105 -4.3694000244140625
106 -4.510407257080078
107 -4.377021789550781
108 -4.602657318115234
109 -4.332642364501953
110 -4.431227111816407
111 -4.359136581420898
112 -4.491495132446289
113 -4.407060623168945
114 -4.533096694946289
115 -4.465452194213867
116 -4.427890014648438
117 -4.4576770782470705
118 -4.590351867675781
119 -4.3997650146484375
120 -4.4159893035888675
121 -4.322970962524414
122 -4.441549682617188
123 -4.460046005249024
124 -4.3837230682373045
125 -4.460969924926758
126 -4.409426879882813
127 -4.40191650390625
128 -4.454932785034179
129 -4.364422225952149
130 -4.508897399902343
131 -4.539888763427735
132 -4.504233169555664
133 -4.659821701049805
134 -4.386347961425781
135 -4.441254043579102
136 -4.388945388793945
137 -4.397981262207031
138 -4.44323501586914
139 -4.462754440307617
140 -4.460346603393555
141 -4.348915481567383
142 -4.445657730102539
143 -4.484442901611328
144 -4.469877243041992
145 -4.452066040039062
146 -4.468696594238281
147 -4.48945198059082
148 -4.522359848022461
149 -4.493000793457031
150 -4.53687629699707
151 -4.409241104125977
152 -4.443413543701172
153 -4.454759216308593
154 -4.507298278808594
155 -4.474824905395508
156 -4.510904312133789
157 -4.479224395751953
158 -4.563150787353516
159 -4.553173065185547
160 -4.525261306762696
161 -4.415293121337891
162 -4.534302139282227
163 -4.438970947265625
164 -4.417642211914062
165 -4.469867706298828
166 -4.509925079345703
167 -4.462126922607422
168 -4.407186889648438
169 -4.497385406494141
170 -4.480976486206055
171 -4.482896041870117
172 -4.507286834716797
173 -4.495151138305664
174 -4.455961990356445
175 -4.346749114990234
176 -4.566693496704102
177 -4.521957778930664
178 -4.478157424926758
179 -4.460347366333008
180 -4.565155410766602
181 -4.410587310791016
182 -4.450661468505859
183 -4.544831848144531
184 -4.515465545654297
185 -4.400769424438477
186 -4.429144287109375
187 -4.470453262329102
188 -4.447067642211914
189 -4.495766448974609
190 -4.3717506408691404
191 -4.4245960235595705
192 -4.471554565429687
193 -4.4578601837158205
194 -4.424975204467773
195 -4.444546890258789
196 -4.557712554931641
197 -4.518783187866211
198 -4.343213653564453
199 -4.420653915405273
